1387384168263 600452282606985 2879893000000 1.379060 0.000000 9.959879
1387384168361 600452380934622 2880003000000 0.766145 -0.153229 9.653421
1387384168473 600452492598440 2880113000000 1.072602 -0.306458 9.959879
1387384168585 600452605086233 2880223000000 0.919373 -0.153229 10.113108
1387384168697 600452716627981 2880333000000 1.225831 -3.217807 10.266337
1387384168809 600452829451467 2880443000000 1.685518 -6.129157 9.653421
1387384168920 600452940352346 2880553000000 1.685518 -3.064578 10.113108
1387384169032 600453051588918 2880663000000 2.298434 0.612916 10.879252
1387384169143 600453162917043 2880773000000 0.612916 4.750096 8.427590
1387384169256 600453275893118 2880883000000 1.225831 2.298434 5.822699
1387384169342 600453362044241 2880993000000 2.604892 0.612916 4.903325
1387384169460 600453479597952 2881103000000 6.742072 0.766145 6.282385
1387384169580 600453599715139 2881213000000 9.040505 0.153229 8.427590
1387384169677 600453696791555 2881323000000 11.492168 -0.459687 11.032481
1387384169789 600453809309866 2881433000000 9.806650 -0.153229 9.500193
1387384169912 600453932143118 2881543000000 9.193734 -0.919373 5.669470
1387384170025 600454044905569 2881653000000 9.193734 -1.072602 4.903325
1387384170111 600454131239797 2881763000000 8.734048 -0.766145 4.903325
1387384170223 600454242964651 2881873000000 6.895301 -1.685518 4.596867
1387384170333 600454353499319 2881983000000 9.040505 -0.766145 5.975927
1387384170457 600454477278616 2882093000000 9.346964 -1.072602 4.903325
