1387384205959 600489978865530 2917593000000 0.306458 -0.459687 9.806650
1387384206070 600490090559866 2917703000000 0.153229 -0.459687 9.806650
1387384206182 600490201765920 2917813000000 -0.153229 -1.379060 10.113108
1387384206293 600490312697317 2917923000000 0.306458 -4.137181 10.266337
1387384206404 600490423842336 2918033000000 0.459687 -6.282385 9.653421
1387384206493 600490512617971 2918143000000 1.991976 -1.685518 10.726024
1387384206620 600490640089895 2918253000000 2.145205 0.919373 10.572795
1387384206736 600490756331350 2918363000000 1.072602 3.064578 9.346964
1387384206823 600490842665579 2918473000000 0.306458 3.217807 7.814674
1387384206934 600490954207327 2918583000000 0.919373 1.072602 5.669470
1387384207046 600491065688040 2918693000000 3.677494 0.000000 5.209783
1387384207157 600491176863577 2918803000000 7.048530 -1.532289 7.048530
1387384207281 600491301161672 2918913000000 10.266337 -0.919373 11.032481
1387384207393 600491413100149 2919023000000 11.185710 -1.838747 10.419566
1387384207504 600491524123098 2919133000000 9.500193 -0.766145 8.121132
1387384207615 600491635390188 2919243000000 9.500193 -2.298434 4.137181
1387384207702 600491722517874 2919353000000 9.040505 -1.991976 4.137181
1387384207814 600491834212209 2919463000000 9.193734 -1.532289 4.137181
1387384207936 600491955611135 2919573000000 8.887277 -0.306458 3.064578
1387384208047 600492066725637 2919683000000 10.113108 -2.604892 5.209783
1387384208166 600492186507131 2919793000000 8.427590 -2.604892 3.830723
1387384208252 600492271773245 2919903000000 8.734048 -1.991976 3.524265
