1387456954332 659175025832883 662700000000 -4.596867 0.612916 8.580819
1387456954454 659175148208371 662810000000 -5.669470 -3.677494 6.588843
1387456954565 659175259383907 662920000000 -5.209783 -6.588843 4.750096
1387456954670 659175364761104 663030000000 -1.532289 -0.459687 8.580819
1387456954777 659175470901242 663140000000 0.766145 3.524265 11.032481
1387456954879 659175573074095 663250000000 0.459687 5.056554 11.492168
1387456955001 659175695632688 663360000000 0.612916 -0.306458 10.266337
1387456955099 659175793655148 663470000000 0.612916 -7.508216 7.967903
1387456955213 659175907058468 663580000000 0.612916 -11.032481 6.742072
1387456955324 659176018661251 663690000000 1.072602 -10.726024 7.201759
1387456955453 659176146957149 663800000000 5.516241 -6.588843 8.887277
1387456955541 659176235397092 663910000000 7.354988 -0.612916 10.113108
1387456955694 659176388320676 664020000000 5.056554 -1.379060 9.193734
1387456955766 659176460433713 664130000000 3.371036 -5.822699 9.040505
1387456955864 659176558425655 664240000000 3.830723 -4.596867 8.121132
1387456955973 659176666946163 664350000000 3.983952 -4.290410 8.121132
1387456956096 659176790725460 664460000000 4.137181 -4.596867 8.121132
1387456956197 659176890914671 664570000000 3.830723 -4.596867 7.814674
1387456956334 659177028213254 664680000000 3.524265 -5.209783 7.508216
