1384250399580 99640142594154 2403881000000 -5.363012 6.282385 5.056554
1384250399696 99640258164222 2403991000000 -5.516241 6.588843 4.443638
1384250399806 99640368881995 2404101000000 -3.371036 9.346964 3.064578
1384250399918 99640480606849 2404211000000 -2.451663 9.346964 1.685518
1384250400029 99640591660316 2404321000000 -2.145205 6.742072 1.991976
1384250400140 99640702317054 2404431000000 -1.991976 1.685518 5.209783
1384250400252 99640814652259 2404541000000 -1.532289 -5.516241 7.508216
1384250400352 99640914688880 2404651000000 -0.306458 -6.282385 11.645397
1384250400464 99641025955970 2404761000000 6.282385 -2.145205 11.798626
1384250400574 99641136612708 2404871000000 10.572795 2.758120 9.653421
1384250400686 99641248123939 2404981000000 12.258313 7.201759 8.580819
1384250400797 99641359787757 2405091000000 11.645397 3.371036 7.354988
1384250400908 99641470047767 2405201000000 11.032481 -4.903325 7.661446
1384250401019 99641581894691 2405311000000 8.734048 -5.209783 5.822699
1384250401131 99641693070228 2405421000000 9.040505 -2.604892 4.443638
1384250401242 99641804398353 2405531000000 9.040505 -0.306458 5.363012
1384250401353 99641915665443 2405641000000 8.121132 -2.911349 6.129157
1384250401440 99642002060706 2405751000000 8.580819 -2.758120 4.290410
1384250401551 99642113266761 2405861000000 8.887277 -2.145205 5.056554
1384250401684 99642245987708 2405971000000 9.040505 -1.838747 4.750096
1384250401793 99642355606849 2406081000000 8.887277 -2.604892 4.903325
1384250401904 99642466568763 2406191000000 8.734048 -2.145205 4.596867
1384250401991 99642553116614 2406301000000 8.734048 -1.532289 4.750096
