1384250423100 99663662918860 2427391000000 -6.129157 6.895301 4.290410
1384250423213 99663775803382 2427501000000 -6.895301 5.822699 4.903325
1384250423325 99663887345130 2427611000000 -3.983952 7.201759 5.056554
1384250423429 99663991623694 2427721000000 -4.290410 6.129157 0.612916
1384250423541 99664103043372 2427831000000 -3.677494 -2.298434 2.451663
1384250423652 99664213974769 2427941000000 -1.379060 -7.508216 7.967903
1384250423763 99664325333411 2428051000000 1.379060 -4.443638 11.645397
1384250423874 99664436600501 2428161000000 7.201759 -1.991976 13.330915
1384250423960 99664522660071 2428271000000 10.113108 1.532289 12.871228
1384250424073 99664635269935 2428381000000 9.653421 4.903325 7.967903
1384250424184 99664746567542 2428491000000 9.653421 2.604892 6.129157
1384250424294 99664856735999 2428601000000 10.419566 -3.983952 5.822699
1384250424406 99664968552405 2428711000000 10.113108 -5.822699 7.354988
1384250424518 99665080490882 2428821000000 9.346964 -4.596867 5.516241
1384250424630 99665192032630 2428931000000 9.346964 -1.838747 3.830723
1384250424733 99665295731360 2429041000000 8.274362 -2.911349 4.903325
1384250424844 99665406327064 2429151000000 8.734048 -1.685518 5.516241
