1387360410738 576694757765676 268191000000 1.991976 -1.379060 9.806650
1387360410841 576694861281301 268301000000 1.532289 -0.766145 9.806650
1387360410951 576694971449758 268411000000 3.371036 0.766145 10.572795
1387360411062 576695081770803 268521000000 3.524265 3.064578 10.419566
1387360411173 576695193007375 268631000000 5.209783 1.685518 10.726024
1387360411284 576695304182912 268741000000 5.056554 -0.766145 9.653421
1387360411395 576695415541555 268851000000 3.830723 -4.290410 9.806650
1387360411510 576695530409719 268961000000 1.685518 -4.137181 8.887277
1387360411622 576695641737844 269071000000 1.379060 -3.064578 9.040505
1387360411733 576695752974417 269181000000 0.766145 -1.379060 10.113108
1387360411843 576695863112356 269291000000 0.459687 -1.379060 10.113108
1387360411941 576695960616018 269401000000 0.306458 -1.838747 9.959879
1387360412052 576696072188284 269511000000 0.766145 -1.991976 10.572795
1387360412155 576696174910452 269621000000 0.612916 -1.379060 9.040505
1387360412289 576696308607961 269731000000 0.919373 -0.459687 9.653421
1387360412372 576696392500784 269841000000 1.379060 -1.072602 10.572795
1387360412485 576696504988577 269951000000 2.911349 -3.064578 9.346964
1387360412595 576696615523245 270061000000 0.919373 -1.072602 9.806650
