1384356264132 146692534958737 1970974000000 -3.217807 -0.459687 9.193734
1384356264271 146692674210446 1971084000000 -3.371036 -0.306458 9.040505
1384356264369 146692771653073 1971194000000 -3.371036 0.459687 9.653421
1384356264480 146692882981198 1971304000000 -3.217807 -3.677494 9.959879
1384356264591 146692994339841 1971414000000 -2.298434 -7.967903 9.500193
1384356264702 146693105179685 1971524000000 -0.612916 -5.056554 7.508216
1384356264800 146693202835935 1971634000000 0.306458 0.000000 5.975927
1384356264923 146693325852292 1971744000000 2.604892 4.750096 4.750096
1384356265025 146693428177731 1971854000000 4.750096 11.032481 6.588843
1384356265141 146693544114011 1971964000000 4.903325 9.806650 8.427590
1384356265233 146693636093991 1972074000000 4.596867 -1.379060 9.653421
1384356265357 146693760392087 1972184000000 4.137181 -9.653421 8.580819
1384356265470 146693873551266 1972294000000 5.209783 -9.500193 7.814674
1384356265565 146693968491452 1972404000000 9.806650 -8.121132 9.653421
1384356265677 146694080185788 1972514000000 12.564771 -3.217807 9.806650
1384356265789 146694192185300 1972624000000 12.258313 -0.459687 6.742072
1384356265901 146694304367917 1972734000000 8.427590 0.612916 5.363012
1384356266012 146694414902585 1972844000000 5.975927 -1.685518 5.822699
1384356266124 146694526841061 1972954000000 5.363012 -2.911349 7.354988
1384356266235 146694638047116 1973064000000 4.903325 -3.217807 8.427590
1384356266346 146694749558346 1973174000000 5.363012 -3.064578 8.427590
1384356266462 146694865525143 1973284000000 5.363012 -2.298434 8.274362
