1384356268635 146697038407223 1975464000000 -2.911349 0.459687 9.193734
1384356268747 146697150528806 1975574000000 -2.911349 1.225831 9.193734
1384356268858 146697261551755 1975684000000 -3.677494 1.379060 10.113108
1384356268970 146697372971432 1975794000000 -3.524265 -4.443638 10.419566
1384356269081 146697484330075 1975904000000 -2.758120 -4.290410 9.040505
1384356269194 146697596756833 1976014000000 -0.919373 -1.072602 3.524265
1384356269306 146697708756345 1976124000000 -1.532289 5.975927 2.145205
1384356269431 146697834092038 1976234000000 -0.153229 10.113108 4.443638
1384356269505 146697907975095 1976344000000 2.451663 9.653421 8.274362
1384356269630 146698032791989 1976454000000 3.064578 0.153229 9.346964
1384356269740 146698143082517 1976564000000 2.911349 -8.427590 11.798626
1384356269838 146698241349118 1976674000000 3.677494 -11.492168 10.113108
1384356269950 146698353501218 1976784000000 7.354988 -8.580819 9.193734
1384356270068 146698471329587 1976894000000 8.887277 -0.919373 6.282385
1384356270161 146698563614743 1977004000000 9.040505 1.838747 9.040505
1384356270285 146698687668698 1977114000000 7.201759 1.379060 11.338940
1384356270405 146698808457272 1977224000000 5.822699 -1.532289 8.580819
1384356270490 146698893051999 1977334000000 5.975927 -2.758120 7.661446
1384356270607 146699010514157 1977444000000 5.975927 -1.685518 8.121132
1384356270714 146699117508786 1977554000000 5.975927 -2.145205 8.121132
1384356270838 146699241013425 1977664000000 6.588843 -1.991976 7.814674
