1384250038990 99279552750403 2043151000000 9.040505 -2.298434 3.524265
1384250039100 99279662918860 2043261000000 9.346964 -2.298434 3.677494
1384250039212 99279774704749 2043371000000 9.193734 -2.298434 3.830723
1384250039318 99279880692298 2043481000000 10.266337 -3.677494 13.330915
1384250039429 99279991043860 2043591000000 16.395493 -9.346964 19.306843
1384250039540 99280102829749 2043701000000 16.089035 -9.806650 4.290410
1384250039652 99280214554603 2043811000000 5.056554 -2.604892 -0.612916
1384250039763 99280325852210 2043921000000 -0.306458 0.153229 -0.612916
1384250039875 99280437210853 2044031000000 -2.604892 -1.225831 -4.443638
1384250039986 99280548722083 2044141000000 1.379060 -2.145205 -3.983952
1384250040071 99280633591468 2044251000000 12.258313 -6.435614 0.919373
1384250040207 99280769242103 2044361000000 23.903709 -9.806650 15.322891
1384250040293 99280855240638 2044471000000 19.153614 -2.758120 21.298819
1384250040406 99280968308265 2044581000000 7.048530 0.000000 3.064578
1384250040517 99281079026038 2044691000000 1.685518 -2.911349 3.217807
1384250040623 99281185196692 2044801000000 11.185710 -5.363012 0.919373
1384250040734 99281296372230 2044911000000 8.274362 -5.669470 1.685518
1384250040846 99281408005530 2045021000000 8.580819 -7.201759 4.137181
