1384250048196 99288758103187 2052361000000 9.500193 -2.145205 3.064578
1384250048304 99288866623694 2052471000000 9.346964 -1.685518 3.677494
1384250048416 99288978012855 2052581000000 11.951855 -1.379060 8.580819
1384250048527 99289089157874 2052691000000 20.839132 -11.492168 24.056938
1384250048640 99289202133948 2052801000000 19.460072 -13.177687 1.532289
1384250048750 99289312149818 2052911000000 6.742072 -0.919373 -3.524265
1384250048863 99289425461585 2053021000000 -0.153229 0.000000 -5.822699
1384250048974 99289536698157 2053131000000 -2.758120 0.000000 -5.669470
1384250049085 99289647538001 2053241000000 3.524265 -3.677494 -1.532289
1384250049172 99289734177405 2053351000000 17.468096 -11.798626 5.056554
1384250049283 99289845352943 2053461000000 27.581203 -7.814674 17.161638
1384250049394 99289956375892 2053571000000 11.798626 -1.685518 8.734048
1384250049506 99290068100745 2053681000000 8.580819 -5.516241 2.298434
1384250049615 99290177841956 2053791000000 9.806650 -5.056554 1.838747
1384250049727 99290289139564 2053901000000 8.580819 -4.596867 2.298434
1384250049837 99290399277503 2054011000000 7.967903 -6.742072 3.677494
