1385109306955 89381408563090 96762000000 -1.532289 2.145205 9.806650
1385109307068 89381521569681 96872000000 -0.919373 2.145205 10.266337
1385109307178 89381631738138 96982000000 -0.612916 2.758120 10.266337
1385109307292 89381745568705 97092000000 3.524265 5.822699 10.572795
1385109307384 89381837884379 97202000000 3.830723 6.282385 11.185710
1385109307497 89381950890970 97312000000 2.298434 0.766145 11.185710
1385109307613 89382066247416 97422000000 -2.604892 -3.983952 9.653421
1385109307727 89382180901957 97532000000 -4.750096 -2.145205 6.588843
1385109307851 89382304070902 97642000000 -3.371036 0.000000 4.903325
1385109307940 89382393395853 97752000000 -1.379060 0.612916 1.532289
1385109308048 89382501733256 97862000000 3.064578 -4.290410 1.532289
1385109308165 89382618646097 97972000000 13.790602 -6.282385 10.572795
1385109308277 89382730767679 98082000000 20.685904 -4.443638 17.008410
1385109308394 89382847344828 98192000000 9.653421 -1.991976 9.193734
1385109308483 89382936486673 98302000000 10.113108 -3.217807 4.443638
1385109308598 89383051324320 98412000000 9.040505 -1.991976 2.758120
1385109308710 89383163110209 98522000000 9.346964 -1.532289 3.371036
1385109308826 89383279351664 98632000000 8.427590 -2.298434 3.983952
1385109308931 89383384454203 98742000000 9.346964 -2.298434 4.443638
1385109309048 89383501122904 98852000000 8.887277 -2.298434 3.983952
1385109309154 89383607354593 98962000000 9.346964 -2.451663 3.983952
1385109309267 89383720849467 99072000000 9.346964 -3.830723 3.064578
1385109309384 89383837060404 99182000000 7.354988 -2.604892 4.443638
