1387360892066 577176086592581 749561000000 8.427590 -2.298434 5.056554
1387360892171 577176191420461 749671000000 8.580819 -2.604892 5.516241
1387360892322 577176341963674 749781000000 8.580819 -4.903325 6.129157
1387360892409 577176428847219 749891000000 8.427590 -4.290410 11.798626
1387360892506 577176526259329 750001000000 11.032481 -4.596867 14.250289
1387360892618 577176637617971 750111000000 10.113108 -2.451663 11.492168
1387360892736 577176756239797 750221000000 6.588843 0.766145 8.887277
1387360892848 577176867567922 750331000000 3.064578 3.064578 6.282385
1387360892959 577176978804495 750441000000 -0.459687 2.145205 3.064578
1387360893069 577177089400198 750551000000 -3.217807 1.379060 1.379060
1387360893171 577177190688040 750661000000 -2.451663 -0.612916 2.298434
1387360893282 577177301863577 750771000000 -0.612916 -3.677494 4.443638
1387360893394 577177413771536 750881000000 0.612916 -8.580819 6.895301
1387360893491 577177510664846 750991000000 8.887277 -9.346964 9.959879
1387360893624 577177643690969 751101000000 11.338940 -4.903325 11.338940
1387360893710 577177730086233 751211000000 11.798626 -1.379060 8.734048
1387360893821 577177841139700 751321000000 11.338940 2.911349 7.508216
1387360893932 577177951826955 751431000000 9.193734 0.000000 4.596867
1387360894044 577178063856985 751541000000 8.427590 -1.991976 3.983952
1387360894156 577178175612356 751651000000 8.887277 -1.225831 5.056554
1387360894277 577178297530081 751761000000 8.887277 -2.911349 4.596867
1387360894389 577178408797170 751871000000 7.508216 -6.129157 2.298434
1387360894482 577178501936819 751981000000 9.040505 -2.298434 5.056554
1387360894609 577178628920461 752091000000 9.040505 -2.145205 4.750096
1387360894720 577178740431692 752201000000 8.887277 -0.919373 4.596867
