1387360895866 577179885725881 753361000000 8.734048 -3.064578 4.596867
1387360895991 577180010695364 753471000000 9.500193 -3.064578 7.508216
1387360896092 577180111922170 753581000000 9.500193 -2.604892 11.798626
1387360896205 577180225539114 753691000000 9.653421 -2.604892 12.258313
1387360896317 577180336775686 753801000000 7.048530 -0.766145 10.419566
1387360896427 577180447554495 753911000000 5.209783 1.379060 9.346964
1387360896539 577180559370901 754021000000 2.145205 1.072602 7.048530
1387360896651 577180670699026 754131000000 -1.532289 4.137181 5.516241
1387360896737 577180756697561 754241000000 -2.911349 3.983952 3.524265
1387360896872 577180892409231 754351000000 -3.830723 1.838747 2.604892
1387360896959 577180978835012 754461000000 -2.758120 -0.306458 3.371036
1387360897070 577181090590383 754571000000 -1.532289 -2.911349 5.516241
1387360897181 577181201308157 754681000000 1.379060 -6.742072 5.975927
1387360897293 577181312971975 754791000000 9.653421 -6.129157 8.121132
1387360897405 577181424574758 754901000000 14.250289 -6.895301 11.798626
1387360897524 577181543776418 755011000000 13.484144 1.685518 11.338940
1387360897635 577181655318166 755121000000 11.951855 4.137181 7.048530
1387360897735 577181755080129 755231000000 9.346964 2.604892 4.290410
1387360897856 577181876326467 755341000000 8.887277 -1.685518 3.983952
1387360897967 577181987563040 755451000000 8.427590 -1.685518 5.516241
1387360898079 577182098799612 755561000000 8.734048 -1.991976 5.363012
1387360898182 577182201918508 755671000000 8.121132 -3.830723 5.209783
1387360898291 577182311293508 755781000000 8.427590 -2.298434 5.669470
1387360898402 577182421858694 755891000000 8.887277 -2.451663 5.209783
