1387360899493 577183512862112 756991000000 8.580819 -2.451663 5.209783
1387360899617 577183636641409 757101000000 8.580819 -2.911349 4.750096
1387360899717 577183737471487 757211000000 8.274362 -6.435614 6.588843
1387360899840 577183860030081 757321000000 9.040505 -6.588843 11.338940
1387360899960 577183979994680 757431000000 10.572795 -2.145205 12.871228
1387360900044 577184064162161 757541000000 8.580819 0.306458 9.806650
1387360900166 577184186140920 757651000000 5.209783 1.838747 8.121132
1387360900264 577184284102346 757761000000 1.838747 4.137181 6.282385
1387360900386 577184406081106 757871000000 -0.612916 3.983952 4.750096
1387360900495 577184515242483 757981000000 -2.145205 3.677494 2.758120
1387360900592 577184612410452 758091000000 -3.064578 0.766145 2.758120
1387360900721 577184741469289 758201000000 -1.225831 -1.685518 4.290410
1387360900832 577184851729299 758311000000 -0.153229 -3.064578 7.048530
1387360900937 577184957381155 758421000000 5.056554 -9.346964 7.201759
1387360901039 577185059401418 758531000000 10.113108 -7.508216 11.645397
1387360901150 577185169936086 758641000000 13.637373 -3.983952 13.330915
1387360901279 577185298750784 758751000000 11.645397 2.298434 9.040505
1387360901363 577185383101370 758861000000 10.266337 0.306458 5.822699
1387360901476 577185496138479 758971000000 8.274362 -1.685518 4.903325
1387360901587 577185607558157 759081000000 7.967903 -1.838747 5.363012
1387360901699 577185718642141 759191000000 8.121132 -2.911349 5.669470
1387360901810 577185830031301 759301000000 8.274362 -2.451663 5.209783
1387360901921 577185941176321 759411000000 9.040505 -4.903325 5.516241
1387360902056 577186076247122 759521000000 8.274362 -2.758120 5.516241
