1387360914865 577198885359670 772361000000 8.274362 -3.371036 5.363012
1387360914987 577199006941702 772471000000 8.274362 -3.830723 5.056554
1387360915084 577199103804495 772581000000 7.508216 -5.975927 6.742072
1387360915194 577199214003469 772691000000 9.346964 -5.975927 11.032481
1387360915305 577199325301077 772801000000 10.726024 -5.209783 12.105083
1387360915414 577199434309866 772911000000 8.121132 -1.225831 9.040505
1387360915526 577199546156789 773021000000 5.209783 1.532289 7.508216
1387360915638 577199658003713 773131000000 1.685518 4.443638 5.975927
1387360915748 577199768416311 773241000000 -1.225831 4.903325 4.596867
1387360915860 577199880232717 773351000000 -2.451663 4.137181 2.145205
1387360915959 577199978987600 773461000000 -4.137181 0.766145 0.612916
1387360916087 577200106581594 773571000000 -2.298434 -0.306458 4.443638
1387360916189 577200209456350 773681000000 -0.153229 -2.604892 6.435614
1387360916301 577200320753958 773791000000 1.838747 -6.282385 7.967903
1387360916403 577200422621633 773901000000 8.121132 -9.500193 6.742072
1387360916529 577200549513723 774011000000 10.113108 -5.669470 11.951855
1387360916646 577200665755178 774121000000 11.951855 0.919373 10.726024
1387360916728 577200748213674 774231000000 10.419566 0.153229 6.435614
1387360916852 577200871870901 774341000000 8.580819 1.379060 6.129157
1387360916948 577200968123342 774451000000 7.508216 -2.911349 4.750096
1387360917077 577201096938040 774561000000 8.274362 -2.911349 5.516241
1387360917187 577201206892874 774671000000 7.048530 -5.209783 4.443638
1387360917288 577201307692434 774781000000 7.814674 -3.524265 5.363012
