1384250567515 99808077317054 2571901000000 8.734048 -5.056554 1.685518
1384250567626 99808188401038 2572011000000 9.193734 -4.903325 1.225831
1384250567737 99808299607093 2572121000000 8.734048 -5.209783 1.225831
1384250567848 99808410843665 2572231000000 9.193734 -4.903325 2.451663
1384250567935 99808496994788 2572341000000 14.097059 -0.306458 0.612916
1384250568069 99808631913001 2572451000000 13.177687 -0.919373 -0.766145
1384250568156 99808718399817 2572561000000 5.516241 0.459687 -4.750096
1384250568277 99808839676673 2572671000000 12.411542 -12.871228 2.604892
1384250568392 99808953995521 2572781000000 9.500193 -14.863204 3.524265
1384250568503 99809065750892 2572891000000 11.951855 -7.048530 5.209783
1384250568615 99809177048499 2573001000000 7.201759 0.153229 6.435614
1384250568726 99809288346107 2573111000000 4.137181 4.290410 9.346964
1384250568837 99809399674232 2573221000000 2.298434 3.371036 9.040505
1384250568948 99809510758216 2573331000000 -3.217807 1.991976 6.588843
1384250569035 99809596970374 2573441000000 -4.443638 -4.290410 1.991976
1384250569146 99809708329017 2573551000000 -8.274362 -4.290410 4.750096
1384250569257 99809819626624 2573661000000 -8.427590 -0.612916 5.822699
1384250569375 99809937180335 2573771000000 -7.814674 0.153229 5.516241
1384250569485 99810047898109 2573881000000 -8.274362 1.225831 6.282385
1384250569597 99810159195716 2573991000000 -6.588843 0.000000 7.814674
1384250569709 99810271195228 2574101000000 -9.653421 3.064578 5.975927
