1384250581878 99822440628821 2586281000000 9.193734 -3.217807 3.064578
1384250581991 99822553086097 2586391000000 9.653421 -4.137181 1.685518
1384250582103 99822664933021 2586501000000 14.250289 1.532289 1.072602
1384250582230 99822792221839 2586611000000 13.943830 -2.604892 5.363012
1384250582316 99822878891761 2586721000000 14.863204 -11.798626 5.975927
1384250582427 99822989304359 2586831000000 10.113108 -10.726024 4.137181
1384250582539 99823101212317 2586941000000 7.967903 -9.959879 2.604892
1384250582650 99823212143714 2587051000000 8.274362 -3.830723 5.822699
1384250582761 99823323593909 2587161000000 10.879252 -3.371036 12.411542
1384250582873 99823434922034 2587271000000 5.363012 0.766145 12.258313
1384250582984 99823546341712 2587381000000 1.838747 0.766145 9.653421
1384250583095 99823657028968 2587491000000 -1.072602 -0.766145 5.056554
1384250583206 99823768143470 2587601000000 -5.209783 -6.435614 2.145205
1384250583317 99823879013831 2587711000000 -6.895301 -8.427590 4.596867
1384250583434 99823996384437 2587821000000 -8.121132 -1.379060 6.282385
1384250583545 99824107437903 2587931000000 -7.967903 1.379060 6.282385
1384250583657 99824219376380 2588041000000 -10.419566 5.975927 6.895301
1384250583768 99824330551917 2588151000000 -8.427590 -2.145205 3.371036
1384250583854 99824416794593 2588261000000 -8.887277 1.685518 5.516241
1384250583966 99824528031165 2588371000000 -7.814674 1.072602 5.363012
1384250584084 99824646775062 2588481000000 -8.121132 1.072602 5.669470
1384250584196 99824758744056 2588591000000 -7.814674 1.225831 6.742072
1384250584307 99824869828040 2588701000000 -6.435614 -0.306458 6.129157
