1384350542698 141616875779060 346267000000 4.750096 -2.145205 8.734048
1384350542785 141616962723640 346377000000 4.596867 -1.379060 8.734048
1384350542903 141617080887703 346487000000 4.596867 -1.838747 8.734048
1384350543013 141617191452888 346597000000 4.750096 -0.919373 10.726024
1384350543123 141617301316170 346707000000 5.669470 2.451663 19.766529
1384350543234 141617412125496 346817000000 6.282385 -1.532289 15.476120
1384350543346 141617524002937 346927000000 3.217807 -3.371036 6.129157
1384350543457 141617635147957 347037000000 -0.612916 1.072602 2.911349
1384350543569 141617746781257 347147000000 -2.298434 2.451663 4.750096
1384350543681 141617858933357 347257000000 -3.677494 3.371036 7.048530
1384350543791 141617969498543 347367000000 -3.983952 3.983952 7.967903
1384350543903 141618081498054 347477000000 -4.137181 3.064578 8.274362
1384350544003 141618181260017 347587000000 -1.991976 3.371036 8.121132
1384350544113 141618291062263 347697000000 -0.919373 2.604892 8.887277
