1384350561284 141635462265877 364857000000 5.669470 -2.298434 8.734048
1384350561386 141635564164070 364967000000 5.516241 -1.991976 7.814674
1384350561487 141635665085701 365077000000 4.443638 -2.145205 11.032481
1384350561604 141635782425789 365187000000 5.822699 -0.459687 18.234240
1384350561712 141635890366462 365297000000 5.669470 -1.685518 14.709975
1384350561840 141636017838386 365407000000 5.363012 -2.145205 8.734048
1384350561934 141636112046150 365517000000 1.072602 -1.225831 2.298434
1384350562045 141636223587898 365627000000 -1.532289 1.225831 5.056554
1384350562159 141636337479500 365737000000 -3.217807 4.443638 7.508216
1384350562271 141636449204353 365847000000 -0.919373 3.217807 7.814674
1384350562371 141636548783211 365957000000 -4.137181 4.137181 9.193734
1384350562480 141636658554939 366067000000 -1.379060 6.129157 9.653421
