1384855094125 27837251399931 364360000000 1.225831 -1.225831 10.113108
1384855094251 27837377254423 364470000000 1.379060 -0.919373 10.266337
1384855094362 27837488521513 364580000000 0.766145 -1.991976 10.113108
1384855094461 27837587337431 364690000000 1.838747 -4.596867 10.419566
1384855094574 27837699733671 364800000000 1.838747 -4.596867 9.959879
1384855094685 27837810817656 364910000000 2.758120 -2.298434 9.500193
1384855094788 27837913753447 365020000000 4.443638 -1.838747 9.193734
1384855094903 27838028896269 365130000000 3.830723 -0.306458 9.653421
1384855094996 27838122707304 365240000000 3.371036 0.919373 10.113108
1384855095110 27838236751494 365350000000 4.137181 1.838747 10.266337
1384855095225 27838351497587 365460000000 2.145205 2.451663 10.572795
1384855095325 27838451229033 365570000000 1.685518 0.459687 10.266337
1384855095444 27838570217070 365680000000 1.072602 0.459687 10.419566
1384855095553 27838679134306 365790000000 0.459687 0.612916 9.806650
1384855095657 27838783229765 365900000000 0.612916 -0.153229 10.113108
1384855095782 27838908657011 366010000000 0.306458 -0.306458 10.266337
1384855095895 27839021663603 366120000000 0.612916 -0.153229 10.266337
1384855096011 27839137538847 366230000000 1.072602 0.153229 10.572795
1384855096099 27839224727568 366340000000 0.919373 0.306458 10.113108
1384855096224 27839350032744 366450000000 0.766145 0.000000 10.266337
1384855096335 27839461605009 366560000000 0.153229 -0.766145 9.193734
1384855096449 27839575252470 366670000000 1.685518 -0.153229 10.726024
