1384249382419 98622981430823 1386541000000 8.274362 -4.596867 3.830723
1384249382516 98623078049476 1386651000000 8.121132 -3.677494 3.830723
1384249382627 98623189408118 1386761000000 9.653421 -2.145205 13.484144
1384249382738 98623300522620 1386871000000 18.387468 -14.403518 20.839132
1384249382849 98623411789710 1386981000000 16.242264 -10.879252 4.137181
1384249382961 98623523026282 1387091000000 2.604892 -1.225831 -2.604892
1384249383072 98623634415443 1387201000000 -9.346964 -9.806650 -0.766145
1384249383183 98623745774085 1387311000000 7.201759 -1.072602 5.363012
1384249383294 98623856797034 1387421000000 0.766145 11.951855 5.516241
1384249383406 98623968857581 1387531000000 -3.830723 9.500193 5.056554
1384249383517 98624079392249 1387641000000 -5.056554 7.354988 5.516241
1384249383628 98624190476234 1387751000000 -4.903325 7.201759 7.508216
1384249383745 98624307541663 1387861000000 -5.363012 6.129157 13.177687
1384249383856 98624418686683 1387971000000 -5.056554 8.274362 6.435614
