1384249458726 98699288254554 1462871000000 8.580819 -5.056554 3.371036
1384249458837 98699399704749 1462981000000 7.661446 -4.137181 4.290410
1384249458947 98699509384925 1463091000000 9.193734 -5.209783 4.290410
1384249459058 98699620590980 1463201000000 11.492168 -13.330915 17.621325
1384249459170 98699732682044 1463311000000 17.008410 -14.556746 12.871228
1384249459282 98699844132240 1463421000000 11.492168 -8.734048 -1.225831
1384249459394 98699956101234 1463531000000 -3.524265 -14.097059 -6.588843
1384249459506 98700068039710 1463641000000 7.201759 1.532289 5.209783
1384249459617 98700179001624 1463751000000 0.459687 11.951855 5.975927
1384249459729 98700291428382 1463861000000 -4.750096 7.354988 5.975927
1384249459840 98700402695472 1463971000000 -4.596867 6.435614 5.822699
1384249459952 98700513962562 1464081000000 -5.056554 5.669470 7.201759
1384249460065 98700627091224 1464191000000 -3.983952 5.669470 8.121132
1384249460174 98700736069495 1464301000000 -5.516241 7.508216 6.129157
