1387456474987 658695681136839 183390000000 -0.459687 1.991976 9.806650
1387456475098 658695792403928 183500000000 0.612916 4.596867 11.492168
1387456475322 658696016799680 183610000000 2.145205 5.363012 10.879252
1387456475332 658696026687375 183720000000 -0.919373 -3.371036 9.040505
1387456475434 658696127944699 183830000000 -2.604892 -6.129157 7.354988
1387456475558 658696252792112 183940000000 -1.685518 -2.451663 4.290410
1387456475651 658696344894163 184050000000 1.685518 -1.379060 1.991976
1387456475759 658696453475705 184160000000 5.822699 -2.451663 10.572795
1387456475889 658696583175411 184270000000 8.427590 -3.217807 17.314867
1387456475988 658696681991330 184380000000 6.742072 -3.064578 11.798626
1387456476088 658696782821408 184490000000 6.129157 -2.911349 7.967903
1387456476203 658696897353880 184600000000 6.282385 -2.451663 7.201759
1387456476320 658697014022580 184710000000 5.975927 -2.604892 7.508216
1387456476429 658697123519649 184820000000 6.129157 -2.758120 7.354988
1387456476539 658697233505001 184930000000 6.435614 -2.758120 7.354988
1387456476648 658697342361204 185040000000 6.282385 -3.217807 6.895301
1387456476752 658697446243039 185150000000 6.282385 -2.145205 8.274362
1387456476862 658697556808224 185260000000 6.282385 -2.758120 7.508216
