1387383668577 599952597273733 2545596000000 3.524265 -3.983952 8.580819
1387383668688 599952708327200 2545706000000 3.371036 -3.677494 8.580819
1387383668799 599952819380666 2545816000000 2.758120 -4.290410 17.774553
1387383668898 599952918196584 2545926000000 2.758120 -4.443638 14.863204
1387383669009 599953029433157 2546036000000 2.911349 -3.677494 11.338940
1387383669121 599953141219046 2546146000000 1.532289 -0.766145 0.612916
1387383669232 599953251814749 2546256000000 -5.822699 -2.451663 0.766145
1387383669343 599953363051321 2546366000000 -7.661446 -6.435614 7.967903
1387383669464 599953484419729 2546476000000 -3.064578 -0.459687 10.113108
1387383669575 599953594984915 2546586000000 0.000000 5.056554 9.806650
1387383669661 599953681319143 2546696000000 -2.604892 2.145205 9.653421
1387383669783 599953803267385 2546806000000 -3.524265 0.306458 9.959879
1387383669894 599953914381887 2546916000000 -4.290410 1.072602 9.346964
1387383670006 599954025679495 2547026000000 -3.983952 1.225831 9.500193
1387383670117 599954136732961 2547136000000 -3.983952 1.532289 9.040505
1387383670229 599954249281789 2547246000000 -4.137181 1.072602 9.040505
1387383670327 599954346693899 2547356000000 -4.290410 0.919373 9.653421
1387383670440 599954459700491 2547466000000 -4.290410 1.379060 8.580819
