1387383688247 599972267012503 2565256000000 4.137181 -3.524265 9.959879
1387383688344 599972363692190 2565366000000 3.217807 -4.443638 17.774553
1387383688455 599972475233938 2565476000000 4.903325 -6.435614 17.927782
1387383688567 599972586775686 2565586000000 3.217807 -3.064578 2.298434
1387383688678 599972698012258 2565696000000 -3.064578 -5.056554 -1.532289
1387383688789 599972809187795 2565806000000 -5.209783 -6.435614 7.048530
1387383688900 599972920515920 2565916000000 -0.919373 1.685518 11.798626
1387383688997 599973016920950 2566026000000 0.612916 5.056554 10.266337
1387383689108 599973127943899 2566136000000 -3.064578 2.145205 9.040505
1387383689221 599973241316702 2566246000000 -4.290410 0.766145 9.500193
1387383689361 599973380904104 2566356000000 -4.443638 0.766145 9.346964
1387383689448 599973467879202 2566466000000 -3.830723 0.306458 8.734048
1387383689559 599973579237844 2566576000000 -4.137181 0.306458 9.500193
1387383689670 599973689711477 2566686000000 -4.137181 0.153229 9.193734
1387383689782 599973801588918 2566796000000 -4.750096 0.459687 9.806650
1387383689879 599973899489309 2566906000000 -3.830723 0.919373 9.346964
