1384856052498 28795624690947 1322720000000 8.734048 -3.677494 4.137181
1384856052587 28795713497099 1322830000000 8.887277 -3.371036 3.677494
1384856052703 28795828761992 1322940000000 8.427590 -3.830723 4.443638
1384856052817 28795943416533 1323050000000 11.032481 -5.516241 12.258313
1384856052931 28796056728300 1323160000000 22.831108 -15.935806 19.613300
1384856053043 28796168849882 1323270000000 9.193734 -9.346964 -1.225831
1384856053156 28796282192168 1323380000000 -0.306458 -2.451663 -5.209783
1384856053269 28796395290312 1323490000000 -6.282385 -0.766145 2.758120
1384856053359 28796485164580 1323600000000 -5.516241 -3.524265 12.105083
1384856053479 28796604854521 1323710000000 3.064578 0.306458 11.492168
1384856053590 28796716304716 1323820000000 4.750096 3.064578 7.967903
1384856053705 28796831447539 1323930000000 1.532289 5.056554 9.346964
1384856053804 28796930629668 1324040000000 1.685518 3.983952 10.879252
1384856053935 28797060939726 1324150000000 0.306458 3.371036 10.266337
1384856054022 28797148647246 1324260000000 0.153229 2.758120 10.266337
1384856054140 28797266628203 1324370000000 0.000000 2.298434 10.113108
1384856054254 28797379787382 1324480000000 -0.459687 1.838747 9.653421
1384856054354 28797479824004 1324590000000 -3.830723 3.524265 7.508216
1384856054466 28797591792998 1324700000000 0.153229 5.516241 12.258313
1384856054588 28797714504179 1324810000000 -0.612916 2.298434 9.040505
1384856054687 28797813533720 1324920000000 -0.459687 2.604892 9.193734
1384856054801 28797927242216 1325030000000 -0.153229 2.911349 9.500193
1384856054914 28798040706572 1325140000000 -0.459687 2.298434 9.959879
1384856055028 28798154445585 1325250000000 -0.306458 2.604892 9.346964
1384856055143 28798268978056 1325360000000 2.145205 -4.137181 5.975927
1384856055233 28798359279570 1325470000000 -0.153229 4.903325 11.492168
1384856055361 28798486782011 1325580000000 0.000000 2.145205 9.346964
