1387456861651 659082345412961 570010000000 3.983952 -3.830723 13.330915
1387456861737 659082431503050 570120000000 4.290410 -5.056554 17.468096
1387456861886 659082580611937 570230000000 4.290410 -2.145205 7.508216
1387456861968 659082662612666 570340000000 0.153229 0.459687 -2.604892
1387456862069 659082763778438 570450000000 0.459687 -0.306458 -2.145205
1387456862193 659082887008418 570560000000 0.919373 -3.983952 4.290410
1387456862307 659083001479857 570670000000 5.516241 -4.903325 16.548723
1387456862406 659083099838009 570780000000 7.354988 -1.225831 16.548723
1387456862532 659083226669064 570890000000 5.209783 -2.451663 10.726024
1387456862622 659083316787472 571000000000 4.290410 -3.830723 8.274362
1387456862743 659083437606564 571110000000 4.290410 -4.137181 8.427590
1387456862848 659083542342893 571220000000 4.290410 -2.911349 9.040505
1387456862963 659083657607785 571330000000 4.290410 -2.758120 8.580819
1387456863061 659083755141965 571440000000 2.451663 -2.604892 9.193734
1387456863178 659083872115841 571550000000 3.983952 -3.524265 8.580819
