1387456456056 658676750320188 164460000000 -1.991976 0.919373 9.806650
1387456456167 658676861739865 164570000000 -0.459687 2.145205 10.266337
1387456456299 658676993636838 164680000000 2.604892 8.274362 10.726024
1387456456401 658677095809690 164790000000 0.306458 -2.758120 9.653421
1387456456511 658677205337277 164900000000 -2.145205 -9.346964 7.508216
1387456456611 658677305404415 165010000000 -0.766145 -1.685518 2.451663
1387456456728 658677421828977 165120000000 1.991976 -1.072602 2.298434
1387456456845 658677539108029 165230000000 8.734048 -3.524265 18.081011
1387456456954 658677648086301 165340000000 5.363012 -4.903325 14.556746
1387456457064 658677758224239 165450000000 4.137181 -0.459687 9.806650
1387456457169 658677863143674 165560000000 5.209783 -1.838747 8.427590
1387456457271 658677965652219 165670000000 5.516241 -1.838747 8.580819
1387456457386 658678080795041 165780000000 5.056554 -2.298434 8.887277
1387456457501 658678195510616 165890000000 5.209783 -1.685518 8.427590
1387456457611 658678305160274 166000000000 4.290410 -1.379060 7.508216
1387456457724 658678418014279 166110000000 5.209783 -1.685518 8.274362
1387456457821 658678515365354 166220000000 4.290410 -1.685518 8.887277
1387456457965 658678659591427 166330000000 4.750096 -2.451663 8.427590
