1387456459989 658680683822384 168390000000 -1.685518 1.072602 9.653421
1387456460120 658680814498655 168500000000 0.612916 3.830723 9.959879
1387456460224 658680918746700 168610000000 1.838747 6.588843 9.959879
1387456460344 658681038467159 168720000000 -0.153229 -1.991976 9.193734
1387456460428 658681121841183 168830000000 0.000000 -7.814674 5.669470
1387456460555 658681249404659 168940000000 0.919373 -1.225831 1.072602
1387456460659 658681353042352 169050000000 5.209783 -2.451663 6.435614
1387456460759 658681453078974 169160000000 11.951855 -2.911349 20.072987
1387456460881 658681575607052 169270000000 6.588843 -3.524265 12.258313
1387456460979 658681672927609 169380000000 5.822699 -2.451663 7.814674
1387456461098 658681792709104 169490000000 6.129157 -2.145205 7.201759
1387456461207 658681901260129 169600000000 5.975927 -2.145205 7.661446
1387456461318 658682011947385 169710000000 6.129157 -2.758120 7.661446
1387456461421 658682115737668 169820000000 6.435614 -2.604892 8.121132
1387456461544 658682238479367 169930000000 6.129157 -1.991976 8.274362
1387456461650 658682344619504 170040000000 6.282385 -2.604892 8.427590
1387456461749 658682443038693 170150000000 8.427590 -2.451663 8.427590
1387456461873 658682567001094 170260000000 6.282385 -2.604892 7.967903
