1385109427353 89501807031107 217172000000 -1.379060 0.766145 9.806650
1385109427467 89501920373392 217282000000 -1.532289 1.072602 10.113108
1385109427579 89502032220316 217392000000 -1.379060 0.612916 10.419566
1385109427692 89502146020365 217502000000 -1.838747 -2.298434 11.032481
1385109427806 89502259576273 217612000000 -1.379060 -3.064578 11.338940
1385109427918 89502371972513 217722000000 0.153229 -3.677494 10.726024
1385109428032 89502485925150 217832000000 2.145205 1.225831 11.338940
1385109428122 89502575677347 217942000000 0.766145 3.983952 9.193734
1385109428240 89502693078470 218052000000 -0.919373 4.903325 8.274362
1385109428353 89502806085062 218162000000 -2.145205 3.983952 4.903325
1385109428465 89502918572855 218272000000 -1.072602 0.919373 0.459687
1385109428580 89503033044291 218382000000 5.209783 -2.145205 0.919373
1385109428692 89503145928812 218492000000 16.548723 -7.048530 12.564771
1385109428781 89503234277201 218602000000 15.476120 -5.822699 13.024457
1385109428894 89503347192240 218712000000 9.806650 -5.516241 10.266337
1385109429006 89503459496927 218822000000 8.887277 -3.064578 3.371036
1385109429120 89503573266459 218932000000 9.346964 -2.758120 4.596867
1385109429233 89503686913920 219042000000 8.887277 -3.677494 2.451663
1385109429346 89503799584818 219152000000 9.193734 -3.524265 3.217807
1385109429459 89503912774515 219262000000 9.193734 -3.524265 3.524265
1385109429558 89504012017679 219372000000 9.193734 -3.983952 3.064578
1385109429673 89504126061869 219482000000 9.806650 -4.137181 4.290410
1385109429785 89504238793802 219592000000 9.040505 -3.217807 2.145205
