1385109471803 89546256585550 261602000000 -2.145205 0.000000 9.653421
1385109471892 89546345727396 261712000000 -1.838747 0.153229 10.113108
1385109472005 89546458489847 261822000000 -2.911349 -0.459687 9.500193
1385109472123 89546576196146 261932000000 -3.064578 -1.991976 9.959879
1385109472253 89546706750345 262042000000 -2.604892 -4.903325 9.806650
1385109472348 89546801690531 262152000000 -1.225831 -5.669470 10.879252
1385109472462 89546915093851 262262000000 1.225831 -2.758120 10.572795
1385109472560 89547013421488 262372000000 1.225831 2.758120 10.726024
1385109472690 89547143884134 262482000000 0.153229 3.064578 9.040505
1385109472784 89547237389994 262592000000 -0.612916 2.758120 6.742072
1385109472899 89547352471781 262702000000 0.459687 1.379060 3.524265
1385109473011 89547464440775 262812000000 4.290410 -0.766145 1.991976
1385109473101 89547554803324 262922000000 13.637373 -3.217807 8.734048
1385109473215 89547668633890 263032000000 17.314867 -5.209783 10.572795
1385109473329 89547782311869 263142000000 12.105083 -3.983952 12.564771
1385109473443 89547896905375 263252000000 9.500193 -2.911349 3.677494
1385109473556 89548009637308 263362000000 9.653421 -3.217807 3.064578
1385109473670 89548123345804 263472000000 9.500193 -3.371036 2.298434
1385109473784 89548237481547 263582000000 9.500193 -3.677494 2.604892
1385109473873 89548326837015 263692000000 9.346964 -3.524265 2.604892
1385109473986 89548439691019 263802000000 9.040505 -4.903325 3.677494
1385109474099 89548552911234 263912000000 11.185710 -3.983952 2.451663
1385109474203 89548656396342 264022000000 9.040505 -3.371036 3.217807
