1385109505210 89579663598490 295032000000 -2.298434 0.306458 9.806650
1385109505328 89579781030130 295142000000 -1.991976 0.000000 9.959879
1385109505436 89579889306498 295252000000 -2.145205 0.000000 9.959879
1385109505549 89580002648783 295362000000 -2.758120 -1.532289 9.346964
1385109505663 89580116448832 295472000000 -1.991976 -5.669470 10.419566
1385109505780 89580233270121 295582000000 -0.766145 -4.290410 10.572795
1385109505889 89580342767191 295692000000 1.225831 0.919373 11.185710
1385109506004 89580457055521 295802000000 0.153229 3.524265 9.653421
1385109506092 89580545098734 295912000000 -0.766145 3.217807 8.121132
1385109506229 89580682519388 296022000000 -1.379060 2.145205 5.056554
1385109506323 89580776574564 296132000000 0.919373 1.532289 1.991976
1385109506443 89580896172953 296242000000 8.580819 -1.991976 4.290410
1385109506557 89581010827494 296352000000 15.322891 -1.838747 9.959879
1385109506644 89581097131205 296462000000 13.484144 -3.524265 12.564771
1385109506755 89581208642435 296572000000 9.959879 -3.677494 8.887277
1385109506869 89581322045756 296682000000 8.887277 -3.371036 2.758120
1385109506981 89581434472513 296792000000 9.040505 -3.830723 3.217807
1385109507094 89581547234965 296902000000 9.193734 -4.137181 3.371036
1385109507207 89581660729838 297012000000 8.580819 -3.983952 3.371036
1385109507319 89581772973490 297122000000 8.121132 -5.056554 2.298434
1385109507432 89581885858011 297232000000 9.653421 -4.903325 4.443638
1385109507534 89581987206888 297342000000 8.427590 -3.983952 2.298434
