1384510456245 35826120483094 1041193000000 4.290410 -2.145205 9.193734
1384510456357 35826231780701 1041303000000 4.443638 -2.298434 9.193734
1384510456479 35826353637391 1041413000000 8.121132 1.072602 6.742072
1384510456589 35826464233094 1041523000000 5.516241 -1.225831 13.790602
1384510456705 35826580474549 1041633000000 1.072602 -13.484144 15.782578
1384510456791 35826666198426 1041743000000 1.532289 -8.580819 10.266337
1384510456902 35826776946717 1041853000000 7.508216 4.903325 9.653421
1384510457025 35826900268250 1041963000000 5.209783 6.588843 5.975927
1384510457136 35827010863953 1042073000000 0.919373 1.991976 6.435614
1384510457248 35827122619324 1042183000000 -1.991976 -3.524265 9.806650
1384510457359 35827234008485 1042293000000 -3.830723 -1.072602 9.500193
1384510457470 35827345397645 1042403000000 -3.371036 1.838747 9.040505
1384510457569 35827443969422 1042513000000 -2.911349 3.371036 9.500193
1384510457680 35827555328065 1042623000000 -2.145205 1.379060 9.193734
1384510457791 35827665771180 1042733000000 -1.991976 3.983952 7.661446
1384510457888 35827762603455 1042843000000 -5.056554 3.217807 8.274362
1384510458000 35827874633485 1042953000000 -2.298434 4.443638 9.193734
