1384510463108 35832983123475 1048033000000 3.371036 -2.298434 8.887277
1384510463193 35833068420106 1048143000000 4.443638 -2.145205 9.040505
1384510463312 35833186950379 1048253000000 7.048530 -0.306458 7.508216
1384510463422 35833297546082 1048363000000 7.814674 0.612916 9.040505
1384510463544 35833419311219 1048473000000 4.137181 -6.129157 13.024457
1384510463642 35833517394715 1048583000000 0.153229 -13.943830 12.411542
1384510463745 35833619903260 1048693000000 2.911349 -8.887277 10.879252
1384510463872 35833746825867 1048803000000 6.282385 1.991976 10.726024
1384510463973 35833848418885 1048913000000 7.814674 6.742072 9.500193
1384510464072 35833946838074 1049023000000 4.443638 5.822699 8.734048
1384510464194 35834069457703 1049133000000 0.306458 -4.596867 10.113108
1384510464306 35834180724793 1049243000000 -3.830723 -6.129157 9.346964
1384510464413 35834288421326 1049353000000 -3.830723 0.153229 8.887277
1384510464511 35834385680848 1049463000000 -2.604892 0.766145 9.040505
1384510464621 35834496184998 1049573000000 -2.451663 1.838747 10.113108
1384510464733 35834608092957 1049683000000 -2.298434 2.451663 9.500193
