1384510509928 35879803161317 1094863000000 3.677494 -2.298434 8.887277
1384510510039 35879913970643 1094973000000 6.435614 -0.306458 8.427590
1384510510151 35880025664979 1095083000000 10.726024 3.524265 6.129157
1384510510261 35880136169129 1095193000000 11.645397 -0.306458 10.726024
1384510510367 35880242156678 1095303000000 7.814674 -12.105083 18.387468
1384510510498 35880373138123 1095413000000 3.983952 -9.653421 13.637373
1384510510583 35880458526307 1095523000000 7.354988 -2.604892 8.427590
1384510510695 35880570586854 1095633000000 11.185710 3.217807 7.508216
1384510510807 35880681823426 1095743000000 6.742072 7.048530 7.661446
1384510510917 35880792297059 1095853000000 2.604892 4.443638 5.975927
1384510511029 35880903838807 1095963000000 -0.612916 -1.072602 9.346964
1384510511140 35881015563660 1096073000000 -3.677494 -3.524265 10.419566
1384510511242 35881116698914 1096183000000 -3.217807 1.072602 9.959879
1384510511342 35881216705018 1096293000000 -3.064578 2.298434 9.193734
1384510511462 35881337432557 1096403000000 -2.604892 2.758120 8.887277
1384510511562 35881437041932 1096513000000 -2.758120 3.217807 9.040505
1384510511677 35881551788026 1096623000000 -2.758120 5.209783 8.887277
1384510511794 35881669433289 1096733000000 -2.758120 4.290410 8.887277
