1384249730024 98970586350257 1734171000000 -6.895301 5.056554 5.056554
1384249730135 98970697068030 1734281000000 -6.282385 5.975927 5.516241
1384249730245 98970807846839 1734391000000 -5.975927 3.371036 2.758120
1384249730357 98970919327552 1734501000000 -2.145205 -0.766145 -1.685518
1384249730468 98971030686194 1734611000000 4.903325 -0.766145 1.225831
1384249730581 98971143448646 1734721000000 16.855181 0.153229 9.193734
1384249730693 98971255448157 1734831000000 19.460072 -2.145205 15.322891
1384249730804 98971366715247 1734941000000 13.943830 -2.911349 11.951855
1384249730915 98971477738197 1735051000000 11.798626 -0.459687 5.363012
1384249731002 98971564255530 1735161000000 20.072987 4.596867 15.782578
1384249731113 98971675492103 1735271000000 22.371420 -3.983952 9.040505
1384249731224 98971786728675 1735381000000 10.266337 -6.282385 0.766145
1384249731357 98971919205482 1735491000000 -0.153229 -3.064578 -0.459687
1384249731444 98972006394202 1735601000000 -4.750096 0.000000 2.911349
1384249731562 98972124558265 1735711000000 -7.201759 4.290410 5.516241
1384249731691 98972253098304 1735821000000 -9.193734 5.516241 24.363398
1384249731791 98972353287513 1735931000000 -7.201759 2.298434 6.129157
