1384249757960 98998521988685 1762101000000 -5.975927 5.209783 5.669470
1384249758071 98998633164222 1762211000000 -5.363012 5.669470 5.516241
1384249758182 98998744248206 1762321000000 -3.677494 3.064578 1.532289
1384249758293 98998855667884 1762431000000 -1.991976 2.758120 0.306458
1384249758404 98998966843421 1762541000000 4.137181 -1.379060 0.766145
1384249758516 98999077927405 1762651000000 13.943830 -4.903325 8.274362
1384249758627 98999189469154 1762761000000 18.081011 -5.975927 16.242264
1384249758717 98999279221351 1762871000000 13.637373 -3.217807 15.322891
1384249758828 98999390488440 1762981000000 13.637373 -0.153229 9.346964
1384249758941 98999503067786 1763091000000 24.210167 -2.145205 17.008410
1384249759052 98999614243323 1763201000000 17.927782 -7.354988 7.508216
1384249759162 98999724930579 1763311000000 6.435614 -4.596867 0.153229
1384249759274 98999836746986 1763421000000 -1.225831 -2.911349 -2.604892
1384249759385 98999947342689 1763531000000 -7.048530 0.153229 1.225831
1384249759497 99000059799964 1763641000000 -7.508216 5.516241 4.443638
1384249759609 99000171372230 1763751000000 -39.992744 23.903709 -60.065731
1384249759720 99000282761390 1763861000000 -9.653421 7.048530 4.443638
1384249759817 99000378983314 1763971000000 -7.508216 2.298434 6.129157
