1387384907891 601191911543752 3619543000000 0.306458 1.838747 9.959879
1387384908004 601192024245169 3619653000000 0.766145 2.604892 10.113108
1387384908115 601192135237600 3619763000000 0.919373 4.750096 9.346964
1387384908226 601192245650198 3619873000000 1.072602 3.524265 8.734048
1387384908333 601192353468801 3619983000000 0.919373 0.919373 7.508216
1387384908435 601192455366995 3620093000000 1.685518 -5.056554 7.508216
1387384908546 601192566542532 3620203000000 1.379060 -4.750096 8.121132
1387384908656 601192676344778 3620313000000 3.677494 -5.975927 9.040505
1387384908768 601192788557912 3620423000000 5.822699 -4.137181 9.193734
1387384908879 601192899184133 3620533000000 7.201759 -2.451663 7.354988
1387384908990 601193010542776 3620643000000 9.346964 -1.225831 6.588843
1387384909102 601193121596243 3620753000000 10.726024 -0.153229 6.588843
1387384909213 601193232924368 3620863000000 11.032481 -1.685518 5.209783
1387384909313 601193332960989 3620973000000 11.338940 -1.991976 5.363012
1387384909434 601193454543020 3621083000000 9.653421 -2.145205 3.830723
1387384909545 601193565382864 3621193000000 9.193734 -1.225831 3.217807
1387384909639 601193658614065 3621303000000 9.040505 -0.459687 3.524265
1387384909750 601193770552541 3621413000000 9.500193 -0.306458 3.371036
1387384909862 601193881697561 3621523000000 9.346964 -0.306458 4.137181
1387384909973 601193993086721 3621633000000 9.653421 -0.306458 3.830723
1387384910085 601194104781057 3621743000000 9.806650 -0.919373 5.363012
1387384910196 601194216109182 3621853000000 9.193734 -0.919373 4.443638
