1387384988924 601272944350149 3700623000000 1.991976 0.612916 10.113108
1387384989049 601273069502737 3700733000000 1.838747 1.379060 10.113108
1387384989161 601273180769827 3700843000000 2.604892 4.290410 8.734048
1387384989272 601273292067434 3700953000000 3.677494 1.838747 6.742072
1387384989387 601273406935598 3701063000000 4.750096 -4.290410 5.056554
1387384989483 601273503401663 3701173000000 5.056554 -11.185710 8.274362
1387384989582 601273601637747 3701283000000 7.048530 -7.048530 7.814674
1387384989715 601273735091116 3701393000000 9.040505 -3.371036 6.435614
1387384989827 601273847426321 3701503000000 9.346964 0.919373 6.435614
1387384989913 601273933333303 3701613000000 10.419566 0.306458 5.669470
1387384990025 601274044722463 3701723000000 11.492168 -2.145205 5.209783
1387384990136 601274156081106 3701833000000 11.645397 -4.137181 5.669470
1387384990247 601274267134573 3701943000000 9.653421 -3.217807 3.217807
1387384990358 601274378310110 3702053000000 9.193734 -1.379060 2.298434
1387384990469 601274489455129 3702163000000 9.653421 -1.532289 2.604892
1387384990581 601274601027395 3702273000000 9.346964 -0.919373 3.217807
1387384990704 601274724013235 3702383000000 9.500193 -0.919373 3.677494
1387384990816 601274836043264 3702493000000 10.266337 -0.612916 1.685518
1387384990902 601274922041799 3702603000000 10.113108 -1.072602 3.830723
1387384991025 601275044966604 3702713000000 12.411542 -2.451663 3.371036
