1384268088979 114962902859719 5138676000000 0.919373 0.612916 9.959879
1384268089106 114963029782326 5138786000000 1.991976 0.766145 9.959879
1384268089212 114963135952980 5138896000000 2.604892 4.290410 9.040505
1384268089315 114963238186867 5139006000000 3.371036 4.137181 9.193734
1384268089415 114963338223488 5139116000000 3.524265 -0.153229 8.274362
1384268089543 114963466305763 5139226000000 2.758120 -6.435614 4.750096
1384268089655 114963578274758 5139336000000 4.137181 -2.451663 4.137181
1384268089754 114963677762062 5139446000000 7.814674 -2.298434 8.427590
1384268089856 114963779110939 5139556000000 10.266337 -5.975927 14.097059
1384268089975 114963898556740 5139666000000 9.040505 -1.991976 11.492168
1384268090074 114963997281105 5139776000000 8.580819 -0.919373 7.661446
1384268090206 114964129727394 5139886000000 7.967903 -1.532289 5.822699
1384268090315 114964238431008 5139996000000 8.274362 -0.766145 6.129157
1384268090416 114964339627297 5140106000000 6.742072 -2.604892 3.371036
1384268090519 114964442166359 5140216000000 7.661446 -1.532289 7.048530
1384268090645 114964568844826 5140326000000 7.201759 -1.838747 5.822699
