1384268129047 115002970639260 5178746000000 1.225831 -0.306458 9.959879
1384268129174 115003097317726 5178856000000 1.685518 0.306458 10.266337
1384268129281 115003204007180 5178966000000 3.524265 3.371036 10.419566
1384268129392 115003315640480 5179076000000 4.596867 5.669470 9.500193
1384268129490 115003413083107 5179186000000 3.217807 -3.830723 8.887277
1384268129616 115003539731056 5179296000000 0.612916 -6.282385 3.217807
1384268129714 115003637051613 5179406000000 3.217807 -2.298434 -0.459687
1384268129815 115003738217385 5179516000000 12.871228 3.064578 14.403518
1384268129941 115003864865334 5179626000000 10.572795 0.612916 16.395493
1384268130042 115003966031105 5179736000000 8.734048 0.612916 9.193734
1384268130142 115004065579445 5179846000000 7.814674 -0.153229 6.742072
1384268130275 115004198758156 5179956000000 7.508216 0.766145 6.588843
1384268130376 115004299923928 5180066000000 7.967903 -2.298434 5.669470
1384268130478 115004401242287 5180176000000 7.814674 -2.758120 6.588843
1384268130609 115004532010109 5180286000000 7.814674 -1.072602 6.129157
