1384355621851 146050253861325 1328674000000 -1.379060 0.306458 9.806650
1384355621962 146050365403073 1328784000000 -1.532289 0.306458 10.266337
1384355622059 146050461716550 1328894000000 -1.379060 0.306458 10.266337
1384355622160 146050563034909 1329004000000 -1.838747 -1.838747 10.572795
1384355622281 146050683823483 1329114000000 -1.838747 -4.596867 10.726024
1384355622393 146050795700925 1329224000000 -1.532289 -4.443638 9.959879
1384355622502 146050905381100 1329334000000 -0.919373 -1.991976 9.346964
1384355622615 146051018082517 1329444000000 0.612916 2.145205 8.887277
1384355622719 146051121933835 1329554000000 -0.612916 3.064578 6.435614
1384355622831 146051233994382 1329664000000 0.766145 -1.532289 1.225831
1384355622941 146051344468015 1329774000000 1.991976 -0.919373 4.290410
1384355623053 146051456528561 1329884000000 7.048530 -3.064578 11.951855
1384355623166 146051569291013 1329994000000 12.717999 -5.056554 18.234240
1384355623278 146051680771726 1330104000000 7.508216 -3.983952 11.951855
1384355623375 146051778061765 1330214000000 7.661446 -4.137181 7.354988
1384355623500 146051902878659 1330324000000 7.048530 -3.217807 6.282385
1384355623604 146052007492917 1330434000000 7.048530 -2.911349 6.742072
1384355623719 146052121903317 1330544000000 6.742072 -2.758120 6.895301
1384355623831 146052234604733 1330654000000 6.282385 -3.064578 7.508216
1384355623944 146052346970456 1330764000000 6.435614 -2.911349 7.508216
1384355624044 146052447068112 1330874000000 6.129157 -2.911349 7.661446
