1384355648419 146076821610349 1355254000000 -2.145205 0.000000 9.500193
1384355648543 146076945786374 1355364000000 -2.451663 0.153229 9.959879
1384355648646 146077048813718 1355474000000 -2.604892 -1.225831 9.500193
1384355648757 146077160416501 1355584000000 -3.524265 -5.669470 8.121132
1384355648869 146077272019284 1355694000000 -0.766145 -10.266337 9.346964
1384355648980 146077383225339 1355804000000 5.822699 2.145205 13.790602
1384355649079 146077482560056 1355914000000 2.758120 5.669470 7.814674
1384355649189 146077592209714 1356024000000 0.306458 3.524265 5.516241
1384355649324 146077726883786 1356134000000 0.153229 2.911349 6.282385
1384355649422 146077824631589 1356244000000 0.459687 -0.459687 2.298434
1384355649529 146077932022946 1356354000000 2.604892 -2.911349 3.371036
1384355649622 146078025101560 1356464000000 17.927782 -4.443638 20.685904
1384355649734 146078137070554 1356574000000 9.346964 -0.459687 15.016433
1384355649859 146078261887448 1356684000000 6.282385 -2.298434 8.274362
1384355649956 146078358933346 1356794000000 6.588843 -2.758120 7.354988
1384355650068 146078470993894 1356904000000 6.588843 -1.991976 7.508216
1384355650192 146078595108884 1357014000000 6.742072 -2.145205 8.274362
1384355650292 146078694748776 1357124000000 5.822699 -2.604892 7.508216
1384355650395 146078797898190 1357234000000 5.669470 -2.298434 7.661446
1384355650509 146078911698239 1357344000000 5.822699 -2.145205 8.121132
