1384355688240 146116642868894 1395064000000 -2.298434 0.000000 9.806650
1384355688351 146116754502194 1395174000000 -1.991976 0.459687 9.959879
1384355688463 146116866349118 1395284000000 -2.298434 -0.766145 9.653421
1384355688577 146116980088132 1395394000000 -2.604892 -3.983952 9.959879
1384355688663 146117065781491 1395504000000 -0.612916 -7.048530 10.572795
1384355688774 146117177018063 1395614000000 0.153229 -5.822699 10.266337
1384355688885 146117288346188 1395724000000 0.306458 -0.459687 9.653421
1384355688998 146117401566403 1395834000000 1.072602 2.911349 9.959879
1384355689110 146117512741940 1395944000000 1.685518 5.056554 8.274362
1384355689221 146117623856442 1396054000000 0.766145 1.379060 3.677494
1384355689332 146117735550778 1396164000000 0.459687 0.000000 2.451663
1384355689444 146117847092526 1396274000000 1.532289 -1.991976 7.354988
1384355689562 146117965256589 1396384000000 12.258313 -5.056554 16.701952
1384355689663 146118066178220 1396494000000 11.185710 -3.217807 13.943830
1384355689772 146118175309079 1396604000000 6.435614 -2.758120 8.887277
1384355689884 146118287308591 1396714000000 7.201759 -2.758120 8.427590
1384355689996 146118398880857 1396824000000 7.048530 -2.604892 7.508216
1384355690108 146118510697263 1396934000000 6.895301 -5.516241 3.830723
1384355690219 146118621964352 1397044000000 6.588843 -2.451663 7.814674
1384355690330 146118733628171 1397154000000 6.742072 -2.911349 7.661446
