1384267945530 114819453457864 4995226000000 8.887277 -1.685518 5.516241
1384267945645 114819568051370 4995336000000 8.734048 -2.145205 5.056554
1384267945747 114819670865090 4995446000000 8.427590 -1.685518 5.209783
1384267945875 114819798092874 4995556000000 11.492168 4.290410 21.298819
1384267945961 114819884793313 4995666000000 15.476120 -4.290410 13.637373
1384267946089 114820012356790 4995776000000 9.959879 -5.822699 0.153229
1384267946189 114820112545999 4995886000000 1.225831 -3.983952 -1.991976
1384267946315 114820238339456 4995996000000 -1.225831 -6.129157 9.193734
1384267946425 114820348660501 4996106000000 2.758120 -3.677494 9.959879
1384267946526 114820449948342 4996216000000 2.911349 5.975927 9.193734
1384267946625 114820548398050 4996326000000 2.298434 5.822699 10.419566
1384267946753 114820676724465 4996436000000 0.612916 3.371036 10.572795
1384267946844 114820767575296 4996546000000 0.459687 1.532289 10.572795
1384267946966 114820889828713 4996656000000 -7.814674 15.782578 5.822699
1384267947069 114820992825540 4996766000000 -0.612916 2.145205 10.879252
