1387385014248 601298267683889 3725933000000 6.742072 -5.822699 5.363012
1387385014359 601298378981497 3726043000000 6.742072 -5.669470 4.750096
1387385014470 601298490370657 3726153000000 7.048530 -4.903325 4.443638
1387385014584 601298604414846 3726263000000 8.121132 -3.217807 4.137181
1387385014693 601298712935354 3726373000000 9.346964 -2.604892 3.830723
1387385014781 601298801192190 3726483000000 10.572795 -2.145205 5.822699
1387385014920 601298939864065 3726593000000 11.185710 -4.750096 5.975927
1387385015006 601299026228811 3726703000000 8.580819 -5.669470 5.669470
1387385015129 601299148970510 3726813000000 7.048530 -5.209783 7.508216
1387385015226 601299245711233 3726923000000 7.508216 -4.137181 8.887277
1387385015339 601299358931448 3727033000000 7.661446 -2.911349 9.040505
1387385015465 601299485060598 3727143000000 7.201759 1.072602 9.040505
1387385015565 601299584914114 3727253000000 5.056554 2.145205 8.121132
1387385015666 601299686201955 3727363000000 2.758120 3.217807 7.967903
1387385015792 601299812483694 3727473000000 0.612916 4.137181 8.274362
1387385015891 601299911238577 3727583000000 -0.306458 3.371036 9.193734
1387385016002 601300022414114 3727693000000 -0.919373 1.991976 9.193734
1387385016114 601300133681204 3727803000000 -1.838747 0.306458 9.040505
1387385016235 601300254897024 3727913000000 -2.604892 1.532289 9.040505
1387385016322 601300341994192 3728023000000 -3.217807 1.991976 8.734048
1387385016445 601300464918997 3728133000000 -3.371036 2.604892 8.887277
1387385016556 601300576186086 3728243000000 -4.596867 -0.153229 7.814674
1387385016668 601300687575247 3728353000000 -3.217807 3.217807 8.887277
1387385016768 601300788374807 3728463000000 -2.911349 4.137181 9.653421
1387385016874 601300893843557 3728573000000 -3.217807 2.911349 9.193734
