1387385023017 601307037215139 3734703000000 6.742072 -5.363012 4.443638
1387385023130 601307149611379 3734813000000 6.588843 -5.209783 4.443638
1387385023240 601307259810354 3734923000000 7.201759 -4.290410 3.983952
1387385023351 601307371016409 3735033000000 8.734048 -3.677494 3.217807
1387385023462 601307482283498 3735143000000 10.572795 -2.758120 4.137181
1387385023577 601307596724417 3735253000000 11.492168 -2.911349 5.822699
1387385023664 601307683821584 3735363000000 10.419566 -5.516241 6.282385
1387385023775 601307795241262 3735473000000 7.967903 -7.048530 5.209783
1387385023886 601307906508352 3735583000000 6.895301 -7.508216 6.588843
1387385023998 601308017714407 3735693000000 7.661446 -6.129157 9.806650
1387385024109 601308128767874 3735803000000 9.346964 -0.306458 11.185710
1387385024226 601308245680715 3735913000000 7.508216 3.217807 9.346964
1387385024337 601308357008840 3736023000000 4.443638 4.750096 8.427590
1387385024439 601308458845998 3736133000000 1.838747 3.677494 7.661446
1387385024549 601308569380666 3736243000000 -0.459687 2.451663 7.354988
1387385024661 601308681380178 3736353000000 -2.604892 1.379060 7.201759
1387385024773 601308792647268 3736463000000 -3.371036 0.000000 8.121132
1387385024882 601308902541067 3736573000000 -4.750096 1.225831 8.274362
1387385024994 601309013838674 3736683000000 -4.443638 2.298434 8.734048
1387385025105 601309125136282 3736793000000 -4.903325 0.306458 6.742072
1387385025221 601309240736868 3736903000000 -4.137181 2.145205 8.734048
1387385025331 601309351485159 3737013000000 -4.137181 3.371036 9.653421
1387385025435 601309454756643 3737123000000 -4.290410 0.919373 9.653421
1387385025543 601309563277151 3737233000000 -4.443638 2.451663 8.887277
1387385025640 601309660262014 3737343000000 -3.983952 2.451663 8.580819
