1387385115692 601399711867239 3827383000000 6.282385 -4.290410 6.742072
1387385115795 601399814680960 3827493000000 6.129157 -3.830723 6.588843
1387385115906 601399925825979 3827603000000 7.661446 -2.604892 5.209783
1387385116017 601400037093069 3827713000000 10.726024 1.685518 6.129157
1387385116129 601400148573782 3827823000000 12.105083 0.612916 8.427590
1387385116220 601400239638235 3827933000000 9.346964 -6.435614 9.040505
1387385116356 601400376387503 3828043000000 5.822699 -5.669470 9.806650
1387385116460 601400480177786 3828153000000 7.354988 -1.685518 11.032481
1387385116571 601400591383840 3828263000000 8.274362 3.983952 9.346964
1387385116669 601400688918020 3828373000000 6.129157 6.588843 6.588843
1387385116780 601400800215627 3828483000000 3.830723 7.661446 5.363012
1387385116900 601400919661428 3828593000000 1.685518 8.121132 5.669470
1387385116998 601401017775442 3828703000000 -0.766145 4.596867 6.129157
1387385117126 601401146529104 3828813000000 -3.371036 0.919373 7.354988
1387385117212 601401232527639 3828923000000 -4.750096 1.532289 6.282385
1387385117323 601401343123342 3829033000000 -5.669470 3.217807 6.282385
1387385117433 601401452803518 3829143000000 -5.516241 3.983952 7.048530
1387385117553 601401573256399 3829253000000 -5.516241 4.290410 7.201759
1387385117664 601401684401418 3829363000000 -5.363012 3.983952 6.895301
1387385117765 601401785048391 3829473000000 -5.209783 4.596867 7.508216
1387385117873 601401892653372 3829583000000 -4.443638 4.596867 7.201759
1387385117983 601402003188040 3829693000000 -5.516241 4.290410 7.814674
1387385118111 601402131361868 3829803000000 -6.282385 4.137181 6.129157
1387385118220 601402240279104 3829913000000 -5.363012 4.290410 6.282385
