1387385173580 601457600325491 3885283000000 5.975927 -4.750096 6.588843
1387385173691 601457710890676 3885393000000 5.669470 -4.443638 6.895301
1387385173796 601457815810110 3885503000000 7.201759 -2.604892 5.209783
1387385173907 601457927046682 3885613000000 9.653421 0.459687 4.903325
1387385174018 601458038283254 3885723000000 13.790602 3.677494 10.113108
1387385174114 601458134535696 3885833000000 11.798626 -8.427590 9.040505
1387385174226 601458245680715 3885943000000 5.209783 -8.427590 7.508216
1387385174351 601458370985891 3886053000000 6.129157 -3.677494 10.572795
1387385174462 601458482466604 3886163000000 9.346964 2.451663 10.266337
1387385174574 601458593672659 3886273000000 8.274362 7.201759 7.201759
1387385174674 601458693861868 3886383000000 4.903325 7.967903 5.669470
1387385174771 601458790694143 3886493000000 2.758120 7.508216 6.742072
1387385174882 601458901991750 3886603000000 2.298434 6.129157 7.814674
1387385174993 601459013319875 3886713000000 -0.612916 -1.532289 9.346964
1387385175104 601459124556448 3886823000000 -3.677494 -0.459687 7.967903
1387385175215 601459234938528 3886933000000 -5.056554 3.217807 8.121132
1387385175326 601459345900442 3887043000000 -4.443638 4.290410 8.274362
1387385175438 601459458144094 3887153000000 -4.750096 3.830723 7.967903
1387385175550 601459569685842 3887263000000 -4.443638 3.524265 8.121132
1387385175661 601459680861379 3887373000000 -4.443638 3.217807 8.734048
1387385175778 601459798231985 3887483000000 -3.371036 4.443638 7.967903
1387385175890 601459910445120 3887593000000 -3.830723 3.830723 10.572795
1387385176005 601460025282766 3887703000000 -3.830723 4.443638 7.661446
