1387383018113 599302133162405 1895106000000 0.612916 -2.145205 10.113108
1387383018212 599302232527639 1895216000000 0.306458 -3.217807 9.653421
1387383018323 599302343520071 1895326000000 0.612916 -7.354988 7.967903
1387383018430 599302449721243 1895436000000 3.217807 -9.193734 7.967903
1387383018532 599302551649954 1895546000000 5.975927 3.830723 11.951855
1387383018657 599302677565481 1895656000000 3.371036 3.830723 10.572795
1387383018745 599302765120413 1895766000000 0.919373 0.306458 9.959879
1387383018872 599302892500784 1895876000000 -0.153229 -0.919373 9.806650
1387383018975 599302994795706 1895986000000 -0.153229 -1.685518 10.113108
1387383019076 599303096205618 1896096000000 0.306458 -1.532289 10.266337
1387383019204 599303223982717 1896206000000 -0.766145 -1.838747 8.580819
1387383019305 599303324812795 1896316000000 -0.612916 -1.072602 9.959879
1387383019406 599303426131155 1896426000000 -1.532289 -1.225831 11.032481
1387383019534 599303553633596 1896536000000 -0.306458 -1.838747 9.193734
