1384248482800 97723361985023 486891000000 7.508216 -4.903325 6.435614
1384248482910 97723472885902 487001000000 7.201759 -4.596867 5.516241
1384248483022 97723584061439 487111000000 7.508216 -3.677494 7.201759
1384248483134 97723696152503 487221000000 8.427590 -2.758120 15.935806
1384248483248 97723810166175 487331000000 10.113108 -7.048530 16.395493
1384248483334 97723896530921 487441000000 9.500193 -6.895301 9.653421
1384248483449 97724011338050 487551000000 0.766145 -1.225831 -0.306458
1384248483577 97724139542396 487661000000 -4.443638 1.225831 0.612916
1384248483663 97724225876624 487771000000 -6.588843 2.758120 4.137181
1384248483775 97724337479407 487881000000 -7.201759 3.983952 5.516241
1384248483886 97724448380286 487991000000 -7.508216 3.524265 4.750096
1384248484006 97724568131263 488101000000 -7.967903 3.217807 4.290410
1384248484119 97724681717689 488211000000 -6.282385 2.604892 4.750096
1384248484229 97724791031654 488321000000 -9.346964 5.209783 5.056554
