1384248569497 97810059677894 573581000000 6.895301 -5.975927 3.524265
1384248569594 97810156357581 573691000000 6.895301 -5.975927 4.137181
1384248569705 97810267105872 573801000000 6.895301 -5.669470 4.443638
1384248569816 97810378678138 573911000000 6.895301 -5.669470 4.750096
1384248569928 97810490586097 574021000000 8.274362 -8.274362 11.951855
1384248570039 97810601914222 574131000000 9.959879 -7.201759 14.863204
1384248570153 97810715653235 574241000000 9.959879 -8.887277 11.032481
1384248570265 97810827042396 574351000000 5.822699 -4.443638 5.822699
1384248570376 97810938462073 574461000000 -1.532289 0.612916 2.145205
1384248570487 97811049332435 574571000000 -5.822699 3.371036 2.145205
1384248570573 97811135605628 574681000000 -7.201759 3.983952 1.379060
1384248570698 97811259995277 574791000000 -7.661446 3.830723 1.838747
1384248570809 97811371811683 574901000000 -8.427590 4.290410 2.298434
1384248570921 97811483902747 575011000000 -8.734048 4.443638 2.758120
1384248571032 97811594590003 575121000000 -9.193734 3.217807 2.451663
1384248571148 97811710739905 575231000000 -8.734048 5.056554 3.983952
