1387383158979 599442998885061 2035986000000 -8.734048 0.459687 3.371036
1387383159078 599443098250295 2036096000000 -6.895301 0.612916 3.064578
1387383159189 599443209303762 2036206000000 -2.758120 -0.919373 2.604892
1387383159307 599443326643850 2036316000000 6.129157 -4.596867 6.895301
1387383159409 599443429121878 2036426000000 11.032481 -5.516241 10.726024
1387383159532 599443551802541 2036536000000 9.500193 -2.911349 13.177687
1387383159633 599443652937795 2036646000000 7.814674 -2.758120 7.661446
1387383159759 599443778700735 2036756000000 7.967903 -3.064578 5.669470
1387383159849 599443869337942 2036866000000 7.354988 -2.911349 5.669470
1387383159972 599443991774465 2036976000000 7.661446 -3.064578 6.129157
1387383160076 599444095656301 2037086000000 6.588843 -2.758120 7.048530
1387383160185 599444205458547 2037196000000 6.588843 -2.145205 6.895301
1387383160311 599444331038381 2037306000000 7.508216 -3.064578 6.129157
