1384187849073 80747362892569 3247742000000 3.830723 -0.766145 9.040505
1384187849185 80747474281729 3247852000000 2.911349 -2.758120 7.814674
1384187849296 80747585426749 3247962000000 4.903325 -7.967903 14.556746
1384187849409 80747698372305 3248072000000 8.121132 -7.354988 17.008410
1384187849523 80747813118399 3248182000000 8.580819 0.153229 9.500193
1384187849636 80747925575675 3248292000000 6.742072 1.838747 4.750096
1384187849747 80748036659659 3248402000000 3.371036 -1.072602 6.435614
1384187849858 80748147743643 3248512000000 -3.677494 -9.500193 15.935806
1384187849970 80748259315909 3248622000000 -7.048530 -9.500193 15.935806
1384187850057 80748347023428 3248732000000 -5.056554 -4.750096 3.371036
1384187850167 80748456276358 3248842000000 -1.532289 0.153229 3.983952
1384187850278 80748567329825 3248952000000 0.153229 7.048530 5.209783
1384187850389 80748678810538 3249062000000 -1.991976 8.580819 7.508216
1384187850500 80748790108145 3249172000000 -3.064578 6.588843 7.354988
1384187850612 80748901344718 3249282000000 -3.217807 5.975927 7.048530
1384187850729 80749018959464 3249392000000 -3.217807 6.129157 7.201759
1384187850840 80749130165518 3249502000000 -3.524265 5.669470 6.742072
1384187850952 80749241341055 3249612000000 -3.064578 5.209783 7.508216
1384187851063 80749352760733 3249722000000 -3.830723 6.435614 7.354988
1384187851160 80749449959219 3249832000000 -4.443638 6.282385 6.588843
