1387360789635 577073654646780 647131000000 -7.661446 0.766145 5.822699
1387360789746 577073766035940 647241000000 -7.814674 0.612916 6.129157
1387360789872 577073892195608 647351000000 -7.201759 0.612916 5.209783
1387360789958 577073978346731 647461000000 -6.129157 0.612916 2.758120
1387360790070 577074089980032 647571000000 -3.524265 0.000000 3.524265
1387360790192 577074212233450 647681000000 -0.306458 0.459687 5.516241
1387360790304 577074323653127 647791000000 2.911349 -1.379060 9.500193
1387360790413 577074433424856 647901000000 10.726024 -2.911349 10.266337
1387360790515 577074534865286 648011000000 12.411542 -2.451663 10.113108
1387360790617 577074636671926 648121000000 10.726024 -2.604892 9.806650
1387360790727 577074747054006 648231000000 10.113108 -1.072602 7.661446
1387360790847 577074867445852 648341000000 9.653421 -0.919373 5.669470
1387360790968 577074988356497 648451000000 9.346964 -0.766145 3.830723
1387360791069 577075089308645 648561000000 -3.830723 9.193734 -6.435614
1387360791178 577075198317434 648671000000 9.040505 -1.379060 3.983952
1387360791310 577075329634573 648781000000 9.653421 -1.225831 3.677494
