1387360822272 577106292158987 679761000000 -7.508216 1.225831 6.588843
1387360822369 577106389265920 679871000000 -6.588843 0.919373 6.742072
1387360822489 577106508681204 679981000000 -5.822699 1.072602 3.371036
1387360822599 577106619551565 680091000000 -4.290410 0.612916 3.830723
1387360822711 577106731062795 680201000000 -1.379060 1.532289 6.588843
1387360822822 577106842146780 680311000000 2.758120 0.919373 9.346964
1387360822933 577106953566458 680421000000 6.282385 -0.766145 8.887277
1387360823045 577107064894583 680531000000 9.653421 -3.830723 11.645397
1387360823166 577107186049368 680641000000 10.266337 -0.306458 8.580819
1387360823253 577107272871877 680751000000 10.572795 0.612916 7.967903
1387360823365 577107384993460 680861000000 9.806650 -1.991976 7.201759
1387360823477 577107497298147 680971000000 9.806650 -2.604892 5.516241
1387360823579 577107598585989 681081000000 9.500193 -2.145205 3.217807
1387360823706 577107725935842 681191000000 9.193734 -1.532289 3.830723
1387360823808 577107827956106 681301000000 9.346964 -1.685518 4.443638
