-0.2692308 -0.1923077 1.12
-0.2692308 -0.1923077 1.12
-0.2692308 -0.1923077 1.12
-0.2692308 -0.1923077 1.12
-0.3076923 -0.1923077 1.12
-0.3076923 -0.1923077 1.12
-0.3076923 -0.1923077 1.12
-0.3076923 -0.1923077 1.12
-0.3076923 -0.1923077 1.12
-0.3076923 -0.1923077 1.12
-0.3076923 -0.1923077 1.12
-0.3076923 -0.1923077 1.12
-0.3461539 -0.2307692 1.12
-0.3846154 -0.2307692 1.12
-0.3846154 -0.2307692 1.08
-0.3846154 -0.2307692 1.08
-0.3846154 -0.2307692 1.08
-0.3461539 -0.2307692 1.12
-0.3461539 -0.1923077 1.16
-0.3846154 -0.1923077 1.16
-0.3846154 -0.1923077 1.16
-0.3846154 -0.1923077 1.12
-0.3846154 -0.1923077 1.12
-0.3846154 -0.1923077 1.08
-0.3846154 -0.1538462 1.08
-0.3461539 -0.1538462 1.04
-0.3846154 -0.1538462 1.04
-0.3846154 -0.1538462 1.04
-0.3461539 -0.1153846 1.04
-0.3076923 -0.1153846 1.04
-0.2307692 -0.07692308 1.04
-0.1923077 -0.03846154 1
-0.1538462 -0.03846154 1
-0.07692308 0 1
-0.03846154 0 0.96
0 0 0.96
0.03846154 0 0.92
0.03846154 0 0.92
0.03846154 0 0.92
0.07692308 -0.03846154 0.92
0.07692308 -0.03846154 0.88
0.1153846 -0.03846154 0.84
0.1153846 -0.03846154 0.84
0.1538462 -0.03846154 0.84
0.1923077 0 0.84
0.1923077 0 0.84
0.2307692 0 0.88
0.2307692 0 0.92
0.2692308 0.03846154 0.96
0.2692308 0 0.96
0.3076923 0 0.92
0.3076923 0 0.92
0.3461539 -0.03846154 0.92
0.3461539 -0.03846154 0.88
0.3461539 -0.07692308 0.84
0.3846154 -0.07692308 0.84
0.3846154 -0.07692308 0.84
0.3846154 -0.07692308 0.8
0.3846154 -0.1538462 0.84
0.3461539 -0.1538462 0.84
0.3846154 -0.1538462 0.88
0.3846154 -0.1538462 0.88
0.3846154 -0.1538462 0.88
0.4230769 -0.1538462 0.92
0.4230769 -0.1538462 0.92
0.4230769 -0.1538462 0.92
0.3846154 -0.1538462 0.92
0.3846154 -0.1538462 0.92
0.3461539 -0.1923077 0.92
0.3461539 -0.1923077 0.92
0.3461539 -0.1923077 0.92
0.3461539 -0.1923077 0.92
0.3461539 -0.1923077 0.92
0.3461539 -0.2307692 0.96
0.3076923 -0.2307692 0.96
0.3076923 -0.1923077 0.96
