-0.8461539 0.3461539 1.04
-0.8461539 0.3461539 1.04
-0.8461539 0.3461539 1.04
-0.8461539 0.3461539 1.04
-1 0.3076923 1.04
-1 0.3076923 1.04
-1 0.3076923 1.04
-1 0.3076923 1.04
-1 0.3076923 1.04
-1.076923 0.2307692 1.08
-1.076923 0.2307692 1.08
-1.153846 0.1923077 1.04
-1.153846 0.1923077 1.04
-1.192308 0.1923077 1
-1.230769 0.1923077 1
-1.230769 0.2307692 0.96
-1.230769 0.2692308 0.96
-1.192308 0.3076923 1
-1.192308 0.3461539 1.08
-1.192308 0.3846154 1.12
-1.230769 0.3846154 1.2
-1.269231 0.3846154 1.2
-1.307692 0.4230769 1.24
-1.346154 0.4230769 1.16
-1.384615 0.4230769 1.04
-1.346154 0.4230769 0.92
-1.346154 0.3846154 0.76
-1.346154 0.3846154 0.64
-1.346154 0.3846154 0.56
-1.307692 0.3846154 0.52
-1.307692 0.3846154 0.48
-1.307692 0.3461539 0.48
-1.307692 0.3076923 0.48
-1.307692 0.2692308 0.44
-1.269231 0.2692308 0.4
-1.230769 0.2307692 0.36
-1.153846 0.1923077 0.32
-1.153846 0.1923077 0.28
-1.115385 0.1538462 0.24
-1.076923 0.1153846 0.28
-1.038462 0.1153846 0.28
-0.9615384 0.1153846 0.32
-0.9230769 0.1153846 0.32
-0.9230769 0.1153846 0.28
-0.9230769 0.07692308 0.28
-0.9230769 0.03846154 0.24
-0.9230769 0 0.28
-0.8846154 -0.03846154 0.28
-0.8461539 -0.07692308 0.28
-0.7692308 -0.07692308 0.28
-0.7307692 -0.07692308 0.24
-0.6538461 -0.07692308 0.2
-0.5384616 -0.03846154 0.16
-0.4230769 -0.03846154 0.16
-0.3076923 0 0.12
-0.2307692 0 0.08
-0.1153846 0 0.04
-0.07692308 0.03846154 0.04
0 0 0.04
0 0 0.08
-0.03846154 -0.03846154 0.12
-0.03846154 -0.1153846 0.16
-0.07692308 -0.1538462 0.16
-0.07692308 -0.1538462 0.2
-0.07692308 -0.1923077 0.2
-0.07692308 -0.1923077 0.2
-0.07692308 -0.1923077 0.16
-0.07692308 -0.1923077 0.12
-0.07692308 -0.1538462 0.12
-0.03846154 -0.1538462 0.12
-0.07692308 -0.1538462 0.16
-0.07692308 -0.1538462 0.16
-0.1153846 -0.1538462 0.24
-0.1538462 -0.1538462 0.28
-0.1538462 -0.1923077 0.36
-0.1923077 -0.2307692 0.4
-0.1538462 -0.2307692 0.48
-0.1923077 -0.2307692 0.52
-0.1923077 -0.2307692 0.52
-0.1538462 -0.1538462 0.52
-0.1538462 -0.1153846 0.52
-0.1538462 -0.03846154 0.52
-0.1538462 0 0.56
-0.1538462 0.03846154 0.6
-0.1538462 0.07692308 0.72
-0.1538462 0.07692308 0.8
-0.2307692 0.07692308 0.92
-0.3076923 0.03846154 1.04
-0.3846154 0 1.12
-0.3846154 0 1.16
-0.3846154 -0.03846154 1.16
-0.3461539 0.03846154 1.16
-0.2692308 0.07692308 1.16
-0.3076923 0.1923077 1.12
-0.3461539 0.2692308 1.12
-0.4230769 0.2692308 1.12
-0.4615385 0.3076923 1.2
-0.5769231 0.2692308 1.32
-0.6538461 0.2692308 1.36
-0.7692308 0.2692308 1.4
-0.8076923 0.2307692 1.4
-0.8461539 0.1923077 1.36
-0.8461539 0.2307692 1.36
-0.8461539 0.3076923 1.28
-0.8846154 0.3076923 1.28
-0.8846154 0.3076923 1.28
-0.9230769 0.3076923 1.32
-0.9230769 0.3076923 1.32
-0.8846154 0.3076923 1.36
-0.8846154 0.3846154 1.4
-0.9230769 0.4615385 1.4
-0.8846154 0.5384616 1.44
-0.8846154 0.6153846 1.36
-0.9230769 0.6153846 1.32
-0.9230769 0.5769231 1.24
-0.9230769 0.5384616 1.2
-0.9230769 0.5384616 1.12
-0.9230769 0.5384616 1
-0.9230769 0.5384616 0.92
-0.9230769 0.5384616 0.88
-0.9230769 0.5 0.84
-0.8846154 0.5 0.8
-0.8461539 0.5 0.76
-0.8461539 0.5 0.6
-0.8461539 0.4615385 0.4
-0.8461539 0.4615385 0.2
-0.8076923 0.5 0.16
-0.7692308 0.5 0.16
-0.7307692 0.4615385 0.16
-0.7692308 0.4230769 0.16
-0.8076923 0.3461539 0.16
-0.8076923 0.2692308 0.28
-0.7692308 0.2692308 0.36
-0.7307692 0.2692308 0.48
-0.6923077 0.3076923 0.56
-0.6153846 0.3076923 0.64
-0.5769231 0.3461539 0.72
-0.4615385 0.3461539 0.84
-0.4230769 0.3461539 0.88
-0.4230769 0.3076923 0.84
-0.3846154 0.3076923 0.88
-0.3461539 0.2692308 0.92
-0.3461539 0.2692308 0.96
-0.3461539 0.2307692 1
-0.3461539 0.2307692 1
-0.3461539 0.2307692 1.04
-0.3461539 0.2692308 1.04
-0.3076923 0.2692308 1
