-0.03846154 0.5384616 1.28
-0.03846154 0.5384616 1.28
-0.03846154 0.5384616 1.28
-0.03846154 0.5384616 1.28
-0.03846154 0.5384616 1.28
-0.03846154 0.5384616 1.28
-0.03846154 0.5384616 1.28
-0.03846154 0.5384616 1.28
-0.03846154 0.5384616 1.28
0 0.5769231 1.32
0 0.5769231 1.32
0 0.5769231 1.32
0 0.5769231 1.32
0.03846154 0.6538461 1.36
0.1153846 0.7307692 1.32
0.1923077 0.8076923 1.28
0.3076923 0.8461539 1.2
0.3846154 0.9230769 1.2
0.5 0.9230769 1.2
0.5769231 1 1.2
0.6923077 1.076923 1.28
0.8076923 1.153846 1.36
0.9615384 1.269231 1.4
1.115385 1.346154 1.4
1.153846 1.346154 1.4
1.192308 1.346154 1.32
1.153846 1.269231 1.28
1.115385 1.230769 1.24
1.115385 1.192308 1.16
1.076923 1.115385 1.12
1.038462 1.076923 1.16
1 1.038462 1.12
0.9615384 1 1.04
0.9615384 0.9615384 0.96
0.8846154 0.9230769 0.88
0.8461539 0.8846154 0.84
0.8076923 0.8461539 0.8
0.7692308 0.7692308 0.76
0.7307692 0.7692308 0.72
0.6923077 0.6923077 0.68
0.6923077 0.6923077 0.64
0.6538461 0.6153846 0.56
0.6538461 0.6153846 0.52
0.6153846 0.5769231 0.48
0.5769231 0.5384616 0.4
0.5769231 0.5 0.32
0.5769231 0.4230769 0.24
0.5384616 0.4230769 0.2
0.5 0.3461539 0.16
0.5 0.3076923 0.16
0.5 0.2692308 0.16
0.4615385 0.2692308 0.12
0.4230769 0.2307692 0.08
0.3846154 0.1923077 0.04
0.3076923 0.1923077 0.04
0.2692308 0.1538462 0.04
0.1923077 0.07692308 0.04
0.1538462 0.03846154 0.08
0.1153846 0 0.08
0.1153846 0 0.08
0.1153846 0 0.08
0.07692308 -0.03846154 0.04
0.07692308 -0.03846154 0.04
0.03846154 -0.07692308 0.04
0.03846154 -0.07692308 0.04
0 -0.03846154 0.12
-0.03846154 -0.07692308 0.12
-0.1153846 -0.07692308 0.16
-0.1538462 -0.1153846 0.24
-0.1923077 -0.1538462 0.32
-0.1923077 -0.1923077 0.4
-0.1923077 -0.1923077 0.44
-0.1538462 -0.1923077 0.44
-0.1153846 -0.1923077 0.4
-0.07692308 -0.1538462 0.36
-0.03846154 -0.1153846 0.4
0 -0.03846154 0.48
0 -0.03846154 0.64
-0.03846154 -0.03846154 0.76
-0.1153846 -0.07692308 0.84
-0.2307692 -0.1538462 0.88
-0.3076923 -0.2307692 0.88
-0.3076923 -0.2307692 0.8
-0.2307692 -0.1538462 0.76
-0.07692308 0 0.68
0.07692308 0.1923077 0.8
0.07692308 0.1923077 0.8
0.1153846 0.2307692 0.96
0.1153846 0.2692308 1.12
0.1538462 0.2692308 1.24
0.1923077 0.3076923 1.24
0.1923077 0.3461539 1.24
0.2307692 0.4230769 1.2
0.3076923 0.5384616 1.24
0.4230769 0.6153846 1.2
0.5 0.6923077 1.28
0.5384616 0.7307692 1.32
0.5769231 0.7692308 1.36
0.6153846 0.8076923 1.36
0.5769231 0.8076923 1.44
0.5384616 0.7692308 1.56
0.5769231 0.7307692 1.64
0.6538461 0.7692308 1.64
0.7307692 0.8461539 1.56
0.7692308 0.8846154 1.52
0.8076923 0.8846154 1.52
0.7692308 0.8846154 1.48
0.7692308 0.8461539 1.44
0.6538461 0.8076923 1.32
0.5769231 0.7307692 1.24
0.5 0.7307692 1.16
0.5 0.6923077 1
0.5384616 0.7307692 0.92
0.5769231 0.7692308 0.84
0.6153846 0.7692308 0.8
0.6538461 0.7692308 0.76
0.6153846 0.7692308 0.68
0.5769231 0.7307692 0.68
0.5384616 0.6923077 0.64
0.5 0.6923077 0.68
0.5 0.6923077 0.68
0.5 0.6923077 0.68
0.5 0.6538461 0.68
0.5 0.6538461 0.64
0.5 0.6538461 0.64
0.5 0.6538461 0.64
0.5384616 0.6538461 0.64
0.5769231 0.6538461 0.64
0.5769231 0.6538461 0.68
0.5769231 0.6538461 0.68
0.5769231 0.6538461 0.68
0.5384616 0.6153846 0.68
0.5 0.5769231 0.72
0.4615385 0.5769231 0.72
0.4230769 0.5384616 0.72
0.4230769 0.5 0.72
0.3846154 0.5 0.76
