0.3461539 0.8076923 1.4
0.3461539 0.8076923 1.4
0.3461539 0.8076923 1.4
0.3461539 0.8076923 1.4
0.3461539 0.8076923 1.4
0.3461539 0.8076923 1.4
0.3461539 0.8076923 1.4
0.3461539 0.8076923 1.4
0.3461539 0.8076923 1.4
0.3076923 0.8461539 1.52
0.3076923 0.8461539 1.68
0.3076923 0.8461539 1.68
0.3076923 0.8461539 1.68
0.2692308 0.8461539 1.76
0.3076923 0.8461539 1.8
0.3076923 0.8461539 1.76
0.3076923 0.8461539 1.72
0.3076923 0.8461539 1.72
0.2692308 0.8461539 1.72
0.2692308 0.8461539 1.68
0.2692308 0.8461539 1.64
0.3076923 0.8076923 1.6
0.3076923 0.8461539 1.52
0.3076923 0.8461539 1.44
0.3076923 0.8076923 1.32
0.2692308 0.7692308 1.16
0.2692308 0.7307692 1.04
0.2307692 0.6923077 1
0.2307692 0.6538461 1.04
0.1923077 0.5769231 1.08
0.1923077 0.5384616 1.04
0.2307692 0.5384616 1.04
0.2307692 0.5 0.96
0.1923077 0.4615385 0.92
0.1538462 0.4230769 0.88
0.1153846 0.3461539 0.8
0.03846154 0.2692308 0.72
0.03846154 0.1923077 0.64
0.03846154 0.1153846 0.56
0 0.07692308 0.48
0.03846154 0.03846154 0.44
0.03846154 -0.03846154 0.44
0.03846154 -0.07692308 0.48
0.03846154 -0.07692308 0.48
0.07692308 -0.1153846 0.44
0.07692308 -0.1538462 0.4
0.07692308 -0.1923077 0.32
0.07692308 -0.2307692 0.2
0.1153846 -0.2307692 0.12
0.07692308 -0.3076923 0.08
0.03846154 -0.3846154 0.04
0 -0.4230769 0.04
0 -0.4615385 0.04
0 -0.5 0.08
0 -0.5 0.08
0 -0.5 0.08
0.03846154 -0.5384616 0.04
0.03846154 -0.5384616 0
0.03846154 -0.5384616 0
0.03846154 -0.5384616 0
0.03846154 -0.5384616 0
0.03846154 -0.5769231 0
0.03846154 -0.5769231 0.04
0 -0.5769231 0.08
-0.03846154 -0.5769231 0.12
-0.07692308 -0.5769231 0.16
-0.07692308 -0.5384616 0.2
