0.1538462 -0.7692308 -0.32
0.1538462 -0.7692308 -0.32
0.1538462 -0.7692308 -0.32
0.1538462 -0.7692308 -0.32
0.1538462 -0.7692308 -0.32
0.1538462 -0.7692308 -0.32
0.1538462 -0.7692308 -0.32
0.1538462 -0.7692308 -0.32
0.1538462 -0.7692308 -0.36
0.1538462 -0.7692308 -0.36
0.1538462 -0.7692308 -0.36
0.1538462 -0.7692308 -0.36
0.1538462 -0.7692308 -0.36
0.1538462 -0.7307692 -0.36
0.1923077 -0.7307692 -0.44
0.2307692 -0.6538461 -0.44
0.3076923 -0.5769231 -0.4
0.3461539 -0.5384616 -0.32
0.3076923 -0.5 -0.24
0.2692308 -0.4615385 -0.16
0.2307692 -0.4615385 -0.08
0.1538462 -0.4615385 -0.04
0.07692308 -0.4615385 0
0.03846154 -0.4230769 -0.04
0.03846154 -0.3846154 -0.04
0.07692308 -0.3076923 0.04
0.1153846 -0.2307692 0.12
0.1923077 -0.1538462 0.2
0.1923077 -0.07692308 0.28
0.1923077 -0.03846154 0.4
0.1153846 0 0.56
0 0 0.68
-0.07692308 -0.03846154 0.76
-0.1153846 -0.03846154 0.8
-0.1153846 0 0.84
-0.07692308 0.1153846 0.88
-0.07692308 0.1153846 0.88
0 0.1923077 0.88
0.07692308 0.2692308 0.84
0.1923077 0.3461539 0.84
0.2692308 0.4230769 0.88
0.2692308 0.5 0.92
0.2307692 0.5384616 1.04
0.1153846 0.5384616 1.16
0 0.5 1.24
0 0.5 1.2
0.07692308 0.5384616 1.08
0.1538462 0.6153846 1
0.1923077 0.6923077 1
0.2307692 0.7692308 1.12
0.3076923 0.8461539 1.16
0.3076923 0.8846154 1.2
0.2307692 0.9230769 1.32
0.1923077 0.8846154 1.36
0.1153846 0.8461539 1.4
0.1153846 0.8461539 1.4
0.1153846 0.8076923 1.36
0.1153846 0.8076923 1.36
0.07692308 0.7692308 1.36
0.03846154 0.7307692 1.4
0.03846154 0.7692308 1.4
0.03846154 0.7692308 1.4
0.03846154 0.7692308 1.4
0.03846154 0.7692308 1.4
0.03846154 0.7692308 1.44
0.07692308 0.7307692 1.44
0.03846154 0.6923077 1.44
0 0.6923077 1.4
-0.03846154 0.6538461 1.4
-0.03846154 0.6538461 1.36
-0.03846154 0.6538461 1.32
-0.03846154 0.6538461 1.28
0 0.6153846 1.24
0 0.6153846 1.2
0 0.6153846 1.12
0 0.6153846 1.12
-0.03846154 0.5769231 1.12
-0.03846154 0.6153846 1.12
-0.07692308 0.5769231 1.12
-0.07692308 0.5769231 1.2
-0.07692308 0.6153846 1.24
-0.03846154 0.6538461 1.24
0 0.6538461 1.32
0 0.6923077 1.4
