1384355675741 146104143692868 1382574000000 -2.911349 0.306458 9.500193
1384355675864 146104267472165 1382684000000 -2.911349 -0.153229 9.040505
1384355675987 146104390274899 1382794000000 -3.064578 -2.604892 8.887277
1384355676077 146104480484860 1382904000000 -3.524265 -5.822699 9.346964
1384355676173 146104576401608 1383014000000 -1.991976 -3.830723 12.411542
1384355676296 146104699479001 1383124000000 -0.153229 -1.532289 10.419566
1384355676408 146104811020749 1383234000000 0.153229 2.451663 9.653421
1384355676502 146104904953854 1383344000000 -1.991976 5.056554 5.822699
1384355676626 146105028641599 1383454000000 -2.145205 4.903325 4.290410
1384355676724 146105127457517 1383564000000 0.766145 -0.153229 0.919373
1384355676836 146105239060300 1383674000000 0.306458 -0.612916 3.371036
1384355676948 146105351029294 1383784000000 4.443638 -1.685518 11.951855
1384355677074 146105476792233 1383894000000 15.016433 -4.903325 16.242264
1384355677160 146105563462155 1384004000000 10.419566 -2.298434 13.637373
1384355677276 146105679581540 1384114000000 7.508216 -2.145205 7.814674
1384355677403 146105806229489 1384224000000 7.661446 -2.604892 5.975927
1384355677515 146105917771237 1384334000000 6.742072 -1.991976 6.435614
1384355677602 146106004776852 1384444000000 7.201759 -1.379060 7.201759
1384355677713 146106116135495 1384554000000 7.201759 -2.145205 6.742072
1384355677832 146106234909909 1384664000000 7.201759 -1.532289 7.661446
