1384249644818 98885380631263 1648961000000 -7.508216 2.298434 6.435614
1384249644941 98885503495032 1649071000000 -7.354988 2.911349 6.435614
1384249645053 98885615311439 1649181000000 -7.661446 3.371036 5.516241
1384249645169 98885731247718 1649291000000 -7.814674 -0.919373 6.282385
1384249645254 98885816727454 1649401000000 -2.604892 -14.709975 10.879252
1384249645365 98885927353675 1649511000000 0.000000 -3.677494 10.266337
1384249645477 98886039200599 1649621000000 1.838747 6.435614 9.500193
1384249645588 98886150345618 1649731000000 0.306458 5.669470 5.056554
1384249645701 98886262985999 1649841000000 3.677494 1.379060 1.532289
1384249645812 98886374008948 1649951000000 7.201759 -4.750096 0.766145
1384249645923 98886485489661 1650061000000 14.097059 -10.726024 9.653421
1384249646034 98886596543128 1650171000000 17.161638 -6.895301 22.984337
1384249646145 98886707901771 1650281000000 6.282385 -4.137181 4.903325
1384249646248 98886810318763 1650391000000 7.201759 -4.750096 2.911349
1384249646359 98886921616370 1650501000000 10.113108 -4.750096 10.726024
1384249646471 98887033158118 1650611000000 9.653421 -5.209783 3.677494
