1384187771260 80669549416007 3169912000000 2.604892 -6.588843 7.354988
1384187771360 80669649879874 3170022000000 3.064578 -6.129157 7.508216
1384187771461 80669751076163 3170132000000 4.903325 -3.524265 5.975927
1384187771586 80669876167716 3170242000000 9.193734 -3.064578 7.508216
1384187771687 80669976692618 3170352000000 8.274362 -10.572795 10.113108
1384187771788 80670077766837 3170462000000 2.911349 -15.169662 9.653421
1384187771900 80670189857901 3170572000000 -0.306458 -9.346964 2.604892
1384187772011 80670300514639 3170682000000 1.838747 -4.750096 6.895301
1384187772133 80670422523917 3170792000000 6.129157 0.612916 13.790602
1384187772244 80670533821524 3170902000000 7.354988 6.588843 14.403518
1384187772355 80670645088614 3171012000000 3.983952 3.677494 10.419566
1384187772453 80670742927970 3171122000000 -0.766145 1.685518 5.975927
1384187772564 80670854042471 3171232000000 -5.056554 -1.532289 3.983952
1384187772667 80670956459464 3171342000000 -6.895301 -3.371036 6.129157
1384187772778 80671067543448 3171452000000 -7.201759 -2.911349 7.661446
1384187772888 80671178108633 3171562000000 -7.048530 0.306458 7.354988
1384187773000 80671290138663 3171672000000 -6.742072 1.532289 7.201759
1384187773111 80671400978507 3171782000000 -6.282385 0.459687 7.354988
1384187773223 80671512581290 3171892000000 -7.048530 0.919373 7.201759
1384187773333 80671622719229 3172002000000 -6.282385 -0.153229 8.121132
1384187773438 80671727760733 3172112000000 -6.588843 0.306458 7.814674
