1384187783278 80681567482413 3181912000000 2.145205 -6.129157 6.895301
1384187783354 80681643989981 3182022000000 2.145205 -5.822699 7.048530
1384187783464 80681753426016 3182132000000 6.282385 -4.750096 7.048530
1384187783575 80681864662589 3182242000000 8.121132 -4.443638 6.588843
1384187783686 80681975838126 3182352000000 8.887277 -8.734048 11.032481
1384187783797 80682086983145 3182462000000 1.685518 -15.935806 12.871228
1384187783909 80682198616446 3182572000000 -0.459687 -9.653421 3.830723
1384187784020 80682309608878 3182682000000 -0.153229 -5.975927 5.363012
1384187784144 80682433296622 3182792000000 3.983952 -0.306458 14.709975
1384187784230 80682519874991 3182902000000 6.129157 1.991976 15.935806
1384187784341 80682630867422 3183012000000 1.838747 2.911349 9.806650
1384187784454 80682743507803 3183122000000 -0.153229 0.919373 5.056554
1384187784564 80682853340567 3183232000000 -7.508216 -2.145205 5.209783
1384187784675 80682964607657 3183342000000 -7.661446 -5.209783 6.129157
1384187784786 80683075813712 3183452000000 -7.508216 -1.838747 6.282385
1384187784897 80683186989249 3183562000000 -7.201759 0.766145 6.895301
1384187785009 80683298561514 3183672000000 -7.354988 0.919373 6.742072
1384187785120 80683409584464 3183782000000 -8.121132 -4.903325 5.056554
1384187785216 80683505897940 3183892000000 -7.354988 0.459687 7.814674
1384187785329 80683618568839 3184002000000 -6.742072 0.000000 7.354988
