1384187786983 80685272407950 3185652000000 2.604892 -7.201759 6.895301
1384187787099 80685389107169 3185762000000 3.371036 -5.822699 6.588843
1384187787210 80685500130118 3185872000000 7.508216 -4.137181 6.282385
1384187787322 80685611458243 3185982000000 9.806650 -5.822699 7.661446
1384187787433 80685722633780 3186092000000 3.217807 -16.395493 13.177687
1384187787545 80685834297598 3186202000000 -0.612916 -9.653421 11.032481
1384187787656 80685945595206 3186312000000 0.000000 -7.814674 4.596867
1384187787767 80686056740225 3186422000000 4.443638 1.225831 13.637373
1384187787878 80686168220938 3186532000000 9.193734 2.758120 17.314867
1384187787984 80686274116934 3186642000000 4.750096 3.524265 8.580819
1384187788096 80686385536612 3186752000000 -0.153229 2.451663 6.742072
1384187788207 80686496529044 3186862000000 -4.443638 -2.451663 5.363012
1384187788318 80686608192862 3186972000000 -7.354988 -6.742072 5.975927
1384187788405 80686694282950 3187082000000 -7.201759 -3.217807 7.508216
1384187788523 80686812935294 3187192000000 -7.201759 -0.459687 6.435614
1384187788634 80686924171866 3187302000000 -6.742072 1.379060 7.048530
1384187788746 80687035408438 3187412000000 -6.895301 1.685518 6.895301
1384187788857 80687146553458 3187522000000 -3.217807 6.588843 5.056554
1384187788968 80687258064688 3187632000000 -7.201759 1.072602 6.742072
1384187789085 80687374336661 3187742000000 -9.346964 2.758120 7.354988
1384187789177 80687466469229 3187852000000 -6.742072 0.766145 7.048530
