1384354955360 145383762986081 662114000000 6.435614 -1.225831 8.121132
1384354955474 145383877335446 662224000000 6.435614 -1.225831 7.814674
1384354955598 145384001114743 662334000000 6.435614 -0.459687 7.967903
1384354955703 145384106156247 662444000000 9.346964 3.064578 15.016433
1384354955817 145384220353024 662554000000 11.338940 4.290410 17.621325
1384354955919 145384322220700 662664000000 13.330915 -2.911349 10.879252
1384354956022 145384424851315 662774000000 5.516241 -1.685518 1.379060
1384354956147 145384550492185 662884000000 -1.991976 2.911349 -2.451663
1384354956258 145384661057370 662994000000 -2.145205 6.895301 2.298434
1384354956369 145384771744626 663104000000 -0.459687 9.040505 8.427590
1384354956470 145384873581784 663214000000 -0.306458 6.895301 11.645397
1384354956572 145384974717038 663324000000 -0.306458 1.532289 11.645397
1384354956698 145385101029294 663434000000 -2.604892 -4.137181 7.967903
1384354956799 145385202591794 663544000000 -3.371036 -1.685518 4.903325
1384354956903 145385305863278 663654000000 -0.459687 1.532289 2.604892
1384354957029 145385432297604 663764000000 2.451663 3.830723 6.129157
1384354957131 145385533982175 663874000000 8.734048 1.225831 11.185710
1384354957231 145385634079831 663984000000 10.266337 3.217807 21.145590
1384354957342 145385745041745 664094000000 7.661446 -0.766145 11.645397
1384354957468 145385871537106 664204000000 5.975927 -5.056554 5.209783
1384354957580 145385982926266 664314000000 6.588843 -5.363012 5.975927
1384354957693 145386096115964 664424000000 9.959879 -0.612916 8.427590
1384354957788 145386191605466 664534000000 10.113108 3.677494 8.121132
1384354957913 145386315659421 664644000000 7.354988 2.758120 7.967903
1384354958023 145386426499265 664754000000 6.129157 -0.459687 8.580819
1384354958114 145386517136472 664864000000 5.516241 -0.919373 8.427590
1384354958225 145386628373044 664974000000 5.822699 -0.153229 8.121132
1384354958337 145386740311520 665084000000 5.516241 -0.766145 8.274362
1384354958448 145386851487057 665194000000 5.516241 -0.459687 8.274362
1384354958561 145386964218991 665304000000 6.129157 -0.919373 8.887277
