1384355001351 145429754563229 708104000000 5.975927 -1.072602 8.121132
1384355001464 145429867356198 708214000000 5.975927 -0.766145 7.967903
1384355001576 145429978684323 708324000000 5.669470 -1.072602 7.967903
1384355001680 145430083298581 708434000000 5.822699 -0.612916 8.274362
1384355001817 145430220108884 708544000000 9.500193 4.596867 18.081011
1384355001904 145430307236569 708654000000 11.798626 1.379060 17.468096
1384355002015 145430418229001 708764000000 9.806650 -0.766145 10.726024
1384355002125 145430527787106 708874000000 4.137181 -0.919373 0.612916
1384355002248 145430650864499 708984000000 -1.532289 1.838747 -1.225831
1384355002359 145430761856931 709094000000 -3.064578 7.967903 3.371036
1384355002470 145430873429196 709204000000 -0.766145 9.346964 7.814674
1384355002569 145430972519772 709314000000 2.145205 7.508216 10.266337
1384355002681 145431083939450 709424000000 2.451663 1.225831 9.500193
1384355002796 145431198899167 709534000000 -1.838747 -4.137181 9.959879
1384355002936 145431338639157 709644000000 -3.064578 -0.306458 8.274362
1384355003022 145431425034421 709754000000 -1.838747 -0.919373 3.677494
1384355003134 145431536911862 709864000000 0.306458 1.225831 1.838747
1384355003220 145431623490231 709974000000 9.500193 2.604892 8.734048
1384355003357 145431760147946 710084000000 11.951855 2.604892 17.774553
1384355003453 145431855759518 710194000000 7.967903 2.604892 13.790602
1384355003563 145431966355222 710304000000 6.895301 -4.443638 6.129157
1384355003663 145432066056149 710414000000 7.967903 -6.588843 5.056554
1384355003785 145432188370603 710524000000 12.105083 -0.612916 7.354988
1384355003898 145432301346677 710634000000 10.419566 2.604892 7.967903
1384355003996 145432399430173 710744000000 7.048530 1.072602 8.274362
1384355004107 145432509934323 710854000000 7.048530 -1.838747 7.967903
1384355004216 145432619339841 710964000000 5.669470 -0.766145 7.508216
1384355004326 145432729447263 711074000000 5.363012 -1.225831 8.427590
1384355004437 145432840470212 711184000000 5.975927 -2.298434 8.427590
1384355004563 145432965836423 711294000000 5.516241 -2.911349 7.814674
