1384267868583 114742506558450 4918266000000 6.588843 -4.596867 6.282385
1384267868680 114742603879007 4918376000000 6.895301 -4.750096 6.282385
1384267868802 114742725247415 4918486000000 6.895301 -4.290410 9.500193
1384267868911 114742834286721 4918596000000 14.709975 -1.532289 23.597252
1384267869010 114742933896096 4918706000000 11.185710 -8.427590 1.838747
1384267869113 114743036648782 4918816000000 2.298434 -1.225831 -3.064578
1384267869238 114743161740335 4918926000000 2.758120 6.282385 6.282385
1384267869333 114743256680520 4919036000000 2.911349 -1.838747 9.653421
1384267869462 114743385251077 4919146000000 -0.766145 -7.354988 10.113108
1384267869573 114743496365579 4919256000000 -0.612916 -2.911349 10.572795
1384267869692 114743615658792 4919366000000 0.153229 0.153229 10.419566
1384267869792 114743715512307 4919476000000 0.306458 -1.072602 9.959879
1384267869902 114743825680764 4919586000000 0.153229 0.306458 10.266337
1384267869996 114743919369729 4919696000000 0.612916 -1.379060 9.193734
1384267870108 114744031216653 4919806000000 -0.153229 0.000000 10.419566
