1384267876398 114750321621927 4926096000000 6.742072 -4.443638 6.435614
1384267876524 114750447751077 4926206000000 6.435614 -4.596867 5.975927
1384267876616 114750539456399 4926316000000 6.742072 -3.983952 10.879252
1384267876727 114750650570901 4926426000000 14.250289 -4.750096 21.605276
1384267876842 114750765042336 4926536000000 9.346964 -7.508216 1.379060
1384267876964 114750887112649 4926646000000 3.217807 -0.766145 -1.532289
1384267877080 114751003781350 4926756000000 4.137181 6.742072 7.814674
1384267877165 114751088742288 4926866000000 4.750096 -0.306458 9.500193
1384267877292 114751215786965 4926976000000 0.000000 -6.435614 9.193734
1384267877402 114751325802835 4927086000000 -1.532289 -3.677494 10.113108
1384267877502 114751425534280 4927196000000 -0.306458 -1.072602 9.959879
1384267877625 114751548214944 4927306000000 -0.306458 -0.459687 9.806650
1384267877727 114751650692971 4927416000000 -0.306458 -0.306458 10.113108
1384267877828 114751751950296 4927526000000 0.153229 0.000000 10.113108
1384267877957 114751880276711 4927636000000 0.153229 -0.153229 10.113108
1384267878058 114751981137307 4927746000000 0.612916 -0.153229 10.266337
