1384267896155 114770078640970 4945846000000 6.129157 -5.363012 6.435614
1384267896257 114770180996927 4945956000000 6.129157 -5.209783 5.975927
1384267896385 114770308438333 4946066000000 6.742072 -5.516241 17.621325
1384267896487 114770410428079 4946176000000 13.943830 -8.580819 16.701952
1384267896586 114770509671243 4946286000000 7.661446 -6.129157 -0.612916
1384267896697 114770620541604 4946396000000 1.532289 2.604892 -0.459687
1384267896825 114770748013528 4946506000000 2.758120 7.661446 7.354988
1384267896910 114770833249124 4946616000000 2.758120 -0.306458 9.806650
1384267897034 114770957760842 4946726000000 0.153229 -6.588843 10.879252
1384267897136 114771059475930 4946836000000 -0.612916 -1.379060 10.572795
1384267897261 114771184445413 4946946000000 0.153229 0.459687 11.032481
1384267897361 114771284420999 4947056000000 -0.306458 0.612916 9.806650
1384267897462 114771385769876 4947166000000 0.306458 0.612916 10.113108
1384267897587 114771510098489 4947276000000 0.919373 -3.371036 8.580819
1384267897690 114771613186868 4947386000000 -0.153229 1.379060 11.032481
