0 0.07692308 1
0 0.07692308 1
0 0.07692308 1
0 0.07692308 1
0 0.07692308 1
0 0.07692308 1
0 0.07692308 1
0 0.07692308 1
0 0.07692308 1
0 0.07692308 1
0 0.07692308 1
0 0.07692308 1
-0.07692308 0.07692308 0.96
-0.1153846 0.07692308 1
-0.1923077 0.07692308 1
-0.2692308 0.07692308 1.04
-0.3846154 0.07692308 1.08
-0.5 0.07692308 1.16
-0.5769231 0.07692308 1.2
-0.7307692 0.07692308 1.32
-0.8461539 0.07692308 1.32
-1 0.07692308 1.36
-1.115385 0.03846154 1.4
-1.269231 -0.03846154 1.4
-1.461538 -0.1538462 1.36
-1.538462 -0.1538462 1.32
-1.461538 -0.1153846 1.16
-1.346154 -0.07692308 1
-1.230769 -0.07692308 0.88
-1.038462 -0.07692308 0.8
-0.8461539 0 0.76
-0.5384616 0.2307692 0.76
-0.1153846 0.5 0.68
0.4230769 0.8076923 0.68
0.9615384 1 0.76
1.423077 1.076923 0.84
1.769231 1.038462 0.92
1.884615 0.9615384 0.96
1.923077 0.8846154 0.92
1.730769 0.6153846 1.08
1.230769 0.3076923 0.96
0.6153846 -0.03846154 0.84
0.5 -0.07692308 0.76
0.3461539 -0.1153846 0.72
0.2307692 -0.1538462 0.68
0.1153846 -0.1923077 0.76
0.03846154 -0.1538462 0.8
-0.03846154 -0.1538462 0.88
-0.07692308 -0.07692308 0.92
-0.03846154 -0.03846154 0.96
0 0 0.96
-0.03846154 0.03846154 1.04
-0.03846154 0 1.08
-0.07692308 0 1.08
