-0.7307692 -0.1923077 1.08
-0.7307692 -0.1923077 1.08
-0.7307692 -0.1923077 1.08
-0.7307692 -0.1923077 1.08
-0.7307692 -0.1923077 1.08
-0.7307692 -0.1923077 1.08
-0.7307692 -0.1538462 1.08
-0.7307692 -0.1538462 1.08
-0.7307692 -0.1538462 1.08
-0.7307692 -0.1538462 1.08
-0.7307692 -0.1538462 1.08
-0.7307692 -0.1538462 1.08
-0.7307692 -0.1153846 1.12
-0.7692308 -0.1153846 1.08
-0.8076923 -0.1538462 1.12
-0.9615384 -0.1923077 1.12
-1.115385 -0.2692308 1.16
-1.192308 -0.2692308 1.16
-1.230769 -0.2307692 1.12
-1.230769 -0.2307692 1.12
-1.230769 -0.1538462 1
-1.230769 -0.07692308 0.96
-1.307692 0 1
-1.346154 0.07692308 1.08
-1.230769 0.2692308 1.12
-0.8846154 0.5 1.16
-0.6538461 0.6923077 1.04
-0.3461539 0.9230769 0.96
0.07692308 1.230769 1.08
0.5769231 1.384615 1.08
1.269231 1.576923 0.84
1.269231 1.576923 0.84
1.423077 1.576923 0.72
1.5 1.576923 0.64
1.576923 1.538462 0.6
1.692308 1.461538 0.6
1.615385 1.346154 0.68
1.307692 1.076923 0.76
0.8846154 0.7692308 0.88
0.6538461 0.5 0.96
0.5 0.3076923 1
0.4615385 0.1923077 0.96
0.4230769 0.07692308 0.92
0.3846154 0 0.96
0.3846154 -0.03846154 0.92
0.4230769 -0.03846154 0.88
0.4230769 -0.03846154 0.84
0.3846154 -0.07692308 0.84
0.3461539 -0.07692308 0.8
