-0.5 -0.3461539 0.2
-0.5 -0.3461539 0.2
-0.5 -0.3461539 0.2
-0.5 -0.3461539 0.2
-0.5 -0.3461539 0.2
-0.5 -0.3461539 0.2
-0.5384616 -0.3461539 0.16
-0.5384616 -0.3461539 0.16
-0.5384616 -0.3461539 0.16
-0.5384616 -0.3461539 0.16
-0.5384616 -0.3461539 0.16
-0.5384616 -0.3461539 0.16
-0.5384616 -0.3461539 0.16
-0.5384616 -0.3461539 0.16
-0.5769231 -0.3846154 0.16
-0.6153846 -0.3461539 0.12
-0.6538461 -0.3076923 -0.04
-0.6538461 -0.2692308 -0.08
-0.5769231 -0.1923077 -0.12
-0.5 -0.07692308 -0.12
-0.5 -0.03846154 -0.16
-0.5769231 0 -0.16
-0.5769231 0 -0.12
-0.5384616 0.07692308 0
-0.5 0.1538462 0.08
-0.5384616 0.1538462 0.28
-0.5769231 0.1153846 0.32
-0.6153846 0.1153846 0.28
-0.5384616 0.1538462 0.28
-0.4615385 0.1923077 0.32
-0.3846154 0.2307692 0.48
-0.2692308 0.2692308 0.68
-0.1538462 0.3076923 0.88
-0.1538462 0.3461539 1.2
-0.3076923 0.3461539 1.52
-0.4230769 0.3076923 1.8
-0.4230769 0.3461539 1.96
-0.4230769 0.4230769 2.08
-0.4230769 0.4230769 2.24
-0.4230769 0.4230769 2.44
-0.4230769 0.3461539 2.52
-0.3846154 0.3461539 2.56
-0.3846154 0.2692308 2.44
-0.3846154 0.1923077 2.28
-0.3846154 0.1153846 2.12
-0.3846154 0.07692308 1.92
-0.3846154 0.03846154 1.68
-0.3461539 0.03846154 1.52
-0.3076923 0.07692308 1.36
-0.2307692 0.1153846 1.24
-0.1538462 0.1538462 1.12
-0.07692308 0.2307692 1.08
-0.07692308 0.2692308 1.04
0 0.3461539 1
0.07692308 0.4230769 0.92
0.1538462 0.4615385 0.84
0.1538462 0.5 0.8
0.1538462 0.5384616 0.76
0.1153846 0.5384616 0.76
0.07692308 0.5769231 0.76
0 0.5769231 0.72
-0.07692308 0.6153846 0.64
-0.1538462 0.6153846 0.64
-0.2692308 0.6153846 0.56
-0.5384616 0.5 0.28
-0.7307692 0.3846154 0.28
-0.7692308 0.2307692 0.4
-1.038462 0 0.4
-1.269231 -0.1153846 0.4
-1.269231 -0.03846154 0.44
-1.192308 0.07692308 0.48
-1.153846 0.2307692 0.52
-1.076923 0.3076923 0.52
-1.076923 0.3461539 0.6
-1.076923 0.3461539 0.64
-1.076923 0.3461539 0.68
-1 0.3461539 0.72
-0.9230769 0.4230769 0.76
-0.8076923 0.4615385 0.8
-0.7307692 0.5 0.76
-0.6538461 0.4615385 0.68
-0.6153846 0.4615385 0.72
-0.5769231 0.4230769 0.76
-0.6153846 0.3846154 0.8
-0.5769231 0.4230769 0.8
-0.5384616 0.4615385 0.8
-0.5 0.4615385 0.84
-0.5 0.4615385 0.92
-0.5 0.4615385 0.96
-0.5 0.4615385 1
-0.5 0.4230769 0.92
-0.5 0.4230769 0.92
-0.5 0.3846154 0.88
-0.5 0.3846154 0.88
-0.5 0.3461539 0.88
-0.5384616 0.3461539 0.92
-0.5384616 0.3076923 0.92
-0.5769231 0.3076923 0.92
-0.5769231 0.3076923 0.92
