0.1153846 0.1923077 1.4
0.1153846 0.1923077 1.4
0.1153846 0.1923077 1.4
0.1153846 0.1923077 1.4
0.1153846 0.1923077 1.4
0.1153846 0.1923077 1.4
0.1153846 0.1923077 1.4
0.1153846 0.1923077 1.4
0.1923077 0.2692308 1.52
0.1923077 0.2692308 1.52
0.1923077 0.2692308 1.52
0.1923077 0.2692308 1.52
0.1923077 0.2692308 1.52
0.2692308 0.3846154 1.76
0.3846154 0.5 2
0.4230769 0.6538461 2.28
0.4230769 0.6923077 2.52
0.4230769 0.6923077 2.56
0.3461539 0.6153846 2.52
0.2692308 0.5 2.4
0.1923077 0.4230769 2.36
0.1923077 0.3846154 2.24
0.2692308 0.4230769 2.08
0.3461539 0.4230769 1.92
0.4230769 0.4615385 1.72
0.5 0.5 1.52
0.5384616 0.5 1.28
0.4615385 0.4230769 1.04
0.4230769 0.3461539 0.76
0.4230769 0.3461539 0.48
0.5 0.3461539 0.28
0.5384616 0.3461539 0.24
0.5384616 0.3076923 0.16
0.4615385 0.1923077 -0.04
0.2307692 0.03846154 -0.4
0 -0.1153846 -0.68
-0.1153846 -0.1923077 -0.88
-0.2307692 -0.2692308 -0.92
-0.3846154 -0.3461539 -0.84
-0.4615385 -0.3846154 -0.44
-0.4615385 -0.3846154 -0.44
-0.4615385 -0.3461539 -0.28
-0.4230769 -0.3076923 -0.2
-0.3076923 -0.2307692 -0.08
-0.2692308 -0.1923077 0.08
-0.2307692 -0.1923077 0.28
-0.1923077 -0.1923077 0.44
-0.1923077 -0.2307692 0.52
-0.1153846 -0.1923077 0.6
0 -0.1153846 0.68
0.07692308 -0.1153846 0.8
0.03846154 -0.1538462 0.92
0.03846154 -0.1923077 1.04
0 -0.1923077 1.08
-0.03846154 -0.2692308 1.04
