0.5769231 -0.2307692 0.96
0.5769231 -0.2307692 0.96
0.5769231 -0.2307692 0.96
0.5769231 -0.2307692 0.96
0.5769231 -0.2307692 0.96
0.5769231 -0.2307692 0.96
0.5769231 -0.2307692 0.96
0.5769231 -0.2307692 0.96
0.5769231 -0.2307692 0.96
0.5769231 -0.2307692 0.96
0.6923077 -0.1923077 1
0.6923077 -0.1923077 1
0.8461539 -0.1538462 1.04
0.9615384 -0.07692308 1.08
1.115385 0 1.12
1.230769 0.1153846 1.12
1.423077 0.1923077 1.08
1.538462 0.3461539 1
1.653846 0.4615385 0.96
1.692308 0.6153846 0.92
1.730769 0.8461539 0.92
1.807692 1.115385 0.92
1.769231 1.384615 0.92
1.576923 1.730769 0.84
1.269231 2.076923 0.48
0.5769231 2.115385 0.32
-0.1923077 1.807692 0.44
-0.9615384 1.269231 0.76
-1.576923 0.7307692 1.08
-1.769231 0.4230769 1.16
-1.730769 0.3846154 1.16
-1.538462 0.4615385 1.16
-1.346154 0.5769231 1.2
-1.230769 0.6153846 1.12
-1.153846 0.5769231 1
-1.153846 0.5 0.84
-1.230769 0.3076923 0.76
-1.269231 0.1153846 0.84
-1.269231 0 0.96
-1.230769 0 1.04
-1.038462 0.1538462 1.16
-0.7692308 0.2692308 1.2
-0.5384616 0.3461539 1.16
-0.3846154 0.3076923 1.16
-0.2692308 0.2307692 1.16
-0.2307692 0.1538462 1.2
-0.1923077 0.07692308 1.28
-0.1538462 0 1.32
-0.1538462 -0.07692308 1.32
-0.1538462 -0.1153846 1.32
-0.1153846 -0.07692308 1.2
