0.2307692 0.1923077 -0.88
0.2307692 0.1923077 -0.88
0.2692308 0.4230769 -1.08
0.2692308 0.4230769 -1.08
0.2692308 0.4230769 -1.08
0.3461539 0.6538461 -1.2
0.3461539 0.6538461 -1.2
0.3461539 0.6538461 -1.2
0.3461539 0.6538461 -1.2
0.4230769 0.9230769 -1.24
0.4230769 0.9230769 -1.24
0.4230769 0.9230769 -1.24
0.4230769 0.9230769 -1.24
0.4230769 0.9230769 -1.24
0.4230769 1.115385 -1.08
0.3846154 1.346154 -0.8
0.3076923 1.576923 -0.48
0.2307692 1.769231 0.08
0.03846154 1.923077 0.8
-0.2307692 1.884615 1.64
-0.5769231 1.538462 2.36
-0.8461539 1.192308 2.8
-0.8461539 1.115385 2.96
-0.5384616 1.307692 2.96
-0.1538462 1.5 2.88
0.07692308 1.538462 2.72
0.1153846 1.461538 2.6
0.03846154 1.307692 2.48
-0.07692308 1.153846 2.32
-0.1538462 1 2.12
-0.1923077 0.9615384 1.96
-0.1538462 0.9230769 1.8
-0.1538462 0.8461539 1.6
-0.1538462 0.8461539 1.44
-0.1538462 0.8076923 1.32
-0.1153846 0.7692308 1.24
-0.1153846 0.7307692 1.2
-0.1153846 0.7307692 1.12
-0.1153846 0.6923077 1.04
-0.1153846 0.6923077 0.96
-0.1153846 0.6538461 0.88
