0.1153846 0.1538462 1.04
0.1153846 0.1538462 1.04
0.1153846 0.1538462 1.04
0.1153846 0.1538462 1.04
0.1153846 0.1538462 1.04
0.1153846 0.1538462 1.04
0.1153846 0.1538462 1.04
0.1153846 0.1538462 1.04
0.1153846 0.1538462 1.04
0.1153846 0.1538462 1.04
0.1153846 0.1538462 1.04
0.1153846 0.1538462 1.08
0.1153846 0.1923077 1.12
0.1538462 0.1538462 1.16
0.1153846 0.1538462 1.2
0.07692308 0.1153846 1.36
0.07692308 0.03846154 1.52
0.07692308 0.07692308 1.64
0.1153846 0.1153846 1.72
0.1923077 0.1538462 1.76
0.2692308 0.1923077 1.84
0.2692308 0.1923077 1.92
0.2307692 0.1923077 2
0.1538462 0.1923077 2.04
0.07692308 0.1923077 2.04
0.03846154 0.1923077 2
0 0.1538462 1.92
-0.07692308 0.1538462 1.8
-0.07692308 0.1538462 1.68
-0.1153846 0.1923077 1.48
-0.1153846 0.1538462 1.36
-0.1153846 0.1153846 1.28
-0.1153846 0.07692308 1.24
-0.1538462 0 1.2
-0.1923077 -0.03846154 1.04
-0.1923077 -0.07692308 0.8
-0.1923077 -0.03846154 0.6
-0.1153846 0 0.56
-0.07692308 0.07692308 0.48
-0.07692308 0.1153846 0.4
-0.03846154 0.1153846 0.32
-0.07692308 0.1538462 0.24
0 0.1923077 0.16
0.03846154 0.2307692 0.12
0.03846154 0.2307692 0.12
0.03846154 0.2307692 0.16
0.03846154 0.1923077 0.16
0.03846154 0.2307692 0.16
0.03846154 0.1923077 0.16
0 0.1923077 0.16
0 0.1538462 0.2
-0.07692308 0.1153846 0.2
-0.2307692 -0.03846154 0.36
-0.3461539 -0.1153846 0.44
-0.4230769 -0.1923077 0.52
-0.5384616 -0.1923077 0.56
-0.6153846 -0.1923077 0.68
-0.6923077 -0.1923077 0.76
-0.8076923 -0.1923077 0.88
-0.8846154 -0.2307692 0.92
-1 -0.2692308 0.96
-1 -0.3076923 1
-1 -0.3076923 1
-0.9230769 -0.3076923 1
-0.8461539 -0.2692308 1
-0.6923077 -0.1923077 0.96
-0.5 -0.1538462 0.92
-0.2692308 -0.03846154 0.92
0 0.03846154 0.96
0.2307692 0.07692308 0.92
0.4230769 0.1153846 0.92
0.6153846 0.1923077 0.96
0.8076923 0.2307692 0.96
0.8461539 0.1923077 0.96
0.8461539 0.1923077 0.92
0.8846154 0.1923077 0.8
0.9230769 0.1923077 0.72
0.8846154 0.1538462 0.68
0.7692308 0.1153846 0.68
0.6538461 0.03846154 0.68
0.5384616 0 0.64
0.4230769 -0.03846154 0.64
0.3461539 0 0.64
0.3076923 0 0.56
0.2692308 0.03846154 0.52
0.2692308 0.07692308 0.48
0.2307692 0.07692308 0.48
0.1923077 0.1153846 0.52
0.1923077 0.1153846 0.44
0.1153846 0.1153846 0.44
0.07692308 0.1153846 0.44
0.03846154 0.07692308 0.48
0.03846154 0.07692308 0.48
0.03846154 0.1153846 0.56
0.03846154 0.1153846 0.68
-0.07692308 0.07692308 0.84
-0.2307692 0 1.04
-0.3076923 -0.03846154 1.2
-0.3076923 0 1.36
-0.2307692 0.03846154 1.52
-0.2307692 0.1153846 1.64
-0.1923077 0.1923077 1.8
-0.1538462 0.2307692 1.88
-0.1538462 0.2692308 2
-0.1538462 0.3076923 2.04
-0.1538462 0.2692308 2
-0.1153846 0.2692308 1.92
-0.1153846 0.2307692 1.8
-0.1538462 0.1923077 1.68
-0.1923077 0.1153846 1.56
-0.2307692 0.07692308 1.48
-0.1923077 0.07692308 1.4
-0.1538462 0.07692308 1.32
-0.1153846 0.07692308 1.24
-0.03846154 0.07692308 1.2
0 0.1153846 1.16
0.03846154 0.1153846 1.12
0.1153846 0.07692308 1.08
0.1538462 0.07692308 1.08
0.1923077 0.07692308 1.08
0.2307692 0.07692308 1.08
0.2307692 0.07692308 1.08
0.3076923 0.07692308 1.04
0.3846154 0.1153846 1.04
0.5 0.1153846 1.04
0.5769231 0.1538462 1.04
0.6153846 0.1923077 1.04
0.5769231 0.2692308 1.04
0.5384616 0.2692308 1
0.5384616 0.2692308 0.92
0.4615385 0.2692308 0.88
0.3846154 0.2692308 0.84
0.3461539 0.2692308 0.76
0.2692308 0.2692308 0.76
0.1923077 0.2692308 0.76
0.03846154 0.2307692 0.8
-0.1153846 0.1923077 0.84
-0.2692308 0.1538462 0.84
-0.4615385 0.1153846 0.88
-0.4615385 0.1153846 0.88
-0.4615385 0.1153846 0.84
-0.4230769 0.2692308 0.8
-0.3461539 0.3461539 0.84
-0.3846154 0.3461539 0.96
-0.4615385 0.3076923 1.04
-0.5 0.2692308 1.12
-0.5384616 0.2307692 1.2
-0.5384616 0.1923077 1.2
-0.5 0.1538462 1.16
-0.4615385 0.1538462 1.16
-0.3846154 0.1538462 1.16
-0.3076923 0.1538462 1.24
-0.2307692 0.1923077 1.2
-0.1923077 0.1538462 1.16
-0.1923077 0.1538462 1.12
-0.1538462 0.1538462 1.12
-0.1538462 0.1153846 1.08
-0.1153846 0.1153846 1.12
0 0.1923077 1.12
0.1153846 0.3076923 1.08
