-0.7307692 0 1.36
-0.7307692 0 1.36
-0.7307692 0 1.36
-0.7307692 0 1.36
-0.7307692 0 1.36
-0.7307692 0 1.36
-0.7307692 0 1.36
-0.7307692 0 1.36
-0.7307692 0 1.36
-0.8076923 0 1.36
-0.8076923 0 1.36
-0.8076923 0 1.36
-0.9230769 0 1.4
-1.038462 0 1.4
-1.153846 -0.03846154 1.44
-1.307692 -0.07692308 1.48
-1.423077 -0.1538462 1.4
-1.615385 -0.2307692 1.32
-1.846154 -0.2692308 1.32
-1.923077 -0.2692308 1.24
-1.923077 -0.1538462 1
-1.846154 0.1153846 0.84
-1.461538 0.5384616 0.84
-0.7692308 1.115385 0.84
0.07692308 1.615385 0.6
0.7307692 2.153846 0.4
1.576923 2.423077 0.4
2.115385 2.346154 0.52
2.269231 2.269231 0.56
2.038461 2.038461 0.64
1.730769 1.730769 0.76
1.538462 1.461538 0.84
1.423077 1.192308 0.92
1.269231 0.9615384 0.92
1.038462 0.6538461 0.8
0.8461539 0.4230769 0.76
0.6153846 0.1923077 0.72
0.4615385 0.03846154 0.68
0.4230769 -0.03846154 0.68
0.3846154 -0.07692308 0.68
0.3461539 -0.1153846 0.68
0.3461539 -0.1153846 0.68
0.3461539 -0.1153846 0.68
0.3846154 -0.03846154 0.68
0.3846154 -0.03846154 0.72
0.2692308 -0.03846154 0.8
0.1153846 -0.07692308 0.96
