-0.2692308 0.2692308 1.64
-0.2692308 0.2692308 1.64
-0.2692308 0.2692308 1.64
-0.2692308 0.2692308 1.64
-0.2692308 0.2692308 1.64
-0.2692308 0.2692308 1.64
-0.2692308 0.2692308 1.64
-0.2692308 0.2692308 1.64
-0.2692308 0.2692308 1.64
-0.2692308 0.2692308 1.64
-0.2692308 0.2692308 1.64
-0.1923077 0.3461539 1.76
-0.1153846 0.4230769 1.88
-0.1153846 0.4230769 1.88
-0.07692308 0.5 2
0.07692308 0.6153846 2.04
0.1923077 0.6923077 2.04
0.3461539 0.8076923 2
0.5 0.9230769 1.92
0.5769231 0.9615384 1.8
0.6538461 1 1.72
0.7692308 1.076923 1.68
0.8846154 1.115385 1.6
1 1.192308 1.48
1.115385 1.269231 1.4
1.230769 1.307692 1.32
1.307692 1.269231 1.16
1.307692 1.230769 1
1.269231 1.115385 0.84
1.192308 1 0.64
1.115385 0.8846154 0.48
1.076923 0.8076923 0.28
1.038462 0.6923077 0.12
0.9615384 0.6153846 -0.08
0.8846154 0.5 -0.24
0.7307692 0.4230769 -0.44
0.5769231 0.3076923 -0.56
0.4615385 0.1923077 -0.56
0.3461539 0.1153846 -0.52
0.2307692 0.07692308 -0.52
0.1153846 0.07692308 -0.52
0.07692308 0.07692308 -0.52
0 0.07692308 -0.52
-0.07692308 0.07692308 -0.48
-0.1923077 0.03846154 -0.4
-0.3461539 -0.03846154 -0.36
-0.5 -0.07692308 -0.28
-0.5384616 -0.1153846 -0.16
-0.5384616 -0.1153846 -0.04
-0.5769231 -0.1153846 0
-0.6153846 -0.1153846 0.04
-0.6538461 -0.1153846 0.08
-0.7307692 -0.1153846 0.2
-0.8461539 -0.1538462 0.4
-0.9615384 -0.1538462 0.6
-1 -0.1153846 0.76
-0.9230769 0 0.84
-0.8461539 0.1153846 0.92
-0.8076923 0.1923077 0.96
-0.7692308 0.2692308 1
-0.7692308 0.3076923 1.08
-0.7692308 0.3461539 1.2
-0.7692308 0.3846154 1.4
-0.6538461 0.5 1.56
-0.6153846 0.5384616 1.72
-0.5769231 0.5769231 1.76
-0.5 0.5769231 1.76
-0.4615385 0.5769231 1.72
-0.3461539 0.5769231 1.68
-0.2307692 0.6923077 1.72
-0.07692308 0.8076923 1.84
0.1153846 0.9230769 1.92
0.3461539 1.038462 1.96
0.4230769 1.038462 1.96
0.5 1.038462 1.92
0.5384616 0.9615384 1.84
0.5384616 0.8846154 1.76
0.6153846 0.8461539 1.64
0.6923077 0.8076923 1.56
0.6923077 0.7307692 1.48
0.7307692 0.6923077 1.36
0.6923077 0.5769231 1.2
0.6538461 0.5 1.08
0.6153846 0.4230769 0.96
0.5769231 0.4230769 0.84
