-0.8076923 -0.4615385 0.6
-0.8076923 -0.4615385 0.6
-0.8076923 -0.4615385 0.6
-0.8076923 -0.4615385 0.6
-0.8076923 -0.4615385 0.6
-0.8461539 -0.4230769 0.56
-0.8461539 -0.4230769 0.56
-0.8461539 -0.4230769 0.56
-0.8461539 -0.4230769 0.56
-0.8461539 -0.4230769 0.56
-0.8461539 -0.3846154 0.48
-0.8461539 -0.3846154 0.48
-0.8461539 -0.3846154 0.44
-0.8846154 -0.4230769 0.32
-0.9230769 -0.4230769 0.12
-0.9230769 -0.4230769 0
-0.8461539 -0.3846154 -0.12
-0.7692308 -0.3461539 -0.24
-0.6538461 -0.2692308 -0.32
-0.5769231 -0.1923077 -0.4
-0.5 -0.1538462 -0.44
-0.4615385 -0.1153846 -0.48
-0.4230769 -0.07692308 -0.52
-0.3846154 0 -0.56
-0.3076923 0.03846154 -0.52
-0.2692308 0.07692308 -0.56
-0.1923077 0.1538462 -0.56
-0.1153846 0.1538462 -0.64
-0.07692308 0.1923077 -0.68
0 0.1923077 -0.68
0.07692308 0.1923077 -0.72
0.1153846 0.1923077 -0.72
0.07692308 0.1923077 -0.84
0.1153846 0.2307692 -0.96
0.1538462 0.2692308 -1.08
0.2307692 0.3461539 -1.12
0.3076923 0.4615385 -1.12
0.2692308 0.5769231 -1.08
0.2692308 0.6923077 -0.84
0.1923077 0.7692308 -0.52
0.1153846 0.8461539 0.08
-0.07692308 0.7692308 0.96
-0.8076923 0.5769231 1.56
-0.8076923 0.5769231 1.56
-1.115385 0.6153846 1.68
-1.230769 0.6923077 1.92
-1.346154 0.8076923 2.24
-1.538462 0.8076923 2.64
-1.807692 0.6538461 3.16
-2.038461 0.5 3.48
-2.115385 0.3461539 3.56
-2.076923 0.2692308 3.56
-1.923077 0.2307692 3.48
-1.769231 0.2307692 3.24
-1.538462 0.2692308 3.04
-1.230769 0.3076923 2.8
-0.9615384 0.3461539 2.52
-0.7692308 0.3846154 2.28
-0.5384616 0.3846154 1.96
-0.3076923 0.4230769 1.6
-0.1153846 0.3846154 1.36
0.03846154 0.3461539 1.12
0.2692308 0.3461539 0.92
0.5 0.4230769 0.88
0.6923077 0.5 0.84
0.7692308 0.6153846 0.88
0.7692308 0.6923077 0.92
0.6923077 0.7692308 0.96
0.6538461 0.8846154 0.96
0.5769231 1 0.92
0.5 1.038462 0.88
0.2692308 1.038462 0.76
-0.03846154 1 0.6
-0.4615385 0.9230769 0.36
-0.9230769 0.7307692 0.16
-1.423077 0.4615385 0
-1.884615 0.1153846 -0.04
-2.192308 -0.1538462 0.08
-2.346154 -0.3076923 0.16
-2.307692 -0.3461539 0.24
-2.153846 -0.3076923 0.28
-2.076923 -0.2307692 0.32
-2 -0.1538462 0.4
-1.884615 -0.07692308 0.52
-1.730769 0 0.56
-1.576923 0.07692308 0.6
-1.461538 0.1538462 0.64
-1.346154 0.1538462 0.76
-1.230769 0.1538462 0.84
-1.115385 0.1923077 0.88
-0.9615384 0.1923077 0.92
-0.6923077 0.2307692 1.04
-0.5384616 0.2692308 1.04
-0.4230769 0.3076923 0.96
-0.3461539 0.3461539 0.92
