-0.1538462 -0.07692308 1.84
-0.1538462 -0.07692308 1.84
-0.1538462 -0.07692308 1.84
-0.1538462 -0.07692308 1.84
-0.1538462 -0.07692308 1.84
-0.1538462 -0.07692308 1.84
-0.1538462 -0.07692308 1.84
-0.1538462 -0.07692308 1.84
-0.1538462 -0.07692308 1.84
-0.1538462 -0.07692308 1.84
-0.1538462 -0.07692308 1.84
-0.1923077 -0.03846154 1.88
-0.1923077 -0.03846154 1.96
-0.2307692 0 2
-0.2692308 0 2.08
-0.2692308 0.03846154 2.12
-0.2692308 0.07692308 2.16
-0.3076923 0.1153846 2.2
-0.2692308 0.1538462 2.16
-0.2692308 0.2307692 2
-0.2307692 0.2692308 1.76
-0.1538462 0.3461539 1.44
-0.1153846 0.3461539 1.08
-0.1153846 0.3461539 0.76
-0.1153846 0.2692308 0.44
-0.1538462 0.1538462 0.12
-0.1538462 0.1153846 -0.2
-0.1153846 0.03846154 -0.48
-0.1153846 -0.07692308 -0.48
-0.1153846 -0.1153846 -0.32
-0.07692308 -0.07692308 -0.24
-0.07692308 -0.07692308 -0.2
-0.1538462 -0.1153846 -0.16
-0.2307692 -0.2307692 -0.08
-0.3076923 -0.2692308 -0.08
-0.2692308 -0.3076923 -0.12
-0.2692308 -0.3461539 -0.24
-0.3076923 -0.3846154 -0.28
-0.3461539 -0.4230769 -0.28
-0.4615385 -0.5 -0.24
-0.5384616 -0.5384616 -0.12
-0.6538461 -0.6153846 0
-0.7307692 -0.6538461 0.08
-0.8076923 -0.6923077 0.04
-0.8846154 -0.6923077 -0.08
-0.9615384 -0.6538461 -0.12
-1 -0.6153846 -0.12
-1.076923 -0.5769231 -0.04
-1.076923 -0.6153846 0.56
-1.076923 -0.6153846 0.56
-1.038462 -0.6538461 0.92
-0.9230769 -0.5769231 1.08
-0.7307692 -0.4230769 1.16
-0.4615385 -0.1923077 1.2
0 0 1.24
0.3846154 0.1923077 1.2
0.6153846 0.2692308 1.2
0.8076923 0.3076923 1.36
0.8461539 0.3076923 1.44
0.9615384 0.3461539 1.24
0.9615384 0.3461539 1.12
1 0.3076923 1.04
1 0.2692308 0.96
0.9230769 0.2307692 0.84
0.8461539 0.1538462 0.76
0.7307692 0.07692308 0.72
0.5 -0.07692308 0.72
0.1153846 -0.3076923 0.8
-0.03846154 -0.3846154 0.8
-0.07692308 -0.4230769 0.76
-0.07692308 -0.4230769 0.68
-0.1153846 -0.3846154 0.64
-0.1153846 -0.3461539 0.6
-0.1538462 -0.3461539 0.56
-0.2307692 -0.3846154 0.6
-0.3076923 -0.3846154 0.6
-0.3076923 -0.3846154 0.52
-0.2692308 -0.3076923 0.52
-0.2307692 -0.1923077 0.44
-0.2692308 -0.2307692 0.52
-0.3076923 -0.1923077 0.52
-0.2692308 -0.1153846 0.56
-0.2307692 0 0.56
-0.1538462 0.1153846 0.56
-0.07692308 0.1923077 0.64
-0.07692308 0.3076923 0.68
-0.1153846 0.3461539 0.8
-0.1923077 0.3461539 0.96
-0.2307692 0.3846154 1.12
-0.2692308 0.4230769 1.24
-0.2692308 0.4615385 1.32
-0.2692308 0.4615385 1.4
-0.3076923 0.4230769 1.44
-0.3461539 0.3846154 1.36
-0.3846154 0.2692308 1.48
-0.4230769 0.2307692 1.56
-0.4615385 0.1923077 1.56
-0.4615385 0.2307692 1.64
-0.4615385 0.2307692 1.64
-0.5 0.1923077 1.68
-0.5769231 0.1538462 1.8
-0.6153846 0.1153846 1.8
-0.6153846 0.1153846 1.8
-0.5384616 0.1153846 1.72
-0.5384616 0.1538462 1.6
-0.5 0.1153846 1.52
-0.4615385 0.1153846 1.44
-0.3846154 0.1538462 1.32
-0.3076923 0.1923077 1.2
-0.1538462 0.2307692 1.08
-0.03846154 0.2692308 1.04
0.07692308 0.3076923 1
0.1538462 0.3846154 0.96
0.2692308 0.4230769 0.92
0.3461539 0.4230769 0.96
0.3846154 0.4615385 1
0.3846154 0.5 1
0.4230769 0.5384616 1.04
0.4230769 0.5769231 1.08
0.4615385 0.5769231 1.12
0.5 0.6153846 1.12
0.5 0.6538461 1.16
0.5 0.8076923 1.2
0.4615385 0.9230769 1.12
0.3846154 0.9615384 1.08
0.2692308 0.9615384 1
0.1538462 1 0.96
-0.2692308 0.8076923 1.12
-0.5769231 0.5769231 1.12
-0.7307692 0.4615385 0.84
-0.7307692 0.4230769 0.56
-0.8846154 0.3076923 0.16
-1.153846 0.07692308 0.04
-1.461538 -0.2307692 0.28
-1.346154 -0.3461539 1.04
-1.346154 -0.3461539 1.04
-1.076923 -0.07692308 1.08
-0.8076923 0.1923077 0.96
-0.6153846 0.3461539 0.92
-0.5384616 0.3461539 0.92
-0.5384616 0.2692308 0.92
-0.5769231 0.1923077 0.88
-0.5 0.1923077 0.8
-0.3461539 0.2307692 0.84
-0.1923077 0.3076923 1
-0.03846154 0.3846154 1.12
0.1538462 0.4615385 1.12
0.2692308 0.5 1.16
0.2692308 0.4615385 1.2
0.2692308 0.4230769 1.16
0.2307692 0.3461539 1.08
0.1538462 0.2692308 1.08
0.07692308 0.1923077 1.16
0.03846154 0.1153846 1.2
0.07692308 0.1153846 1.12
0.07692308 0.1153846 1.04
