-0.1153846 -0.3846154 0.12
-0.1153846 -0.3846154 0.12
-0.1153846 -0.3846154 0.12
-0.1153846 -0.3846154 0.12
-0.1153846 -0.3846154 0.12
-0.1153846 -0.3846154 0.12
-0.1153846 -0.3846154 0.12
-0.1153846 -0.3846154 0.12
-0.1153846 -0.3846154 0.12
-0.1153846 -0.3846154 0.04
-0.07692308 -0.3461539 -0.12
-0.07692308 -0.3461539 -0.12
-0.07692308 -0.3461539 -0.12
-0.07692308 -0.3461539 -0.12
-0.03846154 -0.3076923 -0.28
0 -0.2307692 -0.4
-0.03846154 -0.1153846 -0.6
0 0.07692308 -0.64
0.1538462 0.3076923 -0.56
0.3846154 0.5384616 -0.36
0.5 0.7307692 -0.28
0.5384616 0.8846154 -0.2
0.5 1.076923 -0.08
0.4615385 1.153846 0.24
0.3461539 1.230769 0.6
0.1153846 1.153846 1.08
-0.2307692 0.9615384 1.44
-0.4230769 0.7692308 1.72
-0.3846154 0.6538461 1.88
-0.2307692 0.6923077 2
0 0.8461539 2
0.1923077 0.9230769 2.04
0.3461539 1 2.12
0.3461539 0.9615384 2.2
0.2307692 0.8461539 2.2
0.1153846 0.7692308 2.12
-0.1923077 0.5769231 1.84
-0.1923077 0.5769231 1.84
-0.3076923 0.4615385 1.84
-0.3076923 0.4615385 1.72
-0.2307692 0.5 1.56
-0.1153846 0.5769231 1.44
-0.07692308 0.5769231 1.36
0 0.6153846 1.24
0.03846154 0.6538461 1.16
0.07692308 0.6923077 1.12
0.07692308 0.6923077 1.12
0.07692308 0.6923077 1.12
0.07692308 0.6923077 1.16
0.07692308 0.6538461 1.16
0 0.6153846 1.12
0 0.5769231 1.12
0 0.5769231 1.08
0.03846154 0.6153846 1.04
0.03846154 0.5769231 1
0 0.6153846 0.96
0.03846154 0.6153846 0.88
0.03846154 0.5769231 0.88
0.03846154 0.5769231 0.84
0.03846154 0.5384616 0.84
0.03846154 0.5769231 0.84
0.03846154 0.5769231 0.8
0.03846154 0.5384616 0.8
0.03846154 0.5384616 0.8
0.03846154 0.5384616 0.84
0.03846154 0.5384616 0.84
0.07692308 0.5384616 0.84
0.03846154 0.5384616 0.8
0.03846154 0.5384616 0.8
