0.1923077 -0.2307692 1.16
0.1923077 -0.2307692 1.16
0.1923077 -0.2307692 1.16
0.1923077 -0.2307692 1.16
0.1923077 -0.2307692 1.16
0.1923077 -0.2307692 1.16
0.1923077 -0.2307692 1.16
0.1923077 -0.2307692 1.16
0.1923077 -0.2307692 1.16
0.1923077 -0.2307692 1.16
0.1923077 -0.2307692 1.16
0.4230769 -0.1153846 1.16
0.6153846 -0.03846154 1.16
0.7692308 0.03846154 1.2
0.9615384 0.07692308 1.24
1.153846 0.1538462 1.24
1.384615 0.2692308 1.16
1.576923 0.3846154 1.12
1.769231 0.5769231 1
2.038461 0.8076923 0.88
2.192308 1.115385 0.76
2.5 1.5 0.68
2.653846 1.807692 0.6
2.538461 2.153846 0.56
2.192308 2.384615 0.52
1.692308 2.5 0.36
1.038462 2.5 0.28
0.2307692 2.423077 0.32
-0.5 2.307692 0.36
-1.192308 2.076923 0.64
-2.038461 1.461538 1.04
-2.653846 0.8076923 1.12
-2.846154 0.3846154 1.12
-2.653846 0.1923077 1.16
-2.346154 0.2307692 1.24
-2.076923 0.3076923 1.28
-1.884615 0.3461539 1.32
-1.730769 0.3846154 1.32
-1.615385 0.3461539 1.36
-1.5 0.3076923 1.48
-1.346154 0.2307692 1.44
-1.307692 0.1538462 1.32
-1.192308 0.03846154 1.28
-1 0.03846154 1.28
-0.8076923 0.03846154 1.24
-0.6153846 0.07692308 1.16
-0.4615385 0.07692308 1.12
-0.3076923 0.1153846 1.12
-0.1538462 0.1153846 1.12
-0.03846154 0.1538462 1.04
0.07692308 0.1538462 0.96
0.1538462 0.1153846 0.96
0.1923077 0.1153846 0.96
0.2307692 0.1153846 0.96
