1.038462 0.1538462 1.12
1.038462 0.1538462 1.12
1.038462 0.1538462 1.12
1.038462 0.1538462 1.12
1.038462 0.1538462 1.12
1.038462 0.1538462 1.12
1.038462 0.1538462 1.12
1.038462 0.1538462 1.12
1.038462 0.1538462 1.12
1.038462 0.1538462 1.12
1.038462 0.1538462 1.12
1.038462 0.1538462 1.12
1.192308 0.2307692 1.12
1.423077 0.3076923 1
1.576923 0.3846154 0.92
1.730769 0.5 0.8
1.846154 0.5769231 0.76
1.923077 0.6153846 0.72
1.884615 0.7307692 0.76
1.846154 0.8461539 0.88
1.730769 0.9615384 0.92
1.538462 1.115385 0.76
1.307692 1.346154 0.48
1 1.538462 0.36
0.5384616 1.538462 0.56
-0.1538462 1.346154 0.84
-0.8846154 1.038462 1
-1.423077 0.7692308 1.2
-1.730769 0.5 1.4
-1.692308 0.3846154 1.52
-1.615385 0.3461539 1.56
-1.538462 0.2692308 1.52
-1.538462 0.1538462 1.48
-1.538462 0.07692308 1.36
-1.576923 -0.07692308 1.24
-1.576923 -0.1923077 1.2
-1.5 -0.2692308 1.16
-1.423077 -0.3461539 1.16
-1.269231 -0.3461539 1.12
-1.076923 -0.3076923 1.08
-0.8846154 -0.3076923 1.12
-0.7307692 -0.2307692 1.12
