0.6153846 0.6153846 1.32
0.6153846 0.6153846 1.32
0.6153846 0.6153846 1.32
0.6153846 0.6153846 1.32
0.6153846 0.6153846 1.32
0.6153846 0.6153846 1.32
0.6153846 0.6153846 1.32
0.6153846 0.6153846 1.32
0.6153846 0.6153846 1.32
0.6153846 0.6153846 1.32
0.6153846 0.6153846 1.32
0.6153846 0.6153846 1.32
0.6153846 0.6153846 1.32
0.6923077 0.7692308 1.56
0.6153846 0.8076923 1.92
0.4615385 0.8076923 2.28
0.2692308 0.7307692 2.52
0.1923077 0.7692308 2.64
0.1153846 0.7692308 2.76
0.07692308 0.7307692 2.92
-0.07692308 0.6153846 3.08
-0.2692308 0.5 3.12
-0.5769231 0.4230769 3.08
-0.8461539 0.3846154 3.04
-1.038462 0.2692308 2.88
-1.076923 0.2692308 2.68
-1.038462 0.3076923 2.52
-0.9230769 0.3846154 2.4
-0.8076923 0.4615385 2.28
-0.6538461 0.5769231 2.12
-0.5769231 0.6538461 1.96
-0.5769231 0.6923077 1.8
-0.6538461 0.6538461 1.68
-0.6923077 0.6923077 1.48
-0.7692308 0.6538461 1.36
-0.8461539 0.6538461 1.24
-0.8461539 0.6538461 1.16
-0.8076923 0.6153846 1
-0.7692308 0.5769231 0.8
-0.7307692 0.5 0.64
-0.7307692 0.4230769 0.52
-0.7692308 0.3461539 0.44
-0.8076923 0.3076923 0.36
-0.8076923 0.2307692 0.28
-0.8461539 0.1923077 0.2
-0.8076923 0.1538462 0.12
-0.7692308 0.1153846 0.08
-0.7307692 0.07692308 0.08
-0.6538461 0.07692308 0.12
-0.6153846 0.07692308 0.16
-0.5769231 0.1153846 0.16
-0.5 0.07692308 0.16
-0.5 0.07692308 0.12
-0.4615385 0.03846154 0.04
-0.4615385 0.03846154 0.04
-0.4615385 0 0.04
-0.4615385 -0.03846154 0
-0.4230769 -0.03846154 -0.04
-0.3461539 -0.03846154 -0.08
-0.2692308 -0.03846154 -0.12
-0.2307692 -0.03846154 -0.12
-0.1923077 -0.07692308 -0.12
-0.1538462 -0.07692308 -0.12
-0.1923077 -0.07692308 -0.12
-0.1923077 -0.07692308 -0.16
-0.1923077 -0.07692308 -0.2
-0.1153846 -0.07692308 -0.2
-0.07692308 -0.03846154 -0.24
-0.03846154 0 -0.28
-0.03846154 0 -0.28
-0.03846154 0 -0.36
-0.03846154 0 -0.4
-0.03846154 0 -0.44
-0.03846154 0 -0.44
0 0 -0.44
0.03846154 0 -0.48
0.1538462 0.03846154 -0.52
0.3076923 0.03846154 -0.56
0.4615385 0.07692308 -0.56
0.5769231 0.07692308 -0.52
0.6538461 0.07692308 -0.44
0.6923077 0.07692308 -0.36
0.6538461 0.07692308 -0.32
0.6923077 0 -0.32
0.6923077 -0.03846154 -0.28
0.6923077 0.03846154 -0.2
0.8076923 0.1153846 -0.08
0.9230769 0.2307692 0.04
1 0.4230769 0.2
1.115385 0.6153846 0.44
1.192308 0.7692308 0.68
1.192308 0.7692308 0.88
1.115385 0.7692308 1.04
1.038462 0.7307692 1.08
0.9615384 0.6923077 1.08
1.038462 0.7692308 1.16
1 0.8076923 1.36
1.038462 0.8461539 1.52
1 0.9230769 1.64
0.9615384 0.9615384 1.72
0.9230769 1.038462 1.8
0.8846154 1 1.8
0.7692308 0.9615384 1.8
0.6538461 0.9230769 1.88
0.5769231 0.8461539 1.96
0.5384616 0.8846154 2.04
0.5 0.8846154 2.16
0.3846154 0.8461539 2.28
0.1923077 0.8461539 2.44
0.03846154 0.8461539 2.52
-0.1538462 0.7307692 2.6
-0.3076923 0.6538461 2.52
-0.4230769 0.6153846 2.4
-0.4230769 0.5769231 2.28
-0.4230769 0.5384616 2.16
-0.4615385 0.5 2.16
-0.5 0.4615385 2.16
-0.6153846 0.4615385 2.08
-0.6153846 0.4615385 1.96
-0.6153846 0.5769231 1.84
-0.5769231 0.5769231 1.68
-0.5769231 0.5384616 1.6
-0.5769231 0.5 1.52
-0.5769231 0.5 1.48
