-0.1923077 0.07692308 1.72
-0.1923077 0.07692308 1.72
-0.1923077 0.07692308 1.72
-0.1923077 0.07692308 1.72
-0.1923077 0.07692308 1.72
-0.1923077 0.07692308 1.72
-0.1923077 0.07692308 1.72
-0.1923077 0.07692308 1.72
-0.1923077 0.07692308 1.72
-0.1923077 0.07692308 1.72
-0.1923077 0.07692308 1.72
-0.2692308 0.07692308 1.92
-0.2307692 0.07692308 2.04
-0.07692308 0.1538462 2.12
0.03846154 0.2307692 2.24
0.03846154 0.1923077 2.36
-0.1153846 0.1538462 2.4
-0.2307692 0.07692308 2.4
-0.3076923 0.03846154 2.36
-0.2692308 0.07692308 2.36
-0.1923077 0.1153846 2.44
-0.1538462 0.1923077 2.52
-0.1538462 0.2692308 2.56
-0.1538462 0.2692308 2.52
-0.1538462 0.2692308 2.36
-0.1153846 0.3461539 2.2
-0.07692308 0.4615385 2.12
0 0.5769231 2.04
0 0.6923077 1.92
0.03846154 0.7307692 1.76
0.03846154 0.7692308 1.64
0.03846154 0.7692308 1.48
0 0.8076923 1.36
-0.07692308 0.7692308 1.16
-0.1538462 0.6923077 0.92
-0.1923077 0.5769231 0.64
-0.1538462 0.5 0.44
-0.07692308 0.4230769 0.24
-0.07692308 0.3076923 0.04
-0.1153846 0.2692308 -0.04
-0.07692308 0.1538462 -0.12
-0.03846154 0.1153846 -0.12
0.03846154 0.07692308 -0.12
0.07692308 0.03846154 -0.04
0.07692308 0.03846154 0.04
0.03846154 0.07692308 0.12
0.03846154 0.1153846 0.16
0.07692308 0.1538462 0.24
0.07692308 0.1153846 0.32
0.07692308 0.03846154 0.32
0.1153846 -0.07692308 0.2
0.1153846 -0.1538462 0.12
0.1153846 -0.2307692 0.04
0.03846154 -0.3076923 -0.04
-0.03846154 -0.3846154 -0.12
-0.1153846 -0.4230769 -0.16
-0.1153846 -0.5 -0.24
-0.1538462 -0.5384616 -0.28
-0.1153846 -0.5769231 -0.28
-0.1153846 -0.5384616 -0.32
-0.07692308 -0.5384616 -0.36
-0.03846154 -0.5384616 -0.36
