0.2692308 0.6538461 0.52
0.2692308 0.6538461 0.52
0.2692308 0.6538461 0.52
0.2692308 0.6538461 0.52
0.2692308 0.6538461 0.52
0.2692308 0.6538461 0.52
0.2692308 0.6538461 0.52
0.2692308 0.6538461 0.52
0.2692308 0.6538461 0.52
0.2692308 0.6538461 0.52
0.2692308 0.6538461 0.52
0.3076923 0.6923077 0.6
0.3076923 0.6923077 0.6
0.3076923 0.7692308 0.68
0.2692308 0.7692308 0.8
0.1923077 0.7307692 0.96
0.1153846 0.6923077 1.04
0.07692308 0.7307692 1.2
0.03846154 0.7692308 1.4
0 0.7307692 1.64
-0.07692308 0.7307692 1.96
-0.03846154 0.7307692 2.24
0.03846154 0.7692308 2.48
0.1538462 0.8076923 2.6
0.2307692 0.9230769 2.68
0.1923077 0.9230769 2.72
0.1538462 0.8846154 2.76
0.1538462 0.9230769 2.76
0.1538462 0.8846154 2.76
0.1538462 0.9230769 2.76
0.1923077 0.9615384 2.68
0.1923077 1 2.52
0.1923077 1.076923 2.36
0.1153846 1.038462 2.16
0.07692308 1 2
0.03846154 1 1.84
0 0.9230769 1.8
-0.03846154 0.8846154 1.76
0 0.8846154 1.72
0 0.8461539 1.64
0.03846154 0.8461539 1.52
0.1153846 0.8076923 1.36
0.1538462 0.7692308 1.2
0.1538462 0.6538461 1.08
0.1538462 0.5769231 0.96
0.1153846 0.4615385 0.88
0.1153846 0.4230769 0.8
0.1153846 0.3076923 0.68
0.07692308 0.2692308 0.6
0.03846154 0.1923077 0.64
0.03846154 0.1923077 0.56
0.07692308 0.1538462 0.48
0.1153846 0.1153846 0.4
0.1538462 0.07692308 0.32
0.1923077 0 0.2
0.1538462 0 0.16
0.1153846 -0.07692308 0.12
0.07692308 -0.1153846 0.04
0 -0.1923077 -0.04
-0.03846154 -0.3076923 -0.12
-0.07692308 -0.3461539 -0.2
-0.03846154 -0.3846154 -0.2
0 -0.4230769 -0.12
0.07692308 -0.3846154 -0.04
0.07692308 -0.3461539 0
0.07692308 -0.3461539 0.04
0.1153846 -0.3461539 0.08
0.1153846 -0.3076923 0.08
0.07692308 -0.3076923 0.08
-0.07692308 -0.2692308 0.04
-0.1538462 -0.2692308 -0.04
-0.1538462 -0.1923077 -0.04
-0.1153846 -0.1538462 0.04
-0.03846154 -0.1538462 0.12
0.03846154 -0.1923077 0.04
0.07692308 -0.2307692 -0.04
0.03846154 -0.2692308 -0.04
0.07692308 -0.3076923 -0.04
0.07692308 -0.3461539 -0.04
0.07692308 -0.3846154 0
0 -0.4230769 0.04
-0.03846154 -0.4615385 0.04
0 -0.5 0.04
0 -0.5 0.04
0.03846154 -0.5 0.04
0.03846154 -0.5 0.04
0.03846154 -0.5 0.04
0.03846154 -0.5 0.08
0 -0.5 0.12
0 -0.5 0.12
0 -0.5 0.16
0.03846154 -0.4615385 0.2
0.03846154 -0.4615385 0.2
0 -0.4230769 0.2
0 -0.4230769 0.2
-0.07692308 -0.3846154 0.24
-0.07692308 -0.3461539 0.24
-0.07692308 -0.2692308 0.28
-0.07692308 -0.2307692 0.28
