-0.8461539 0.5 1.12
-0.8461539 0.5 1.12
-0.8461539 0.5 1.12
-0.8461539 0.5 1.12
-0.8461539 0.5 1.12
-0.8461539 0.5 1.12
-0.8461539 0.5 1.12
-0.8461539 0.5 1.12
-0.8461539 0.5 1.12
-0.8461539 0.5 1.12
-0.9230769 0.5 1.28
-0.9230769 0.5 1.28
-1.038462 0.5 1.44
-1.038462 0.5 1.44
-1.076923 0.5384616 1.6
-1.115385 0.5769231 1.8
-1.115385 0.6153846 2
-1.038462 0.6538461 2.16
-0.9615384 0.6923077 2.36
-0.8461539 0.7307692 2.44
-0.8076923 0.7692308 2.56
-0.7692308 0.8076923 2.6
-0.6538461 0.8461539 2.56
-0.5 0.9230769 2.52
-0.3461539 0.9230769 2.44
-0.2307692 0.9230769 2.32
-0.1538462 0.8846154 2.2
-0.1538462 0.8461539 2.08
-0.1923077 0.7692308 2
-0.2307692 0.6923077 2
-0.2307692 0.6538461 1.96
-0.2307692 0.6153846 1.88
-0.1538462 0.6538461 1.92
-0.03846154 0.6538461 1.88
0.07692308 0.6923077 1.8
0.1538462 0.7307692 1.8
0.2307692 0.7692308 1.84
0.3461539 0.8076923 1.88
0.4230769 0.8076923 1.84
0.5384616 0.8076923 1.8
0.6153846 0.8076923 1.72
0.6538461 0.7307692 1.6
0.7307692 0.7692308 1.6
0.8461539 0.7307692 1.56
0.9230769 0.6923077 1.48
1.038462 0.6538461 1.36
1.115385 0.5769231 1.2
1.192308 0.5769231 1.08
1.230769 0.6153846 1
1.230769 0.5769231 0.92
1.230769 0.5769231 0.92
1.192308 0.6153846 0.88
1.192308 0.5769231 0.84
1.192308 0.5384616 0.76
1.192308 0.5769231 0.64
1.192308 0.5769231 0.48
1.230769 0.6153846 0.36
1.269231 0.6153846 0.24
1.230769 0.6153846 0.16
1.115385 0.6153846 0.12
1.038462 0.6153846 0.04
0.8846154 0.5769231 0
0.7307692 0.5769231 -0.08
0.5769231 0.5384616 -0.12
0.4230769 0.4615385 -0.16
0.3076923 0.3846154 -0.24
0.2307692 0.3076923 -0.32
0.1538462 0.2307692 -0.4
0.07692308 0.1538462 -0.48
0 0.1153846 -0.56
-0.03846154 0.03846154 -0.6
-0.07692308 0 -0.6
-0.1538462 -0.03846154 -0.6
-0.1923077 -0.03846154 -0.6
-0.1923077 0 -0.6
-0.1923077 0.03846154 -0.6
-0.1538462 0.07692308 -0.6
-0.2307692 0.1153846 -0.6
-0.2307692 0.1538462 -0.56
-0.2692308 0.1923077 -0.52
-0.2692308 0.2307692 -0.44
-0.2692308 0.3076923 -0.4
-0.3076923 0.3461539 -0.4
-0.3461539 0.3461539 -0.36
-0.3846154 0.3846154 -0.28
-0.4615385 0.3846154 -0.2
-0.4615385 0.3846154 -0.2
-0.5384616 0.4230769 -0.12
-0.5769231 0.4615385 -0.08
-0.6538461 0.4615385 0
-0.7307692 0.4615385 0.08
-0.8076923 0.4615385 0.16
-0.8461539 0.4615385 0.24
-0.8846154 0.4615385 0.36
-0.9615384 0.5 0.52
-1.038462 0.5769231 0.68
-1.115385 0.6153846 0.8
-1.269231 0.6153846 0.92
-1.346154 0.5769231 1
-1.307692 0.6153846 1.08
-1.269231 0.6538461 1.28
-1.269231 0.6153846 1.44
-1.346154 0.5 1.48
-1.461538 0.3461539 1.6
-1.384615 0.07692308 1.68
-1.192308 0.1153846 1.8
-1 0.1923077 2.16
-0.6538461 0.4615385 2.52
-0.3076923 0.6923077 2.8
-0.03846154 0.8076923 2.96
0.03846154 0.8076923 3
-0.03846154 0.7307692 2.92
-0.07692308 0.6923077 2.76
0 0.6538461 2.6
0.03846154 0.6153846 2.44
0.1538462 0.5769231 2.24
0.2692308 0.5384616 2.04
0.3076923 0.5 1.84
0.3461539 0.4615385 1.68
0.4230769 0.4230769 1.56
0.4230769 0.4230769 1.48
0.3461539 0.4230769 1.48
0.2692308 0.4615385 1.44
0.1923077 0.4230769 1.48
0.1153846 0.4230769 1.44
0.1153846 0.4230769 1.36
0.1153846 0.4615385 1.32
0.1153846 0.4615385 1.28
0.07692308 0.4230769 1.2
0.07692308 0.3846154 1.12
