0.3846154 0.4230769 1.84
0.3846154 0.4230769 1.84
0.3846154 0.4230769 1.84
0.3846154 0.4230769 1.84
0.3846154 0.4230769 1.84
0.3846154 0.4230769 1.84
0.3846154 0.4230769 1.84
0.3846154 0.4230769 1.84
0.3846154 0.4230769 1.84
0.3846154 0.4230769 1.84
0.3846154 0.4230769 1.84
0.4615385 0.4230769 2.04
0.4615385 0.4230769 2.04
0.5384616 0.4615385 2.2
0.6153846 0.4615385 2.28
0.6153846 0.5 2.4
0.6153846 0.5 2.44
0.5769231 0.4615385 2.44
0.5 0.4230769 2.36
0.4230769 0.4230769 2.24
0.4615385 0.5 2.16
0.4615385 0.5384616 2.16
0.4615385 0.5769231 2.12
0.4230769 0.6153846 2
0.4615385 0.6538461 1.84
0.4615385 0.6538461 1.72
0.3846154 0.5769231 1.56
0.2692308 0.5384616 1.44
0.1923077 0.4615385 1.32
0.1923077 0.4230769 1.2
0.1153846 0.3461539 1.08
0 0.3076923 1
-0.03846154 0.2692308 0.88
-0.07692308 0.1923077 0.72
-0.07692308 0.1538462 0.6
0 0.1153846 0.52
0.03846154 0.03846154 0.4
0.07692308 0 0.32
0.07692308 -0.07692308 0.24
0.03846154 -0.1538462 0.2
0 -0.2692308 0.16
-0.07692308 -0.3846154 0.2
-0.1538462 -0.5 0.28
-0.1153846 -0.5384616 0.32
-0.07692308 -0.5769231 0.28
-0.1153846 -0.5769231 0.32
-0.1153846 -0.5769231 0.4
-0.1153846 -0.5384616 0.4
-0.07692308 -0.4615385 0.4
0 -0.3846154 0.36
0 -0.3076923 0.32
0 -0.2307692 0.28
-0.03846154 -0.2307692 0.16
-0.07692308 -0.2307692 0.04
-0.1538462 -0.2692308 0
-0.1538462 -0.2307692 -0.04
-0.1538462 -0.2307692 -0.08
-0.07692308 -0.1923077 -0.08
0.03846154 -0.1538462 -0.12
0.1153846 -0.1538462 -0.12
0.1153846 -0.1923077 -0.16
0.1538462 -0.2307692 -0.2
0.1538462 -0.2307692 -0.2
0.1153846 -0.2692308 -0.2
0.1153846 -0.3076923 -0.2
0.07692308 -0.3076923 -0.2
0.03846154 -0.3461539 -0.24
0.03846154 -0.3461539 -0.16
0.07692308 -0.3461539 -0.08
0.1538462 -0.2692308 -0.08
0.1923077 -0.3076923 -0.12
0.1538462 -0.3461539 -0.16
0.1538462 -0.3461539 -0.24
0.1153846 -0.3846154 -0.2
0.07692308 -0.4230769 -0.16
0.07692308 -0.4615385 -0.08
0 -0.4615385 0
