0.6923077 0.5769231 0.8
0.6923077 0.5769231 0.8
0.6923077 0.5769231 0.8
0.6923077 0.5769231 0.8
0.6923077 0.5769231 0.8
0.6923077 0.5769231 0.8
0.6923077 0.5769231 0.8
0.6923077 0.5769231 0.8
0.6923077 0.5769231 0.8
0.6538461 0.5769231 0.92
0.6538461 0.5769231 0.92
0.5769231 0.5769231 1.08
0.5384616 0.6153846 1.28
0.5 0.6538461 1.48
0.5 0.6923077 1.68
0.4615385 0.6923077 1.8
0.3846154 0.6923077 1.88
0.3461539 0.6923077 1.92
0.2307692 0.6923077 2.04
0.1153846 0.6538461 2.2
0 0.6153846 2.36
-0.07692308 0.5769231 2.48
-0.2692308 0.5384616 2.88
-0.4230769 0.5384616 3.2
-0.7307692 0.5769231 3.6
-1 0.6153846 3.8
-1.192308 0.6153846 3.8
-1.192308 0.7307692 3.52
-1.115385 0.8076923 3.16
-1 1 2.48
-0.8846154 1.076923 2.2
-0.8076923 1.115385 1.92
-0.7307692 1.192308 1.72
-0.6923077 1.230769 1.56
-0.6923077 1.192308 1.44
-0.7307692 1.153846 1.36
-0.7692308 1.076923 1.2
-0.7307692 0.9615384 1
-0.7307692 0.8461539 0.88
-0.7692308 0.7307692 0.8
-0.8076923 0.6153846 0.72
-0.8461539 0.5384616 0.6
-0.8846154 0.4615385 0.48
-0.9230769 0.3846154 0.4
-0.9230769 0.3076923 0.32
-0.8461539 0.2692308 0.28
-0.8076923 0.2692308 0.24
-0.7307692 0.2307692 0.24
-0.6538461 0.2692308 0.2
-0.6153846 0.2307692 0.2
-0.6153846 0.2307692 0.16
-0.5769231 0.1923077 0.12
-0.5769231 0.1923077 0.08
-0.5 0.1538462 0.04
-0.4615385 0.1538462 0
-0.4230769 0.1153846 -0.08
-0.3846154 0.1153846 -0.12
-0.3076923 0.1153846 -0.16
-0.2692308 0.1153846 -0.16
-0.1923077 0.1153846 -0.2
-0.1538462 0.07692308 -0.24
-0.1153846 0.07692308 -0.24
-0.07692308 0.07692308 -0.24
-0.03846154 0.03846154 -0.2
-0.03846154 0 -0.24
0 -0.03846154 -0.24
0.03846154 -0.03846154 -0.28
0.03846154 -0.07692308 -0.28
0.07692308 -0.07692308 -0.28
0.07692308 -0.07692308 -0.28
0.1153846 -0.1153846 -0.32
0.1923077 -0.1153846 -0.32
0.2692308 -0.07692308 -0.32
0.3076923 -0.07692308 -0.32
0.3461539 -0.03846154 -0.32
0.3461539 -0.03846154 -0.28
0.3846154 -0.03846154 -0.16
0.4230769 -0.03846154 -0.2
0.4615385 0.03846154 -0.08
0.5384616 0.1153846 0
0.6153846 0.1923077 0.12
0.6538461 0.2692308 0.2
0.7307692 0.2307692 0.28
0.7307692 0.2692308 0.36
0.7692308 0.2692308 0.4
0.8076923 0.2307692 0.4
0.8076923 0.2692308 0.44
0.7307692 0.2692308 0.56
0.6153846 0.2692308 0.64
0.5 0.2692308 0.76
0.4230769 0.2692308 0.8
0.4230769 0.3076923 0.84
0.4230769 0.3461539 1
0.3846154 0.3846154 1.16
0.3846154 0.3461539 1.32
0.1923077 0.2692308 1.48
0.07692308 0.2307692 1.6
0.03846154 0.2692308 1.6
0.03846154 0.2692308 1.64
0.03846154 0.3076923 1.84
0.03846154 0.3461539 1.96
0.07692308 0.3461539 2
0.07692308 0.3461539 2.04
0.03846154 0.3846154 2.08
0.03846154 0.4615385 2.04
0.03846154 0.5 2
0 0.6153846 1.96
0 0.6538461 1.96
0 0.6923077 2
-0.03846154 0.6923077 2.08
-0.07692308 0.7307692 2.08
-0.2307692 0.7692308 2
-0.4230769 0.8076923 2.04
-0.5769231 0.8076923 2.12
-0.7307692 0.7692308 2.16
-0.8076923 0.7307692 2.12
-0.8846154 0.6923077 2.04
-0.9230769 0.6923077 1.96
-1.038462 0.6923077 1.92
-1.038462 0.6923077 1.8
-1.038462 0.6538461 1.8
-1 0.6538461 1.8
-1 0.6153846 1.76
-1 0.6153846 1.72
-1 0.5384616 1.48
