-0.3076923 0.3461539 1.68
-0.3076923 0.3461539 1.68
-0.3076923 0.3461539 1.68
-0.3076923 0.3461539 1.68
-0.3076923 0.3461539 1.68
-0.3076923 0.3461539 1.68
-0.3076923 0.3461539 1.68
-0.3076923 0.3461539 1.68
-0.3076923 0.3461539 1.68
-0.3076923 0.3461539 1.68
-0.3076923 0.3461539 1.68
-0.3076923 0.3461539 1.84
-0.3076923 0.3461539 2.04
-0.3461539 0.4230769 2.24
-0.4230769 0.4615385 2.48
-0.5 0.5384616 2.76
-0.6538461 0.5769231 3
-0.8076923 0.5384616 3.24
-0.9230769 0.4615385 3.32
-1 0.4230769 3.2
-1 0.3846154 3
-0.9615384 0.3461539 2.84
-0.8461539 0.3076923 2.6
-0.7692308 0.2692308 2.4
-0.6538461 0.2692308 2.24
-0.5769231 0.2692308 2.2
-0.5 0.3461539 2.12
-0.4615385 0.3846154 2
-0.4230769 0.4230769 1.8
-0.4230769 0.4230769 1.56
-0.4615385 0.3846154 1.24
-0.3846154 0.3846154 0.96
-0.3461539 0.3461539 0.72
-0.3076923 0.3461539 0.52
-0.2307692 0.2692308 0.32
-0.2307692 0.1923077 0.04
-0.3076923 0.03846154 -0.2
-0.3846154 -0.07692308 -0.4
-0.4230769 -0.1538462 -0.52
-0.4615385 -0.1538462 -0.52
-0.3461539 -0.07692308 -0.48
-0.1923077 0 -0.36
-0.07692308 0.07692308 -0.24
0 0.1538462 -0.12
0 0.1538462 -0.04
0.03846154 0.1923077 0
0.03846154 0.1538462 -0.04
-0.03846154 0.07692308 0.04
-0.1153846 0 0.08
-0.1153846 -0.03846154 0.12
-0.1153846 -0.03846154 0.12
-0.1153846 -0.03846154 0.12
-0.1153846 -0.1153846 0.12
-0.1153846 -0.1923077 0.08
-0.1538462 -0.2307692 0.08
-0.1923077 -0.2692308 0.08
-0.2307692 -0.3076923 0.12
-0.2307692 -0.3461539 0.12
-0.2307692 -0.3846154 0.16
-0.2692308 -0.4230769 0.2
-0.3461539 -0.4615385 0.24
-0.3846154 -0.4615385 0.28
-0.3846154 -0.4615385 0.28
-0.3846154 -0.4615385 0.32
-0.4615385 -0.4230769 0.4
-0.4615385 -0.4230769 0.4
-0.5 -0.4230769 0.44
-0.5384616 -0.4615385 0.48
-0.5769231 -0.4230769 0.48
-0.6153846 -0.4615385 0.48
-0.6538461 -0.5 0.48
-0.7692308 -0.5769231 0.48
-0.8846154 -0.6153846 0.52
-0.9615384 -0.6538461 0.52
-1.038462 -0.6538461 0.52
-1 -0.6153846 0.48
-0.9230769 -0.5769231 0.44
-0.8846154 -0.5769231 0.4
-0.7692308 -0.5384616 0.36
-0.5769231 -0.4615385 0.4
-0.3461539 -0.3846154 0.44
-0.1153846 -0.2692308 0.48
0.07692308 -0.1923077 0.6
0.2692308 -0.1153846 0.68
0.3461539 -0.07692308 0.84
0.3846154 -0.03846154 0.96
0.4615385 -0.03846154 1.08
0.5384616 0 1.2
0.6153846 -0.07692308 1.28
0.6153846 -0.1153846 1.28
0.6153846 -0.1538462 1.24
0.6153846 -0.1923077 1.16
0.5769231 -0.2307692 1.12
0.5 -0.2692308 1.08
0.3846154 -0.3076923 1.08
0.2307692 -0.3461539 1.08
0.1923077 -0.3461539 1.04
0.1153846 -0.3076923 0.96
0.07692308 -0.3076923 0.84
0.07692308 -0.3461539 0.76
0.07692308 -0.3076923 0.72
0.03846154 -0.2692308 0.64
0.03846154 -0.2307692 0.64
0.03846154 -0.1538462 0.6
0.03846154 -0.1153846 0.6
0.03846154 -0.07692308 0.6
0.07692308 0 0.52
0.1153846 0.07692308 0.4
0.1538462 0.07692308 0.32
0.1538462 0.1153846 0.16
0.07692308 0.07692308 0.04
0 0.03846154 -0.04
-0.07692308 0 -0.16
-0.1538462 -0.03846154 -0.28
-0.1538462 -0.03846154 -0.36
-0.1538462 -0.03846154 -0.44
-0.03846154 0 -0.4
0.07692308 0 -0.32
0.1153846 0.07692308 -0.24
0.07692308 0.1153846 -0.12
-0.03846154 0.1538462 0.04
-0.2307692 0.1538462 0.36
-0.3461539 0.1923077 0.8
-0.3846154 0.3076923 1.2
-0.4230769 0.3461539 1.56
-0.3846154 0.3846154 1.88
-0.3461539 0.5 2.2
-0.4615385 0.5769231 2.68
-0.6153846 0.5384616 3.12
-0.7307692 0.5 3.4
-0.7307692 0.4615385 3.36
-0.6153846 0.5 3.08
-0.4615385 0.4615385 2.8
-0.3076923 0.4230769 2.48
-0.1923077 0.3846154 2.16
-0.07692308 0.3846154 1.92
0.03846154 0.4230769 1.84
0.07692308 0.4230769 1.84
0.03846154 0.4230769 1.84
0 0.3846154 1.8
-0.03846154 0.3461539 1.68
0 0.3461539 1.56
0 0.3461539 1.48
0.03846154 0.3076923 1.32
0.07692308 0.2692308 1.2
0.1538462 0.2692308 1.08
0.2307692 0.3076923 0.96
0.3076923 0.3076923 0.92
0.4230769 0.3076923 0.84
0.5384616 0.3076923 0.76
0.6923077 0.3076923 0.68
0.9230769 0.2692308 0.48
0.9230769 0.2692308 0.48
0.9615384 0.2692308 0.48
0.9615384 0.2692308 0.56
0.9615384 0.3461539 0.68
0.9615384 0.5769231 0.76
0.8846154 0.8076923 0.88
0.8461539 1.038462 0.92
0.6538461 1.076923 0.92
0.3846154 1 0.8
0.07692308 0.8461539 0.68
-0.2307692 0.7307692 0.68
-0.5 0.6153846 0.76
-0.8076923 0.5384616 0.96
-1.076923 0.4230769 1.16
-1.346154 0.3076923 1.32
-1.461538 0.3076923 1.4
-1.423077 0.3461539 1.4
-1.192308 0.4230769 1.32
-1 0.5384616 1.16
-0.8461539 0.5769231 1
-0.8461539 0.5769231 0.92
-0.8846154 0.5384616 0.92
-2.153846 0.3846154 2.08
-2.961539 -0.5384616 2.6
-0.9615384 0 0.72
-0.4615385 0.6153846 0.76
-0.4615385 0.3461539 0.76
-0.5769231 0.2692308 0.68
-0.6153846 0.3461539 0.72
-0.5384616 0.3846154 0.8
-0.5 0.4230769 0.92
