-1 0.1923077 1.24
-1 0.1923077 1.24
-1 0.1923077 1.24
-1 0.1923077 1.24
-1 0.1923077 1.24
-1 0.1923077 1.24
-1 0.1923077 1.24
-1 0.1923077 1.24
-1 0.1923077 1.24
-1 0.1923077 1.24
-1 0.1923077 1.24
-1 0.1923077 1.24
-1 0.1923077 1.24
-1.153846 0.1923077 1.28
-1.230769 0.2307692 1.28
-1.230769 0.2307692 1.28
-1.192308 0.2307692 1.24
-1.192308 0.2307692 1.24
-1.192308 0.1923077 1.24
-1.192308 0.1923077 1.2
-1.192308 0.1538462 1.2
-1.153846 0.1538462 1.2
-1.038462 0.1538462 1.2
-0.9230769 0.1538462 1.16
-0.9615384 0.07692308 1.16
-0.9615384 0.03846154 1.12
-0.8846154 0.03846154 1.04
-0.8461539 0.03846154 1
-0.8076923 0.03846154 1
-0.6923077 0.07692308 0.96
-0.5 0.1538462 0.96
-0.2307692 0.2307692 0.96
0.07692308 0.3461539 0.96
0.3846154 0.4615385 0.96
0.6153846 0.5 0.92
0.6923077 0.4615385 0.88
0.4230769 0.1923077 0.92
0.2307692 0.07692308 0.84
0.2692308 0.1923077 0.76
0.5384616 0.4230769 0.76
0.8461539 0.6153846 0.88
1.115385 0.8076923 0.92
1.346154 0.9230769 0.92
1.423077 0.9230769 0.84
1.346154 0.7307692 0.76
1.230769 0.6153846 0.68
1.115385 0.5 0.64
1.115385 0.5 0.76
1.115385 0.4615385 1
1.115385 0.4615385 1.2
1.038462 0.4615385 1.24
0.9615384 0.3846154 1.16
0.8846154 0.3461539 1.04
0.7692308 0.2307692 0.96
0.5769231 0.07692308 0.88
0.3846154 0 0.8
0.3076923 -0.07692308 0.76
0.2692308 -0.03846154 0.8
0.3076923 0 0.84
0.3461539 0.03846154 0.88
0.3461539 0.07692308 0.88
0.3461539 0.03846154 0.88
0.3076923 0 0.88
0.2307692 -0.03846154 0.88
0.1923077 -0.03846154 0.88
0.1538462 -0.07692308 0.88
0.1923077 -0.03846154 0.92
0.2307692 0 1
0.3076923 0 1.08
0.3461539 0.03846154 1.16
0.4230769 0.07692308 1.2
0.5384616 0.1538462 1.2
0.6153846 0.3461539 1.24
