0.4615385 0.3461539 0.76
0.4615385 0.3461539 0.76
0.4615385 0.3461539 0.76
0.4230769 0.3076923 0.84
0.4230769 0.3076923 0.84
0.4230769 0.3076923 0.84
0.4230769 0.3076923 0.84
0.4230769 0.3076923 0.84
0.4230769 0.3076923 0.84
0.4615385 0.3846154 0.92
0.4615385 0.3846154 0.92
0.5769231 0.5769231 1.12
0.5769231 0.5769231 1.12
0.7692308 0.7307692 1.4
0.8076923 0.8076923 1.6
0.6923077 0.8461539 1.72
0.6923077 0.9615384 1.8
1.307692 1.5 1.68
1.538462 1.615385 1.48
1.5 1.615385 1.24
1.230769 1.423077 1.12
0.8461539 1.153846 1.04
0.5 0.8461539 0.92
0.1153846 0.5769231 0.88
-0.1153846 0.3846154 0.92
-0.3076923 0.2692308 0.88
-0.3846154 0.1538462 0.8
-0.5 0.07692308 0.68
-0.5 0.03846154 0.56
-0.4615385 0 0.44
-0.4615385 -0.03846154 0.48
-0.4230769 -0.07692308 0.6
-0.3461539 -0.07692308 0.72
-0.2692308 -0.07692308 0.76
-0.2692308 -0.07692308 0.76
-0.2692308 -0.07692308 0.72
-0.2692308 -0.07692308 0.72
-0.2307692 -0.07692308 0.64
-0.2692308 -0.03846154 0.64
-0.2307692 0 0.64
-0.2307692 0 0.68
-0.2692308 0.03846154 0.76
-0.3076923 0.03846154 0.8
-0.3461539 0 0.88
-0.4230769 -0.03846154 0.92
-0.5 -0.07692308 1
-0.5 -0.07692308 1.08
-0.4230769 -0.03846154 1.04
-0.3846154 0 0.96
-0.3461539 0 0.84
-0.4615385 -0.07692308 0.8
-0.6538461 -0.1538462 0.88
-0.8846154 -0.2692308 0.92
-0.9615384 -0.2692308 0.92
-0.8461539 -0.1538462 0.92
-0.7307692 0 0.96
-0.6538461 0.07692308 1.08
-0.6153846 0.1538462 1.12
-0.6153846 0.2307692 1.16
-0.7692308 0.1923077 1.28
-0.8461539 0.1538462 1.36
-0.8461539 0.1538462 1.32
-0.8076923 0.1538462 1.28
-0.7307692 0.1923077 1.28
-0.6923077 0.1923077 1.24
-0.6153846 0.2692308 1.2
-0.5384616 0.2692308 1.16
-0.4615385 0.2692308 1.12
-0.4230769 0.3076923 1.16
-0.4230769 0.3076923 1.12
-0.4615385 0.2692308 1.12
-0.5769231 0.2307692 1.16
-0.6923077 0.1538462 1.2
-0.6538461 0.1153846 1.16
-0.6153846 0.1153846 1.2
-0.5384616 0.1153846 1.2
-0.5 0.07692308 1.24
-0.4230769 0.1153846 1.16
-0.3846154 0.07692308 1.08
-0.3846154 0.07692308 1.08
-0.3846154 0.1153846 1
-0.6153846 0.2307692 1.16
