1384855533832 28276958675322 804050000000 7.354988 -4.290410 5.822699
1384855533934 28277060359892 804160000000 7.354988 -4.137181 5.975927
1384855534034 28277160396513 804270000000 7.508216 7.354988 4.903325
1384855534151 28277277126250 804380000000 20.072987 -4.903325 4.596867
1384855534263 28277389491972 804490000000 22.984337 -14.250289 1.072602
1384855534378 28277504085478 804600000000 16.855181 -14.097059 -7.814674
1384855534489 28277615505156 804710000000 11.951855 -7.814674 -8.580819
1384855534603 28277728938994 804820000000 8.121132 -1.379060 -5.363012
1384855534699 28277825466093 804930000000 6.435614 3.371036 -0.306458
1384855534812 28277938716826 805040000000 5.669470 2.298434 3.677494
1384855534926 28278051784453 805150000000 10.266337 -3.830723 9.500193
1384855535040 28278166500029 805260000000 12.871228 -4.290410 14.403518
1384855535152 28278277858671 805370000000 13.484144 -9.653421 15.935806
1384855535264 28278390529570 805480000000 5.669470 -6.282385 11.338940
1384855535366 28278492092070 805590000000 6.895301 -4.290410 9.500193
1384855535479 28278604915556 805700000000 7.048530 -3.983952 6.435614
1384855535592 28278718074736 805810000000 7.201759 -4.137181 6.435614
1384855535685 28278811092314 805920000000 6.895301 -4.137181 6.129157
1384855535801 28278926998076 806030000000 7.048530 -3.983952 6.435614
1384855535901 28279027553496 806140000000 6.588843 -2.604892 7.201759
1384855536029 28279155483183 806250000000 7.048530 -3.830723 5.822699
