-0.5769231 -0.3076923 1.48
-0.5769231 -0.3076923 1.48
-0.5769231 -0.3076923 1.48
-0.5769231 -0.3076923 1.48
-0.5769231 -0.3076923 1.48
-0.5769231 -0.3076923 1.48
-0.5769231 -0.3076923 1.48
-0.5769231 -0.3076923 1.48
-0.5769231 -0.3076923 1.48
-0.5769231 -0.3076923 1.48
-0.5769231 -0.3076923 1.48
-0.4230769 -0.1538462 1.48
-0.2307692 -0.03846154 1.48
-0.07692308 0.07692308 1.56
0.07692308 0.1923077 1.68
0.1923077 0.2692308 1.8
0.3076923 0.4230769 1.8
0.4230769 0.5 1.8
0.5769231 0.5769231 1.76
0.7692308 0.6153846 1.8
0.8846154 0.6153846 1.84
0.8846154 0.6153846 1.88
0.8846154 0.6538461 1.88
0.8076923 0.6538461 1.92
0.8461539 0.6538461 1.88
0.9230769 0.7307692 1.84
1.038462 0.7692308 1.8
1.230769 0.8461539 1.76
1.384615 0.9615384 1.68
1.5 1.038462 1.56
1.538462 1.076923 1.44
1.5 1.076923 1.28
1.461538 1.076923 1.12
1.384615 1 0.96
1.307692 0.9230769 0.76
1.230769 0.8846154 0.6
1.153846 0.8076923 0.48
1.076923 0.7692308 0.36
0.9615384 0.7307692 0.28
0.8846154 0.6923077 0.24
0.8461539 0.6923077 0.16
0.7692308 0.6538461 0.12
0.6923077 0.6153846 0.04
0.5769231 0.5769231 -0.04
0.5 0.5384616 -0.12
0.4230769 0.5 -0.16
0.3076923 0.4615385 -0.16
0.1923077 0.3846154 -0.2
0.03846154 0.3461539 -0.2
-0.1153846 0.2692308 -0.24
-0.2307692 0.1923077 -0.24
-0.3846154 0.1153846 -0.24
-0.4615385 0.07692308 -0.28
-0.4615385 0.07692308 -0.32
-0.4230769 0.1153846 -0.36
-0.3846154 0.1538462 -0.36
-0.3846154 0.1923077 -0.28
-0.4230769 0.1923077 -0.16
-0.5769231 0.1538462 -0.04
-0.7307692 0.1153846 0.04
-0.8846154 0.03846154 0.12
-0.9615384 0 0.16
-0.9615384 0 0.16
-0.9230769 0.03846154 0.24
-0.9230769 0.07692308 0.36
-0.9230769 0.1153846 0.52
-0.9230769 0.1538462 0.68
-0.9230769 0.1538462 0.8
-0.9230769 0.1538462 0.88
-0.9615384 0.1538462 1.04
-1.038462 0.1153846 1.32
-1.115385 0.03846154 1.52
-1.115385 0.03846154 1.72
-1 0.03846154 1.88
-0.8846154 0.03846154 2.08
-0.8076923 0.07692308 2.24
-0.6538461 0.1153846 2.36
-0.5 0.1923077 2.32
-0.3461539 0.2307692 2.28
-0.1923077 0.3461539 2.24
-0.03846154 0.4615385 2.24
0.1153846 0.5769231 2.24
0.2307692 0.6538461 2.16
0.4230769 0.7692308 2.04
0.6153846 0.8846154 1.88
0.8461539 0.9615384 1.76
1 1 1.56
1.115385 1 1.44
1.153846 0.9615384 1.28
1.192308 0.9230769 1.16
1.230769 0.8846154 1.04
1.230769 0.8461539 1
1.153846 0.7692308 0.92
1.076923 0.6923077 0.88
1 0.6153846 0.84
0.9230769 0.5769231 0.76
0.8846154 0.5384616 0.76
0.8076923 0.5 0.72
0.7307692 0.4230769 0.76
0.6153846 0.3846154 0.76
0.5384616 0.3461539 0.76
0.4615385 0.2692308 0.8
0.3461539 0.2307692 0.84
0.3076923 0.1923077 0.92
0.2692308 0.1923077 0.96
0.2307692 0.1923077 0.96
0.2307692 0.1923077 0.96
0.1923077 0.1538462 0.92
0.1923077 0.1538462 0.92
