1.153846 0.8846154 2.76
1.153846 0.8846154 2.76
1.153846 0.8846154 2.76
1.153846 0.8846154 2.76
1.153846 0.8846154 2.76
1.153846 0.8846154 2.76
1.153846 0.8846154 2.76
1.153846 0.8846154 2.76
1.153846 0.8846154 2.76
1.153846 0.8846154 2.76
1.153846 0.8846154 2.76
1.153846 0.8846154 2.76
1.307692 1.038462 2.56
1.384615 1.115385 2.28
1.423077 1.153846 2
1.423077 1.115385 1.72
1.423077 1.115385 1.52
1.423077 1.076923 1.36
1.423077 1.076923 1.2
1.384615 1.076923 1.12
1.269231 1 1.04
1.115385 0.9615384 0.96
1 0.8846154 0.84
0.8846154 0.8461539 0.72
0.8461539 0.8076923 0.6
0.6923077 0.7307692 0.32
0.6538461 0.6923077 0.24
0.5769231 0.6923077 0.08
0.5384616 0.6538461 -0.04
0.4230769 0.6153846 -0.08
0.3076923 0.5769231 -0.16
0.2307692 0.5769231 -0.24
0.1538462 0.5 -0.32
0.07692308 0.4615385 -0.36
0 0.4230769 -0.36
-0.1153846 0.3846154 -0.4
-0.1923077 0.3461539 -0.4
-0.3076923 0.3461539 -0.4
-0.4230769 0.2692308 -0.4
-0.5769231 0.1923077 -0.4
-0.6923077 0.1153846 -0.4
-0.7307692 0.1153846 -0.4
-0.7692308 0.1153846 -0.4
-0.7692308 0.1153846 -0.36
-0.7307692 0.1538462 -0.32
-0.6923077 0.2307692 -0.24
-0.7307692 0.2692308 -0.08
-0.8076923 0.2307692 0.08
-0.8846154 0.2307692 0.16
-0.9230769 0.1923077 0.24
-0.9615384 0.2307692 0.28
-0.9230769 0.2692308 0.32
-0.9230769 0.3461539 0.52
-1 0.3461539 0.88
-1.153846 0.2692308 1.24
-1.346154 0.1153846 1.56
-1.461538 -0.03846154 1.76
-1.5 -0.1538462 1.8
-1.423077 -0.1538462 1.84
-1.307692 -0.1538462 1.88
-1.115385 -0.03846154 1.96
-0.9230769 0.07692308 2.04
-0.7307692 0.1923077 2.12
-0.4615385 0.4230769 2.16
-0.1153846 0.5769231 2.12
0.1923077 0.6923077 2.08
0.3461539 0.7692308 2
0.4615385 0.8461539 1.84
0.6538461 0.9230769 1.64
0.8461539 0.9615384 1.44
1 1 1.28
1.192308 1.076923 1.16
1.307692 1.115385 1.2
1.384615 1.153846 1.28
1.423077 1.115385 1.32
1.346154 1 1.32
1.269231 0.9230769 1.28
1.153846 0.8461539 1.24
1.038462 0.7307692 1.16
0.9615384 0.6538461 1.12
0.8461539 0.5769231 1.08
0.7307692 0.4615385 1.08
0.6538461 0.3846154 1.04
0.5384616 0.3461539 1.04
0.5 0.3076923 1
0.4230769 0.2692308 1
0.4230769 0.2692308 1
0.3846154 0.2307692 1.04
0.3461539 0.2307692 1.04
0.3076923 0.2307692 1
0.2692308 0.2307692 0.96
