-1.153846 -0.2307692 1.32
-1.153846 -0.2307692 1.32
-1.153846 -0.2307692 1.32
-1.153846 -0.2307692 1.32
-1.153846 -0.2307692 1.32
-1.153846 -0.2307692 1.32
-1.153846 -0.2307692 1.32
-1.153846 -0.2307692 1.32
-1.153846 -0.2307692 1.32
-1.269231 -0.2307692 1.4
-1.307692 -0.2307692 1.44
-1.307692 -0.2307692 1.44
-1.346154 -0.2307692 1.4
-1.384615 -0.1923077 1.4
-1.423077 -0.1538462 1.36
-1.346154 0 1.28
-1.230769 0.1153846 1.28
-1.076923 0.3076923 1.28
-0.8846154 0.5384616 1.2
-0.6923077 0.7307692 1.2
-0.5 0.9230769 1.12
-0.2692308 1.115385 1
0.07692308 1.346154 0.92
0.5 1.423077 0.84
0.7692308 1.461538 0.76
0.9230769 1.423077 0.68
1.076923 1.423077 0.64
1.192308 1.346154 0.56
1.230769 1.307692 0.56
1.307692 1.230769 0.56
1.384615 1.192308 0.6
1.423077 1.115385 0.64
1.423077 1.038462 0.68
1.384615 0.9615384 0.8
1.307692 0.8461539 0.84
1.269231 0.7692308 0.92
1.192308 0.6538461 0.92
1.076923 0.5769231 0.88
0.9615384 0.4230769 0.84
0.8461539 0.3076923 0.84
0.7307692 0.1923077 0.84
0.6153846 0.1153846 0.84
0.5384616 0.03846154 0.84
0.4615385 -0.03846154 0.88
0.4230769 -0.07692308 0.92
0.3461539 -0.1153846 0.92
0.3461539 -0.1153846 0.96
0.3461539 -0.1538462 0.96
0.3076923 -0.1538462 0.96
0.3461539 -0.1538462 0.96
0.3461539 -0.1538462 1
0.3461539 -0.1538462 1
0.3461539 -0.1538462 0.96
0.3461539 -0.1538462 0.92
