0.7692308 0.4230769 1.8
0.7692308 0.4230769 1.8
0.7692308 0.4230769 1.8
0.7692308 0.4230769 1.8
0.7692308 0.4230769 1.8
0.7692308 0.4230769 1.8
0.5 0.3461539 1.88
0.5 0.3461539 1.88
0.5 0.3461539 1.88
0.5 0.3461539 1.88
0.5 0.3461539 1.88
0.1923077 0.3076923 2
-0.03846154 0.2307692 2.12
-0.1923077 0.1538462 2.12
-0.3076923 0.07692308 2.12
-0.4230769 -0.03846154 2
-0.5 -0.07692308 1.88
-0.5769231 -0.07692308 1.8
-0.6153846 -0.07692308 1.72
-0.6923077 -0.03846154 1.68
-0.7307692 -0.03846154 1.64
-0.8461539 -0.07692308 1.6
-0.9615384 -0.07692308 1.6
-1.038462 -0.07692308 1.56
-1 -0.03846154 1.44
-1 0.03846154 1.32
-0.9615384 0.07692308 1.28
-0.9615384 0.1153846 1.2
-1 0.1538462 1.16
-1 0.1153846 1.08
-1.076923 0.1153846 1.04
-1.115385 0.1153846 1
-1.115385 0.1153846 1
-1.115385 0.1153846 0.92
-1.115385 0.1153846 0.8
-1.076923 0.1538462 0.64
-1 0.1538462 0.52
-0.9230769 0.1923077 0.48
-0.8461539 0.1923077 0.48
-0.8076923 0.2307692 0.44
-0.8076923 0.2307692 0.44
-0.7692308 0.1923077 0.4
-0.7307692 0.1923077 0.32
-0.6923077 0.1923077 0.24
-0.6153846 0.1923077 0.12
-0.5384616 0.1923077 0.04
-0.4615385 0.1153846 0
-0.4230769 0.1153846 0
-0.3846154 0.07692308 -0.04
-0.3076923 0.07692308 -0.08
-0.2692308 0.07692308 -0.12
-0.1923077 0.07692308 -0.12
-0.1538462 0.03846154 -0.16
-0.07692308 0.03846154 -0.16
0 0.03846154 -0.12
0.07692308 0 -0.12
0.1153846 0 -0.12
0.1923077 0 -0.08
0.2307692 0 0
0.2692308 0.03846154 0.04
0.3076923 0.07692308 0.08
0.3846154 0.1153846 0.16
0.5 0.1923077 0.2
0.6153846 0.2692308 0.2
0.7692308 0.3461539 0.28
0.8461539 0.4230769 0.44
0.9230769 0.4615385 0.56
1 0.5 0.64
0.9615384 0.5 0.76
1 0.5 0.8
1 0.4615385 0.84
0.9615384 0.4615385 0.84
1 0.5 0.92
1.038462 0.5769231 0.92
1.153846 0.6153846 1.08
1.269231 0.6923077 1.28
1.307692 0.7307692 1.44
1.269231 0.7692308 1.6
1.230769 0.7692308 1.64
1.038462 0.6923077 1.68
0.8076923 0.6153846 1.76
0.5384616 0.5384616 1.84
0.4230769 0.5 1.88
0.4230769 0.5384616 1.88
0.4615385 0.5769231 1.88
0.4615385 0.6153846 1.88
0.4615385 0.6153846 1.84
0.3461539 0.5769231 1.84
0.1538462 0.5 1.84
-0.1153846 0.4230769 1.88
-0.3461539 0.3461539 1.92
-0.5384616 0.2692308 1.92
-0.6538461 0.1923077 1.92
-0.7692308 0.07692308 1.96
-0.7692308 0.03846154 2
-0.6538461 0.03846154 2
-0.5384616 0.07692308 1.92
-0.4615385 0.07692308 1.8
-0.4615385 0.07692308 1.68
-0.6538461 0.03846154 1.64
-0.7307692 0 1.68
-0.6538461 0 1.56
-0.4615385 0.1153846 1.36
-0.2692308 0.1923077 1.12
-0.1538462 0.2307692 0.96
-0.1923077 0.2692308 0.88
-0.1538462 0.2692308 0.84
-0.1153846 0.2307692 0.92
-0.07692308 0.2692308 1
0 0.2692308 1
0.03846154 0.2692308 1.04
0.07692308 0.3076923 1.04
0.07692308 0.2692308 1.08
0.1153846 0.3076923 1.08
0.1153846 0.2692308 1.12
0.1538462 0.2692308 1.08
0.1538462 0.2692308 1.04
0.1538462 0.2692308 1
0.1153846 0.2692308 1.04
