0.07692308 0.7692308 2.92
0.07692308 0.7692308 2.92
0.07692308 0.7692308 2.92
0.07692308 0.7692308 2.92
0.07692308 0.7692308 2.92
0.07692308 0.7692308 2.92
0.07692308 0.7692308 2.92
0.2307692 0.7307692 2.92
0.2307692 0.7307692 2.92
0.2307692 0.7307692 2.92
0.2307692 0.7307692 2.92
0.2307692 0.7307692 2.92
0.2307692 0.7307692 2.92
0.3076923 0.6923077 2.8
0.3846154 0.6153846 2.6
0.3076923 0.5769231 2.4
0.3076923 0.5384616 2.32
0.2692308 0.5 2.28
0.1923077 0.4615385 2.28
0.1538462 0.4230769 2.24
0.2307692 0.4615385 2.12
0.3461539 0.5 1.96
0.3846154 0.5384616 1.88
0.3846154 0.5 1.8
0.3461539 0.5 1.8
0.3461539 0.4615385 1.8
0.3461539 0.5 1.8
0.3461539 0.4615385 1.72
0.3076923 0.4615385 1.72
0.2692308 0.4615385 1.68
0.2692308 0.4615385 1.64
0.2692308 0.4615385 1.64
0.2692308 0.4615385 1.6
0.2692308 0.5 1.64
0.2692308 0.4615385 1.64
0.2692308 0.4615385 1.64
0.2307692 0.4230769 1.64
0.2307692 0.4230769 1.6
