0.2307692 1.230769 1.28
0.1538462 1.153846 1.68
0.1538462 1.153846 1.68
0.1538462 1.153846 1.68
0.1538462 1.153846 1.68
0.1538462 1.153846 1.68
0.1538462 1.153846 1.68
0.1538462 1.153846 1.68
0.1538462 1.153846 1.68
0.1538462 1.153846 1.68
0.1538462 1.153846 1.68
0.1923077 1.153846 1.8
0.1923077 1.153846 2
0.2692308 1.153846 2.2
0.1538462 1.076923 2.4
0.03846154 0.9615384 2.56
-0.07692308 0.8846154 2.68
-0.1538462 0.8076923 2.8
-0.07692308 0.6923077 2.92
0 0.6923077 2.92
0.1153846 0.6538461 2.8
0.2692308 0.6923077 2.56
0.3846154 0.6538461 2.36
0.4230769 0.6538461 2.2
0.3461539 0.5384616 2.16
0.2307692 0.4230769 2.28
0.2692308 0.4230769 2.28
0.4230769 0.4615385 2.2
0.5384616 0.5 2.16
0.5769231 0.5769231 2.08
0.5384616 0.5769231 1.96
0.4615385 0.5769231 1.8
0.4230769 0.5769231 1.6
0.3076923 0.5384616 1.48
0.2307692 0.5 1.44
0.1538462 0.4615385 1.44
0.1923077 0.4615385 1.44
0.2307692 0.4230769 1.48
0.2692308 0.4615385 1.44
0.3076923 0.5 1.48
0.3461539 0.5 1.52
0.3461539 0.5 1.56
0.3461539 0.5 1.56
0.3076923 0.5 1.52
0.2692308 0.4615385 1.52
0.2692308 0.4615385 1.52
0.3076923 0.4230769 1.52
