0.4615385 0.9230769 2
0.4615385 0.9230769 2
0.4615385 0.9230769 2
0.4615385 0.9230769 2
0.4615385 0.9230769 2
0.4615385 0.9230769 2
0.4615385 0.9230769 2
0.4615385 0.9230769 2
0.4615385 0.9230769 2
0.4615385 0.9230769 2
0.4615385 0.9230769 2
0.4615385 0.9230769 2
1 1.346154 2.08
1.423077 1.615385 2.04
1.692308 1.730769 1.96
1.807692 1.769231 1.8
1.653846 1.653846 1.72
1.423077 1.5 1.56
1.230769 1.346154 1.44
1.076923 1.192308 1.32
1.038462 1.076923 1.2
1.038462 1 1.12
1 0.8846154 1.08
0.9615384 0.8461539 1
0.9230769 0.7692308 0.92
0.8846154 0.7307692 0.84
0.8461539 0.6923077 0.76
0.8461539 0.6538461 0.68
0.7692308 0.6153846 0.6
0.7307692 0.5769231 0.48
0.6923077 0.5384616 0.4
0.6923077 0.5384616 0.32
0.6923077 0.5384616 0.2
0.6538461 0.5 0.12
0.6153846 0.4615385 0.04
0.5384616 0.4230769 0
0.4615385 0.3461539 -0.08
0.3846154 0.3461539 -0.12
0.3461539 0.3076923 -0.16
0.2692308 0.2692308 -0.16
0.1923077 0.2692308 -0.16
0.07692308 0.2307692 -0.16
0 0.1923077 -0.12
-0.1153846 0.1538462 -0.12
-0.1538462 0.1538462 -0.12
-0.1923077 0.1538462 -0.12
-0.1538462 0.1538462 -0.08
-0.2307692 0.1923077 0
-0.3076923 0.1538462 0.08
-0.5384616 0.07692308 0.16
-0.6538461 0.03846154 0.12
-0.6923077 0.03846154 0.12
-0.6923077 0.03846154 0.12
-0.7307692 0.03846154 0.16
-0.8076923 0 0.32
-0.8846154 -0.03846154 0.44
-0.9230769 -0.03846154 0.44
-0.8846154 0 0.36
-0.8076923 0.07692308 0.32
-0.7307692 0.1923077 0.44
-0.7307692 0.2307692 0.64
-0.8461539 0.2307692 0.8
-0.9615384 0.1538462 1.08
-1.115385 0.1153846 1.2
-1.192308 0.07692308 1.28
-1.115385 0.07692308 1.36
-1 0.1153846 1.52
-0.9230769 0.1538462 1.72
-0.7692308 0.1923077 1.96
-0.6538461 0.2307692 2.16
-0.5769231 0.2692308 2.28
-0.5 0.2692308 2.2
-0.4230769 0.3846154 2.12
-0.3076923 0.4615385 2.12
-0.2307692 0.5769231 2.08
-0.1153846 0.7307692 2.04
0.1153846 0.9230769 1.92
0.4615385 1.115385 1.84
0.8076923 1.269231 1.76
1.076923 1.346154 1.72
1.269231 1.384615 1.68
1.307692 1.307692 1.6
1.192308 1.192308 1.44
1.076923 1.115385 1.2
1 1.038462 1.08
1.038462 0.9615384 0.96
1.038462 0.9230769 0.92
1.038462 0.8461539 0.92
1.038462 0.8076923 0.88
0.9615384 0.7307692 0.92
0.8461539 0.6538461 0.92
0.7307692 0.5769231 0.92
0.6153846 0.5 0.96
0.5384616 0.4615385 0.92
0.5 0.4230769 0.84
0.4230769 0.3461539 0.8
