-1.269231 -0.5 -0.28
-1.269231 -0.5 -0.28
-1.269231 -0.5 -0.28
-1.269231 -0.5 -0.28
-1.269231 -0.5 -0.28
-1.269231 -0.5 -0.28
-1.269231 -0.5 -0.28
-1.269231 -0.5 -0.28
-1.269231 -0.5 -0.28
-1.269231 -0.5 -0.28
-1.269231 -0.5 -0.28
-1.384615 -0.5384616 -0.24
-1.461538 -0.5769231 -0.12
-1.461538 -0.5384616 -0.04
-1.346154 -0.4230769 0.04
-0.8846154 -0.1923077 0.52
-0.7307692 -0.07692308 0.72
-0.5769231 -0.03846154 0.92
-0.3846154 0.03846154 1.08
-0.2307692 0.03846154 1.2
-0.1153846 0.03846154 1.28
0.03846154 0.1153846 1.36
0.1538462 0.1538462 1.44
0.3076923 0.2307692 1.56
0.4615385 0.3076923 1.68
0.5769231 0.3076923 1.76
0.6923077 0.3076923 1.72
0.7307692 0.2692308 1.68
0.7307692 0.2692308 1.64
0.6923077 0.2692308 1.6
0.6538461 0.2692308 1.6
0.6923077 0.3461539 1.64
0.7692308 0.3846154 1.64
0.8846154 0.4615385 1.64
1 0.4615385 1.56
1.038462 0.4615385 1.52
1.038462 0.4230769 1.48
0.9615384 0.3846154 1.36
0.8461539 0.3461539 1.28
0.6923077 0.3461539 1.2
0.5384616 0.3076923 1.12
0.4230769 0.3076923 1.12
0.3461539 0.3461539 1.08
0.3461539 0.4230769 1
0.3846154 0.5 0.92
0.5 0.5769231 0.84
0.5 0.5769231 0.84
0.4615385 0.6153846 0.88
0.1923077 0.6153846 0.96
-0.1538462 0.6153846 1.04
-0.3846154 0.6153846 1.04
-0.4615385 0.6923077 1
-0.6538461 0.7307692 1.12
-1.076923 0.6153846 1.4
-1.615385 0.2692308 1.64
-1.846154 -0.03846154 1.64
-1.807692 -0.1923077 1.52
-1.653846 -0.2307692 1.48
-1.384615 -0.1923077 1.48
-1.153846 -0.1538462 1.44
-1.076923 -0.1538462 1.48
-1.076923 -0.1538462 1.48
-1.153846 -0.1923077 1.4
-1.615385 -0.4615385 1.32
-1.576923 -0.5 1.36
-1.076923 -0.2307692 1.36
-0.6538461 -0.03846154 1.2
-0.5 0.03846154 1.08
-0.5384616 0.03846154 1.12
-0.5 0.07692308 1.2
-0.4230769 0.07692308 1.28
