-0.8846154 0.4615385 0.96
-0.8846154 0.4615385 0.96
-0.8846154 0.4615385 0.96
-0.8846154 0.4615385 0.96
-0.8846154 0.4615385 0.96
-0.8846154 0.4615385 0.96
-0.8846154 0.4615385 0.96
-0.8846154 0.4615385 0.96
-0.6538461 0.6538461 0.92
-0.6538461 0.6538461 0.92
-0.3846154 0.7692308 0.92
-0.3846154 0.7692308 0.92
-0.3846154 0.7692308 0.92
-0.3846154 0.7692308 0.92
-0.1538462 0.9230769 0.84
0.07692308 0.9615384 0.84
0.1923077 0.9615384 0.84
0.3076923 0.9615384 0.84
0.3461539 0.9615384 0.96
0.4615385 0.9615384 1.04
0.5769231 0.9615384 1.08
0.6923077 0.9615384 1.04
0.8076923 0.9615384 1
0.8846154 0.9230769 0.96
0.8461539 0.8461539 0.92
0.7692308 0.7692308 0.92
0.7307692 0.6923077 0.92
0.7692308 0.6538461 0.88
0.7692308 0.6153846 0.84
0.8461539 0.5769231 0.84
0.8461539 0.5 0.84
0.8461539 0.4615385 0.8
0.8076923 0.4230769 0.76
0.8076923 0.3461539 0.76
0.7692308 0.3076923 0.76
0.7307692 0.2307692 0.8
0.6923077 0.1923077 0.8
0.6153846 0.1538462 0.84
0.6153846 0.07692308 0.84
0.6153846 0.07692308 0.84
0.5769231 0.03846154 0.8
0.5769231 0 0.76
0.5384616 -0.03846154 0.76
0.5 -0.03846154 0.76
0.5 -0.07692308 0.8
0.4615385 -0.07692308 0.84
0.4230769 -0.07692308 0.84
0.4615385 -0.03846154 0.88
0.5 -0.03846154 0.88
0.5 0 0.88
0.5 0 0.88
0.5 0 0.88
0.5384616 0.03846154 0.84
0.5384616 0.03846154 0.84
0.5384616 0.07692308 0.84
0.5769231 0.07692308 0.76
