-1.230769 -0.6538461 0.08
-1.230769 -0.6538461 0.08
-1.230769 -0.6538461 0.08
-1.230769 -0.6538461 0.08
-1.230769 -0.6538461 0.08
-1.230769 -0.6538461 0.08
-1.230769 -0.6538461 0.08
-1 -0.5384616 0.04
-1 -0.5384616 0.04
-1 -0.5384616 0.04
-1 -0.5384616 0.04
-0.7692308 -0.3846154 0.08
-0.5769231 -0.2692308 0.24
-0.3846154 -0.1538462 0.44
-0.1923077 0 0.6
0 0.07692308 0.76
0.2692308 0.1923077 0.96
0.5384616 0.2692308 1.04
0.7307692 0.2692308 1.08
0.8846154 0.3461539 1.04
0.9615384 0.3846154 1
1 0.4230769 0.96
1.038462 0.5 1.04
1.153846 0.6153846 1.2
1.269231 0.6923077 1.32
1.307692 0.7692308 1.44
1.307692 0.8461539 1.52
1.230769 0.8846154 1.64
1.115385 0.9230769 1.76
1.038462 0.9230769 1.84
0.9230769 0.9230769 1.88
0.7692308 0.9230769 1.84
0.6538461 0.8846154 1.72
0.4615385 0.8461539 1.64
0.3076923 0.7692308 1.52
0.1153846 0.7307692 1.48
-0.2307692 0.6153846 1.52
-0.5769231 0.4615385 1.56
-1.076923 0.2307692 1.64
-1.5 -0.07692308 1.68
-1.846154 -0.3461539 1.68
-2 -0.5769231 1.72
-2 -0.7307692 1.64
-2 -0.8846154 1.6
-2 -0.9615384 1.44
