-0.5 0.3076923 1.72
-0.5 0.3076923 1.72
-0.5 0.3076923 1.72
-0.5 0.3076923 1.72
-0.5 0.3076923 1.72
-0.5 0.3076923 1.72
-0.5 0.3076923 1.72
-0.5 0.3076923 1.72
-0.5 0.3076923 1.72
-0.5 0.3076923 1.72
-0.5 0.3076923 1.72
-0.5 0.3076923 1.72
-0.5384616 0.2692308 1.64
-0.5 0.2307692 1.6
-0.3846154 0.3076923 1.48
-0.3076923 0.4230769 1.36
-0.2307692 0.4615385 1.16
-0.1538462 0.5384616 0.84
-0.1538462 0.4615385 0.56
-0.1923077 0.3846154 0.4
-0.2307692 0.3461539 0.32
-0.2307692 0.2692308 0.24
-0.2307692 0.2692308 0.12
-0.1923077 0.2692308 0.04
-0.1153846 0.2692308 -0.08
-0.03846154 0.2692308 -0.16
0.03846154 0.2692308 -0.24
0.07692308 0.2307692 -0.28
0.07692308 0.1923077 -0.32
0.1153846 0.1538462 -0.36
0.1153846 0.1153846 -0.36
0.07692308 0.03846154 -0.32
0.07692308 -0.03846154 -0.32
0.03846154 -0.1153846 -0.28
0.03846154 -0.1538462 -0.28
0.03846154 -0.1923077 -0.28
0.03846154 -0.2307692 -0.24
0.03846154 -0.2307692 -0.24
0.03846154 -0.2692308 -0.2
0 -0.3076923 -0.12
0 -0.3461539 -0.12
-0.03846154 -0.3846154 -0.08
-0.03846154 -0.3846154 -0.08
0 -0.3846154 -0.08
0 -0.3846154 -0.08
0.03846154 -0.3846154 -0.04
0.03846154 -0.4230769 -0.04
