0.7307692 2.192308 1.32
0.7307692 2.192308 1.32
0.6923077 2.346154 1.44
0.6923077 2.346154 1.44
0.6923077 2.346154 1.44
0.6923077 2.346154 1.44
0.6923077 2.346154 1.44
0.6923077 2.346154 1.44
0.6923077 2.346154 1.44
0.6923077 2.346154 1.44
0.6923077 2.346154 1.44
0.6923077 2.346154 1.44
0.3461539 2.423077 1.56
-0.2692308 2.269231 1.68
-0.8846154 1.846154 1.6
-1.269231 1.423077 1.36
-1.5 1 1.24
-1.423077 0.7307692 1.28
-1.192308 0.6538461 1.32
-0.9615384 0.6538461 1.48
-0.8846154 0.6153846 1.64
-0.9230769 0.5 1.68
-1 0.3846154 1.6
-1.038462 0.3076923 1.52
-1.153846 0.1538462 1.52
-1.230769 0.03846154 1.44
-1.192308 -0.07692308 1.36
-1.115385 -0.1538462 1.32
-1.038462 -0.1538462 1.32
-1 -0.1538462 1.28
-0.9230769 -0.1538462 1.28
-0.8461539 -0.1153846 1.24
-0.7692308 -0.07692308 1.24
-0.7307692 -0.07692308 1.24
-0.6923077 -0.07692308 1.24
-0.6923077 -0.07692308 1.24
-0.6538461 -0.07692308 1.2
-0.5769231 -0.07692308 1.2
-0.5384616 -0.07692308 1.2
-0.5 -0.07692308 1.16
-0.5 -0.07692308 1.16
-0.5 -0.07692308 1.16
-0.4615385 -0.07692308 1.2
-0.4230769 -0.03846154 1.2
-0.3846154 -0.03846154 1.2
-0.3846154 -0.03846154 1.12
-0.3846154 -0.03846154 1.04
-0.3846154 -0.07692308 1.12
-0.3846154 -0.03846154 1.12
-0.3461539 -0.03846154 1.12
-0.3461539 0 1.08
-0.2692308 0.03846154 1.08
-0.2307692 0.07692308 1.12
-0.1538462 0.1153846 1.12
-0.1153846 0.07692308 1.16
-0.1153846 0.07692308 1.16
