0.9230769 1.076923 2.52
0.9230769 1.076923 2.52
0.9230769 1.076923 2.52
0.9230769 1.076923 2.52
0.9230769 1.076923 2.52
0.9230769 1.076923 2.52
0.9230769 1.076923 2.52
0.9230769 1.076923 2.52
0.9230769 1.076923 2.52
0.9230769 1.076923 2.52
0.9230769 1.076923 2.52
0.9230769 1.076923 2.52
1.269231 1.346154 2.52
1.538462 1.576923 2.4
1.615385 1.692308 2.28
1.769231 1.730769 2.12
1.846154 1.692308 1.96
1.884615 1.653846 1.76
1.884615 1.576923 1.6
1.769231 1.461538 1.44
1.653846 1.346154 1.32
1.461538 1.230769 1.24
1.307692 1.153846 1.2
1.192308 1.076923 1.12
1.115385 1 1.04
1 0.9230769 0.96
0.8846154 0.8846154 0.84
0.7692308 0.8076923 0.68
0.6923077 0.7307692 0.52
0.6153846 0.6923077 0.4
0.5384616 0.6153846 0.32
0.5 0.6153846 0.24
0.4615385 0.5769231 0.16
0.4230769 0.5384616 0.12
0.3461539 0.5384616 0.08
0.2692308 0.5 0.04
0.1923077 0.4615385 0
0.1538462 0.4230769 -0.08
0.07692308 0.4230769 -0.16
0.03846154 0.3846154 -0.2
0 0.3461539 -0.24
-0.03846154 0.3461539 -0.28
-0.1153846 0.3076923 -0.24
-0.2307692 0.2307692 -0.16
-0.3461539 0.1923077 -0.12
-0.4615385 0.1538462 -0.12
-0.5769231 0.07692308 -0.12
-0.6153846 0.07692308 -0.16
-0.6538461 0.07692308 -0.2
-0.6153846 0.1153846 -0.12
-0.5769231 0.1538462 -0.08
-0.5 0.1923077 0.04
-0.5 0.2307692 0.16
-0.5 0.2692308 0.24
-0.5769231 0.2692308 0.36
-0.6538461 0.2307692 0.52
-0.7692308 0.1538462 0.64
-0.8461539 0.1153846 0.76
-0.9615384 0.07692308 0.84
-0.9615384 0.03846154 0.88
-0.9615384 0 0.96
-0.9615384 0 1.04
-0.9615384 0.03846154 1.24
-0.9615384 0.03846154 1.48
-0.9230769 0.03846154 1.68
-0.8461539 0.1153846 1.84
-0.7307692 0.1538462 1.92
-0.5769231 0.1923077 2
-0.4615385 0.2692308 2
-0.3461539 0.3076923 2.04
-0.2692308 0.3846154 2.04
-0.1538462 0.4615385 1.96
-0.03846154 0.5384616 1.84
0.07692308 0.6153846 1.76
0.1153846 0.6538461 1.64
0.1538462 0.7307692 1.56
0.2692308 0.8461539 1.44
0.5 0.9615384 1.32
0.7307692 1.115385 1.24
0.9615384 1.192308 1.2
1.115385 1.269231 1.16
1.230769 1.307692 1.12
1.307692 1.307692 1.08
1.346154 1.269231 1
1.307692 1.269231 0.96
1.269231 1.192308 0.92
1.269231 1.076923 0.84
1.153846 1 0.84
1.115385 0.9230769 0.84
1 0.8076923 0.84
0.9230769 0.7307692 0.84
0.8076923 0.6153846 0.84
0.7307692 0.5769231 0.88
0.6538461 0.5 0.88
0.6153846 0.4615385 0.88
0.5 0.4230769 0.88
