1384186468539 79366828895987 1867182000000 1.532289 -1.991976 9.346964
1384186468655 79366944771231 1867292000000 2.298434 -2.604892 12.258313
1384186468766 79367056129874 1867402000000 4.903325 -0.306458 18.847157
1384186468878 79367167244376 1867512000000 7.048530 4.596867 16.089035
1384186468989 79367278480948 1867622000000 6.435614 4.596867 7.508216
1384186469110 79367399818839 1867732000000 3.524265 1.532289 -0.459687
1384186469196 79367486092032 1867842000000 0.000000 -0.459687 -2.145205
1384186469309 79367598335684 1867952000000 0.459687 -4.137181 2.758120
1384186469420 79367709694327 1868062000000 2.451663 -7.048530 14.250289
1384186469532 79367821236075 1868172000000 -0.459687 -8.274362 16.242264
1384186469644 79367933662833 1868282000000 5.056554 -1.379060 18.234240
1384186469753 79368043007315 1868392000000 5.975927 1.072602 11.338940
1384186469865 79368154579581 1868502000000 5.363012 0.459687 8.274362
1384186469976 79368266121329 1868612000000 2.451663 -2.604892 8.580819
1384186470088 79368377357901 1868722000000 2.451663 -2.145205 9.959879
1384186470185 79368474708975 1868832000000 2.604892 -1.685518 9.806650
1384186470315 79368604683341 1868942000000 3.064578 -1.991976 9.653421
1384186470426 79368715858878 1869052000000 3.217807 -1.379060 9.346964
