1384186477621 79375910347403 1876262000000 2.145205 -2.298434 10.266337
1384186477737 79376026283682 1876372000000 2.145205 -1.532289 10.572795
1384186477848 79376137428702 1876482000000 0.766145 -0.459687 17.008410
1384186477958 79376247444571 1876592000000 6.129157 3.524265 19.460072
1384186478073 79376362373770 1876702000000 5.975927 5.669470 7.814674
1384186478183 79376472786368 1876812000000 4.750096 3.677494 1.991976
1384186478294 79376583443106 1876922000000 1.991976 0.153229 -1.225831
1384186478407 79376696571768 1877032000000 -1.072602 -3.371036 0.153229
1384186478518 79376807716788 1877142000000 -0.612916 -8.121132 9.193734
1384186478629 79376919014395 1877252000000 0.153229 -9.193734 19.153614
1384186478716 79377005440176 1877362000000 5.056554 -6.435614 17.774553
1384186478827 79377116920889 1877472000000 8.580819 4.443638 14.403518
1384186478940 79377229378165 1877582000000 5.822699 -0.612916 7.967903
1384186479056 79377345680655 1877692000000 3.371036 -1.991976 9.040505
1384186479167 79377456795157 1877802000000 3.064578 -1.072602 9.653421
1384186479278 79377568031729 1877912000000 2.451663 -1.685518 9.500193
1384186479390 79377679298819 1878022000000 1.991976 -1.532289 10.113108
1384186479500 79377789955557 1878132000000 2.145205 -1.991976 9.653421
