1384269249805 116123728451760 6299586000000 8.121132 0.000000 6.435614
1384269249906 116123829403909 6299696000000 8.274362 -0.153229 6.588843
1384269250010 116123933133157 6299806000000 7.661446 -0.306458 6.129157
1384269250138 116124061947854 6299916000000 7.354988 -2.758120 5.056554
1384269250249 116124172604593 6300026000000 8.427590 -4.903325 5.056554
1384269250361 116124284604104 6300136000000 11.951855 -2.451663 10.879252
1384269250462 116124385190042 6300246000000 13.943830 2.604892 10.572795
1384269250573 116124496853860 6300356000000 11.338940 3.371036 5.822699
1384269250680 116124603116067 6300466000000 7.967903 2.298434 1.685518
1384269250781 116124704007180 6300576000000 4.443638 2.145205 2.298434
1384269250892 116124815274270 6300686000000 5.056554 2.298434 9.500193
1384269251020 116124943020852 6300796000000 6.129157 0.612916 16.548723
1384269251123 116125046566995 6300906000000 4.596867 -2.911349 15.476120
1384269251220 116125143124612 6301016000000 2.911349 -1.991976 9.040505
1384269251328 116125251065286 6301126000000 0.459687 -0.612916 2.604892
1384269251459 116125382809670 6301236000000 1.379060 5.822699 3.983952
1384269251592 116125515378030 6301346000000 1.225831 9.653421 4.443638
1384269251678 116125601376565 6301456000000 0.153229 8.734048 5.363012
1384269251789 116125712399514 6301566000000 0.612916 6.742072 6.282385
1384269251879 116125802975686 6301676000000 0.459687 7.201759 6.895301
1384269251991 116125914517434 6301786000000 0.612916 7.508216 5.822699
1384269252118 116126041043313 6301896000000 0.000000 7.661446 6.742072
