1384269296328 116170251126321 6346126000000 8.734048 3.524265 4.290410
1384269296439 116170362576516 6346236000000 8.887277 3.217807 3.983952
1384269296565 116170488888772 6346346000000 8.734048 2.604892 3.830723
1384269296666 116170589993508 6346456000000 8.580819 2.911349 4.137181
1384269296768 116170691311868 6346566000000 8.734048 3.371036 4.137181
1384269296894 116170817349465 6346676000000 8.734048 0.766145 5.669470
1384269296995 116170918484719 6346786000000 10.572795 1.072602 9.653421
1384269297120 116171043728860 6346896000000 11.492168 5.056554 4.137181
1384269297223 116171146267922 6347006000000 10.572795 6.435614 2.145205
1384269297325 116171248532327 6347116000000 9.346964 4.443638 0.766145
1384269297426 116171349942239 6347226000000 6.895301 5.669470 1.991976
1384269297568 116171491818459 6347336000000 7.508216 6.435614 5.975927
1384269297653 116171576596292 6347446000000 5.669470 5.363012 8.274362
1384269297759 116171682644876 6347556000000 3.371036 7.967903 10.266337
1384269297889 116171812985452 6347666000000 2.145205 5.822699 9.653421
1384269297989 116171912655862 6347776000000 1.225831 5.363012 5.209783
1384269298109 116172032834085 6347886000000 -0.153229 6.588843 1.532289
1384269298199 116172122860940 6347996000000 0.306458 8.580819 0.766145
1384269298322 116172245450051 6348106000000 0.612916 8.887277 1.685518
1384269298432 116172355496438 6348216000000 0.000000 9.500193 2.604892
1384269298542 116172465115579 6348326000000 0.000000 9.959879 3.217807
1384269298652 116172575284036 6348436000000 -0.306458 8.887277 3.217807
1384269298751 116172674466165 6348546000000 -0.153229 8.580819 3.064578
1384269298868 116172791440042 6348656000000 -0.306458 8.580819 3.830723
