1384509509316 34879191375428 94263000000 -1.991976 1.532289 9.193734
1384509509433 34879307738953 94373000000 -1.685518 1.685518 9.806650
1384509509550 34879424895936 94483000000 1.838747 4.290410 9.959879
1384509509667 34879541869813 94593000000 3.217807 6.435614 12.105083
1384509509771 34879646209412 94703000000 -0.153229 -4.596867 9.959879
1384509509874 34879748809510 94813000000 -3.524265 -3.371036 2.911349
1384509509980 34879855102235 94923000000 -2.911349 0.000000 -1.991976
1384509510112 34879986968690 95033000000 -1.685518 -2.911349 4.750096
1384509510221 34880096130067 95143000000 8.427590 -7.814674 22.218191
1384509510330 34880204894715 95253000000 3.524265 -1.991976 18.693928
1384509510423 34880298583680 95363000000 3.217807 -1.072602 10.266337
1384509510536 34880410827332 95473000000 3.830723 -1.072602 9.193734
1384509510656 34880530639344 95583000000 3.677494 -3.983952 8.887277
1384509510751 34880625945741 95693000000 3.524265 -1.685518 10.419566
1384509510882 34880757079774 95803000000 4.596867 -1.072602 9.500193
