1384509540158 34910033385926 125103000000 -2.298434 0.612916 9.806650
1384509540287 34910162261658 125213000000 -1.991976 0.919373 9.500193
1384509540403 34910278228455 125323000000 -2.298434 0.153229 10.266337
1384509540503 34910378234559 125433000000 1.072602 1.991976 10.266337
1384509540616 34910491027528 125543000000 3.983952 6.895301 12.258313
1384509540707 34910581939393 125653000000 0.766145 -3.064578 10.266337
1384509540847 34910722564393 125763000000 -4.596867 -6.588843 5.209783
1384509540948 34910823608094 125873000000 -1.532289 0.000000 0.612916
1384509541066 34910941100770 125983000000 -2.298434 -3.524265 -1.991976
1384509541151 34911025756532 126093000000 2.604892 -3.371036 9.500193
1384509541276 34911151122742 126203000000 8.274362 -5.209783 25.895685
1384509541382 34911256805115 126313000000 2.298434 -0.612916 11.645397
1384509541487 34911361968690 126423000000 4.443638 -3.524265 8.580819
1384509541611 34911485809022 126533000000 1.379060 -8.274362 5.363012
1384509541707 34911582549744 126643000000 4.750096 -1.838747 9.653421
