1387384584957 600868977400686 3296593000000 6.129157 -7.661446 1.225831
1387384585068 600869088515188 3296703000000 6.588843 -7.814674 1.991976
1387384585179 600869199477102 3296813000000 8.580819 -9.040505 7.661446
1387384585291 600869310713674 3296923000000 9.653421 -11.032481 10.266337
1387384585402 600869422011282 3297033000000 9.959879 -13.024457 7.661446
1387384585489 600869509505178 3297143000000 7.201759 -9.653421 1.685518
1387384585601 600869620772268 3297253000000 0.306458 -3.677494 0.612916
1387384585729 600869748885061 3297363000000 -3.371036 -0.919373 2.604892
1387384585840 600869860152151 3297473000000 -3.983952 0.919373 4.290410
1387384585953 600869973402883 3297583000000 -2.145205 3.064578 4.443638
1387384586039 600870059554006 3297693000000 1.225831 2.758120 3.830723
1387384586160 600870180281546 3297803000000 7.201759 0.766145 7.508216
1387384586271 600870290846731 3297913000000 12.717999 1.685518 8.121132
1387384586393 600870413222219 3298023000000 13.330915 4.443638 9.193734
1387384586491 600870510695364 3298133000000 11.798626 5.363012 7.661446
1387384586614 600870633925344 3298243000000 9.959879 2.298434 4.596867
1387384586710 600870730177786 3298353000000 9.346964 1.225831 2.758120
1387384586823 600870843214895 3298463000000 9.806650 1.072602 2.451663
1387384586933 600870953261282 3298573000000 9.806650 0.919373 2.451663
1387384587045 600871064619924 3298683000000 10.572795 0.306458 1.532289
1387384587156 600871175825979 3298793000000 10.113108 0.766145 2.604892
