1384249969815 99210377701575 1973971000000 8.121132 -4.750096 3.830723
1384249969926 99210488694007 1974081000000 8.121132 -4.290410 3.524265
1384249970012 99210574875648 1974191000000 8.427590 -4.290410 3.983952
1384249970124 99210686173255 1974301000000 10.266337 -3.524265 18.387468
1384249970249 99210811173255 1974411000000 19.919758 -5.822699 17.774553
1384249970360 99210922379310 1974521000000 13.177687 -9.653421 1.072602
1384249970471 99211033890540 1974631000000 0.612916 -1.685518 0.919373
1384249970583 99211145066077 1974741000000 -1.379060 -1.991976 -1.072602
1384249970694 99211256516273 1974851000000 -2.758120 0.612916 -5.209783
1384249970805 99211367600257 1974961000000 5.363012 0.000000 -3.677494
1384249970916 99211478806312 1975071000000 22.064962 -9.806650 8.121132
1384249971003 99211564957435 1975181000000 17.927782 -11.185710 19.306843
1384249971114 99211676163489 1975291000000 3.677494 -3.677494 23.290794
1384249971225 99211787400062 1975401000000 9.653421 -3.064578 2.451663
1384249971338 99211900254066 1975511000000 9.653421 -3.830723 4.903325
1384249971460 99212022263343 1975621000000 8.580819 -3.830723 4.290410
1384249971558 99212120224769 1975731000000 8.427590 -4.443638 5.669470
1384249971671 99212233139808 1975841000000 7.354988 -2.604892 4.137181
