1384250002530 99243092026526 2006691000000 8.887277 -4.750096 2.145205
1384250002641 99243202957923 2006801000000 9.193734 -4.137181 2.298434
1384250002752 99243314743812 2006911000000 14.863204 -3.524265 6.588843
1384250002864 99243426194007 2007021000000 19.460072 -7.201759 17.774553
1384250002975 99243537247474 2007131000000 18.387468 -12.105083 5.363012
1384250003086 99243648423011 2007241000000 7.661446 -6.435614 -1.532289
1384250003172 99243734665687 2007351000000 -1.532289 1.379060 -8.121132
1384250003284 99243845932777 2007461000000 -0.766145 4.137181 -5.669470
1384250003412 99243974198157 2007571000000 4.903325 0.000000 -2.758120
1384250003530 99244092514808 2007681000000 18.847157 -6.742072 3.983952
1384250003615 99244177841956 2007791000000 24.516626 -13.790602 16.395493
1384250003725 99244287918860 2007901000000 8.580819 -0.459687 31.105469
1384250003837 99244399643714 2008011000000 6.895301 -0.612916 0.919373
1384250003946 99244508347327 2008121000000 9.040505 -3.830723 1.532289
1384250004057 99244619736488 2008231000000 9.193734 -2.911349 3.677494
1384250004170 99244732254798 2008341000000 8.734048 -3.524265 5.209783
1384250004294 99244855942542 2008451000000 8.887277 -1.225831 3.371036
1384250004404 99244966721351 2008561000000 9.193734 -3.064578 3.371036
1384250004514 99245076645667 2008671000000 9.346964 -2.604892 3.983952
