-0.8846154 -0.1538462 -0.72
-0.8846154 -0.1538462 -0.72
-0.8846154 -0.1538462 -0.72
-0.8846154 -0.1538462 -0.72
-0.8846154 -0.1538462 -0.72
-0.8846154 -0.1538462 -0.72
-0.8846154 -0.1538462 -0.72
-0.7692308 -0.07692308 -0.68
-0.7692308 -0.07692308 -0.68
-0.7692308 -0.07692308 -0.68
-0.7692308 -0.07692308 -0.68
-0.6153846 0.03846154 -0.72
-0.4230769 0.1538462 -0.72
-0.1923077 0.2692308 -0.64
0 0.3846154 -0.56
0.1153846 0.5 -0.48
0.1923077 0.5769231 -0.32
0.1538462 0.6153846 -0.16
0.03846154 0.6153846 0.04
-0.1923077 0.5769231 0.2
-0.5384616 0.5384616 0.32
-1.076923 0.3846154 0.56
-1.807692 0.1153846 0.68
-2.307692 -0.03846154 0.68
-2.538461 -0.1153846 0.56
-2.5 -0.07692308 0.4
-2.346154 0 0.28
-2.230769 0 0.24
-2.115385 -0.03846154 0.28
-1.961538 -0.07692308 0.32
-1.769231 -0.1153846 0.28
-1.615385 -0.1153846 0.24
-1.538462 -0.1538462 0.16
-1.423077 -0.1538462 0.08
-1.346154 -0.1538462 0
-1.192308 -0.07692308 -0.04
-1.076923 -0.03846154 0
-0.9615384 -0.03846154 0.12
-0.8846154 0 0.24
-0.7692308 0.07692308 0.4
-0.6923077 0.1153846 0.52
-0.6923077 0.1153846 0.56
-0.7307692 0.1538462 0.68
-0.6923077 0.1923077 0.76
-0.6538461 0.2692308 0.84
-0.6538461 0.3461539 0.84
-0.6153846 0.4230769 0.8
-0.5769231 0.4230769 0.8
-0.5769231 0.4615385 0.76
-0.6538461 0.5 0.68
-0.7692308 0.5384616 0.56
-0.8846154 0.5769231 0.4
-0.9615384 0.5769231 0.24
-1.038462 0.5769231 0.04
-1.153846 0.5769231 -0.2
-1.269231 0.5769231 -0.56
-1.384615 0.5 -0.88
-1.5 0.4230769 -1.04
-1.576923 0.3461539 -1.08
-1.615385 0.3076923 -0.96
-1.615385 0.2692308 -0.76
-1.615385 0.3076923 -0.6
-1.5 0.3461539 -0.4
-1.346154 0.4230769 -0.2
-1.115385 0.5 -0.04
-0.9615384 0.5769231 0
