0.3461539 0.6923077 -0.16
0.3461539 0.6923077 -0.16
0.3461539 0.6923077 -0.16
0.3461539 0.6923077 -0.16
0.3461539 0.6923077 -0.16
0.2692308 0.7692308 0
0.2692308 0.7692308 0
0.2692308 0.7692308 0
0.2692308 0.7692308 0
0.2692308 0.7692308 0
0.2692308 0.7692308 0
0.2692308 0.7692308 0
0.2307692 0.8461539 0.12
0.1923077 0.8461539 0.24
0.1923077 0.9230769 0.36
0.2307692 0.9230769 0.64
0.07692308 0.8461539 0.96
-0.1538462 0.7692308 1.24
-0.3461539 0.5769231 1.48
-0.3846154 0.5 1.68
-0.2692308 0.5 1.88
-0.07692308 0.6153846 2.12
0.1153846 0.7692308 2.28
0.2692308 0.8461539 2.32
0.3461539 0.8461539 2.32
0.2307692 0.8076923 2.32
0.1153846 0.6923077 2.24
0 0.6538461 2.24
-0.07692308 0.6153846 2.2
-0.07692308 0.6538461 2.08
-0.03846154 0.6538461 1.96
0 0.6923077 1.8
0 0.6923077 1.64
-0.03846154 0.6538461 1.48
