-0.07692308 0.4230769 2.36
-0.07692308 0.4230769 2.36
-0.07692308 0.4230769 2.36
-0.07692308 0.4230769 2.36
-0.07692308 0.4230769 2.36
-0.07692308 0.4230769 2.36
-0.07692308 0.4230769 2.36
-0.07692308 0.4230769 2.36
-0.07692308 0.4230769 2.36
-0.07692308 0.4230769 2.36
-0.07692308 0.4230769 2.36
-0.07692308 0.4230769 2.36
0.03846154 0.5384616 2
0.1153846 0.5384616 1.64
0.1153846 0.5 1.28
0.1153846 0.4230769 0.76
0.07692308 0.2692308 0.4
0 0.1538462 0.12
-0.1153846 0.03846154 -0.04
-0.1538462 0 -0.28
-0.03846154 0 -0.56
0 -0.07692308 -0.68
0 -0.07692308 -0.76
