-0.5 -0.07692308 2.24
-0.5 -0.07692308 2.24
-0.5384616 -0.03846154 2.28
-0.5384616 -0.03846154 2.28
-0.5384616 -0.03846154 2.28
-0.5384616 -0.03846154 2.28
-0.5384616 -0.03846154 2.28
-0.5384616 -0.03846154 2.28
-0.5769231 0 2.28
-0.5769231 0 2.28
-0.5769231 0 2.28
-0.6153846 0 2.24
-0.6153846 0 2.24
-0.6153846 0 2.24
-0.5384616 0.03846154 2.2
-0.4230769 0.1153846 2.08
-0.2692308 0.1923077 1.96
-0.1923077 0.3461539 1.8
-0.1153846 0.5769231 1.44
0.03846154 0.7692308 1
0.1153846 0.7692308 0.56
0.1153846 0.6538461 0.04
0.07692308 0.4615385 -0.44
0 0.3076923 -0.76
-0.07692308 0.1923077 -0.96
-0.03846154 0.1538462 -1.08
0 0.1538462 -1.12
0 0.07692308 -1.16
-0.1153846 -0.03846154 -1.12
-0.2692308 -0.1538462 -1.04
-0.3846154 -0.2692308 -0.88
-0.5 -0.3461539 -0.76
-0.6153846 -0.4615385 -0.64
-0.7692308 -0.5769231 -0.48
-0.9615384 -0.6923077 -0.28
-1.076923 -0.8076923 -0.28
-1.115385 -0.8846154 -0.28
-1.153846 -0.8461539 -0.2
-1.076923 -0.7692308 -0.04
-1 -0.6923077 0.2
-1 -0.6923077 0.44
-0.8846154 -0.6153846 0.4
-0.6538461 -0.4615385 0.32
-0.3846154 -0.2307692 0.44
-0.03846154 -0.07692308 0.64
0.2307692 -0.03846154 0.68
0.3846154 -0.03846154 0.8
0.5384616 -0.07692308 0.92
0.6923077 -0.03846154 1.04
0.8461539 0.03846154 1.16
1 0.1153846 1.24
1.115385 0.1923077 1.36
1.153846 0.2307692 1.52
1.153846 0.1923077 1.56
1.076923 0.1538462 1.56
1 0.07692308 1.48
0.8846154 0 1.28
0.7307692 -0.03846154 1.04
0.4230769 -0.1538462 0.8
0.03846154 -0.2692308 0.64
-0.3461539 -0.4230769 0.32
-0.5769231 -0.5769231 0.04
-0.6538461 -0.5769231 -0.12
-0.5769231 -0.5 -0.16
-0.4230769 -0.3461539 -0.16
-0.2307692 -0.1923077 -0.24
-0.1153846 0.03846154 -0.44
-0.1923077 0.1923077 -0.56
-0.3461539 0.2692308 -0.32
-0.5384616 0.3076923 0.12
-0.6153846 0.3461539 0.68
-0.4230769 0.3846154 1.24
-0.1538462 0.5 1.8
0.03846154 0.5769231 2.08
0 0.6153846 2.04
-0.2307692 0.5 2.2
-0.4615385 0.2307692 2.48
-0.5769231 0.07692308 2.52
-0.5769231 0 2.44
-0.4230769 0.07692308 2.32
-0.2692308 0.1153846 2.24
-0.1538462 0.1923077 2.2
-0.07692308 0.1923077 1.96
-0.03846154 0.1923077 1.84
-0.03846154 0.1538462 1.72
0 0.1538462 1.52
0 0.1538462 1.36
0.03846154 0.1153846 1.2
0.07692308 0.1538462 1.12
0.2692308 0.3076923 1.16
0.4230769 0.3846154 1.2
0.5384616 0.4615385 1.28
0.6153846 0.5384616 1.32
0.6923077 0.6538461 1.28
0.7307692 0.7692308 1.2
0.6538461 0.8461539 1.12
0.5 0.9230769 0.92
0.3461539 1 0.56
0.1153846 0.9230769 0.2
-0.1153846 0.8846154 0.12
-0.3076923 0.6153846 0.32
-0.6538461 0.3076923 0.6
-1.153846 -0.1153846 0.8
-1.538462 -0.3076923 0.96
-1.5 -0.1538462 0.8
-1.153846 0.1153846 0.72
