-0.07692308 0.4615385 2.2
-0.07692308 0.4615385 2.2
-0.07692308 0.4615385 2.2
-0.07692308 0.4615385 2.2
-0.07692308 0.4615385 2.2
-0.07692308 0.4615385 2.2
-0.07692308 0.4615385 2.2
-0.03846154 0.5384616 2.28
-0.03846154 0.5384616 2.28
-0.03846154 0.5384616 2.28
-0.03846154 0.5384616 2.28
-0.03846154 0.5384616 2.28
-0.03846154 0.5384616 2.28
0.03846154 0.6538461 2.12
0.1538462 0.7692308 1.76
0.1923077 0.7692308 1.36
0.2307692 0.6923077 0.88
0.2307692 0.5384616 0.4
0.1153846 0.2692308 -0.08
0.03846154 0.03846154 -0.52
-0.1153846 -0.1923077 -0.84
-0.2692308 -0.3076923 -0.84
-0.3461539 -0.3461539 -0.72
