-0.3461539 0.1538462 2.48
-0.3461539 0.1538462 2.48
-0.3461539 0.1538462 2.48
-0.3461539 0.1538462 2.48
-0.3461539 0.1538462 2.48
-0.3461539 0.1538462 2.48
-0.3461539 0.1538462 2.48
-0.3076923 0.1923077 2.48
-0.3076923 0.1923077 2.48
-0.1538462 0.3076923 2.56
-0.1538462 0.3076923 2.56
-0.1538462 0.3076923 2.56
-0.07692308 0.4230769 2.6
0 0.5 2.52
0 0.5384616 2.32
-0.03846154 0.6153846 2
-0.1153846 0.7307692 1.64
-0.1153846 0.8076923 1.12
-0.07692308 0.8461539 0.44
0.07692308 0.8076923 -0.24
0.07692308 0.6923077 -0.8
-0.03846154 0.5 -1.32
-0.1923077 0.2307692 -1.84
-0.3846154 -0.07692308 -2.16
-0.6153846 -0.2692308 -1.96
-0.8076923 -0.3076923 -1.56
-0.8461539 -0.2692308 -1.32
-0.8076923 -0.2307692 -1.32
-0.7692308 -0.2307692 -1.32
-0.8461539 -0.2692308 -1.04
-1 -0.3846154 -0.72
-1.153846 -0.5384616 -0.44
-1.307692 -0.6923077 -0.2
-1.5 -0.8076923 0.12
-1.384615 -0.8846154 0.56
-1.153846 -0.7692308 0.48
-0.8076923 -0.5769231 0.44
-0.3846154 -0.3461539 0.6
0.1153846 -0.1538462 0.8
0.5769231 0 0.96
0.9615384 0.1538462 1.12
1.269231 0.2307692 1.16
1.384615 0.2307692 1.12
1.384615 0.2307692 1.04
1.346154 0.1923077 0.92
1.269231 0.1923077 0.64
1.153846 0.1538462 0.64
1 0.07692308 0.64
0.8461539 0 0.56
0.7307692 -0.03846154 0.36
0.5384616 -0.1153846 0.16
0.3076923 -0.1923077 0.08
0.07692308 -0.2692308 0.08
-0.1538462 -0.3461539 -0.04
-0.2307692 -0.3076923 -0.12
-0.2307692 -0.2307692 -0.04
-0.1538462 -0.1153846 0.12
-0.2307692 -0.03846154 0.44
-0.3076923 0 0.84
-0.3076923 0.03846154 1.28
-0.1923077 0.07692308 1.8
-0.07692308 0.1153846 2.16
-0.2307692 -0.03846154 2.4
-0.3846154 -0.1538462 2.36
-0.4615385 -0.1923077 2.16
-0.3076923 -0.1153846 2
-0.1153846 -0.03846154 1.88
0 0 1.76
0.1153846 0.03846154 1.64
0.1538462 0 1.52
0.1153846 0 1.28
0.03846154 -0.1153846 1.32
0 -0.1923077 1.32
0.03846154 -0.1538462 1.24
0.1153846 -0.07692308 1.2
0.2692308 0 1.2
0.4230769 0.1153846 1.16
0.5 0.1923077 1.04
0.5769231 0.2692308 1
0.7307692 0.3461539 1.04
0.9230769 0.5 1.16
1.153846 0.6923077 1.32
1.307692 0.9230769 1.4
1.346154 1.192308 1.28
1.230769 1.346154 1.2
0.9615384 1.5 1.24
0.6153846 1.538462 1.28
0.03846154 1.307692 1.4
-0.7307692 0.6153846 1.4
-1.269231 0.03846154 1.16
-1.576923 -0.2692308 0.8
-1.576923 -0.3076923 0.52
-1.346154 -0.1153846 0.6
-1.076923 0.07692308 0.84
-0.8846154 0.1923077 1.04
-0.8461539 0.2692308 1.12
-0.8846154 0.2692308 1.04
-0.9230769 0.2692308 0.92
-0.9230769 0.2307692 0.8
