-1.230769 -0.03846154 1.2
-1.230769 -0.03846154 1.2
-1.230769 -0.03846154 1.2
-1.230769 -0.03846154 1.2
-1.230769 -0.03846154 1.2
-1.230769 -0.03846154 1.2
-1.230769 -0.03846154 1.2
-1.230769 -0.03846154 1.2
-1.230769 -0.03846154 1.2
-1.230769 -0.03846154 1.2
-1.230769 -0.03846154 1.2
-1.153846 0 1.28
-0.9615384 0.07692308 1.24
-0.7692308 0.1538462 1.36
-0.5384616 0.2692308 1.52
-0.2307692 0.4230769 1.68
0.03846154 0.5769231 1.8
0.3076923 0.7307692 1.8
0.5384616 0.8461539 1.88
0.7307692 0.9230769 2
0.9230769 0.9230769 2.04
1 0.9230769 2.04
1.076923 0.8846154 2.12
1.115385 0.8461539 2.16
1.076923 0.7692308 2
1.115385 0.6923077 1.8
1.076923 0.6153846 1.52
1.115385 0.5769231 1.2
1.115385 0.5 0.92
1.076923 0.4230769 0.68
1 0.3461539 0.4
0.8846154 0.2692308 0.2
0.7307692 0.2307692 0.08
0.5384616 0.1923077 -0.04
0.3846154 0.1923077 -0.16
0.1923077 0.1538462 -0.28
0.03846154 0.1538462 -0.36
-0.03846154 0.1153846 -0.4
-0.1923077 0.07692308 -0.4
-0.3076923 0.03846154 -0.4
-0.4230769 0 -0.4
-0.5384616 -0.03846154 -0.36
-0.6153846 -0.03846154 -0.32
-0.6538461 0 -0.32
-0.6923077 -0.03846154 -0.28
-0.7692308 -0.03846154 -0.2
-0.8846154 -0.07692308 -0.12
-1.038462 -0.1153846 0
-1.192308 -0.1538462 0.08
-1.346154 -0.1923077 0.16
-1.461538 -0.2307692 0.36
-1.5 -0.2307692 0.48
-1.461538 -0.1923077 0.6
-1.423077 -0.1538462 0.72
-1.307692 -0.07692308 0.84
-1.230769 0 0.92
-1.192308 0.07692308 1
-1.230769 0.1153846 1.2
-1.153846 0.1538462 1.4
-1.038462 0.2692308 1.52
-0.8846154 0.4230769 1.64
-0.6923077 0.5 1.68
-0.5384616 0.5769231 1.68
-0.4230769 0.5769231 1.72
-0.3461539 0.5384616 1.68
-0.2307692 0.5384616 1.68
-0.07692308 0.5769231 1.76
0.1923077 0.6923077 1.92
0.4230769 0.7692308 1.96
0.5384616 0.7692308 1.88
0.5769231 0.7307692 1.76
0.5769231 0.6538461 1.64
0.5 0.5769231 1.48
0.4230769 0.4615385 1.24
0.3076923 0.3461539 1.08
0.1923077 0.2692308 0.92
0.07692308 0.1923077 0.84
0 0.1923077 0.72
