0.8076923 0.3846154 1.28
0.8076923 0.3846154 1.28
0.8076923 0.3846154 1.28
0.8076923 0.3846154 1.28
0.8076923 0.3846154 1.28
0.8076923 0.3846154 1.28
0.8076923 0.3846154 1.28
1.038462 0.5769231 1.36
1.038462 0.5769231 1.36
1.038462 0.5769231 1.36
1.038462 0.5769231 1.36
1.038462 0.5769231 1.36
1.230769 0.7307692 1.4
1.269231 0.8461539 1.44
1.076923 0.8076923 1.44
0.7692308 0.8076923 1.56
0.5769231 0.7692308 1.52
0.5769231 0.7692308 1.36
0.6538461 0.9230769 1.2
0.7307692 1.076923 1.16
0.7307692 1.346154 1.08
0.6923077 1.615385 0.96
0.4230769 1.961538 0.72
0.07692308 2.192308 0.68
-0.3461539 2.384615 0.96
-0.6538461 2.307692 1
-1.076923 2.076923 0.96
-1.384615 1.653846 1.16
-1.961538 1 1.32
-2.461539 0.4230769 1.36
-2.961539 -0.2307692 1.32
-3.269231 -0.6923077 1.28
-3.269231 -0.7692308 1.2
-2.923077 -0.5769231 1.04
-2.461539 -0.2692308 0.92
-2 0 0.8
-1.615385 0.1153846 0.72
