-1.461538 -0.5 1.04
-1.461538 -0.5 1.04
-1.461538 -0.5 1.04
-1.461538 -0.5 1.04
-1.461538 -0.5 1.04
-1.461538 -0.5 1.04
-1.461538 -0.5 1.04
-1.461538 -0.5 1.04
-1.461538 -0.5 1.04
-1.461538 -0.5 1.04
-1.461538 -0.5 1.04
-1.461538 -0.5 1.04
-1.461538 -0.5 1.04
-1.653846 -0.6538461 1.12
-1.807692 -0.7307692 1.16
-1.846154 -0.6923077 1.08
-1.923077 -0.6153846 1.12
-2 -0.4230769 1.2
-1.923077 0 1.04
-1.807692 0.2692308 0.72
-1.576923 0.3846154 0.28
-1.307692 0.4230769 -0.2
-1 0.4230769 -0.64
-0.7307692 0.3846154 -1
-0.5384616 0.3076923 -1.2
-0.5384616 0.1923077 -1.16
-0.6153846 0.1538462 -0.96
-0.6153846 0.2307692 -0.92
-0.3846154 0.3846154 -1.12
0 0.6153846 -1.52
0.3461539 0.7692308 -1.96
0.5 0.9230769 -2.24
0.6923077 1.230769 -2.24
0.8461539 1.384615 -2.16
1 1.576923 -1.96
1.115385 1.846154 -1.64
1.115385 2.038461 -1.24
0.8461539 2.384615 -0.64
0.3846154 2.846154 0.24
-0.3076923 3.230769 1.56
-0.8461539 3.384615 3.04
-1.153846 3.076923 4
-1.038462 2.423077 4.36
-0.3076923 2.192308 4.48
0.3461539 2 4.56
0.5769231 1.692308 4.2
0.4615385 1.384615 3.48
0.2307692 1.038462 2.8
0.03846154 0.8076923 2.4
-0.1153846 0.6923077 2.36
-0.2307692 0.6538461 2.44
-0.3461539 0.5769231 2.44
-0.6923077 0.4230769 2.24
-1.192308 0.1153846 1.76
-1.961538 -0.6923077 0.52
-1.961538 -0.6923077 0.52
-1.923077 -0.8461539 0.52
-1.653846 -0.7307692 0.68
-1.346154 -0.5384616 0.76
-1.076923 -0.3461539 0.72
