0.5769231 0.5769231 -0.24
0.5769231 0.5769231 -0.24
0.5769231 0.5769231 -0.24
0.5769231 0.5769231 -0.24
0.5769231 0.5769231 -0.24
0.5 0.6923077 -0.08
0.5 0.6923077 -0.08
0.2692308 0.8076923 0.04
0.2692308 0.8076923 0.04
0.2692308 0.8076923 0.04
0.2692308 0.8076923 0.04
0.2692308 0.8076923 0.04
0 0.9615384 0.24
0 0.9615384 0.24
-0.2692308 1.076923 0.6
-0.4615385 1.192308 1
-0.5384616 1.230769 1.4
-0.6153846 1.192308 1.76
-0.7692308 0.9230769 2.12
-0.9615384 0.5769231 2.48
-1.269231 0.1538462 2.56
-1.461538 -0.07692308 2.28
-1.384615 -0.03846154 2.16
-1.076923 0.1923077 2.32
-0.6538461 0.4615385 2.56
-0.3461539 0.6923077 2.68
-0.2307692 0.7692308 2.56
-0.1923077 0.7692308 2.44
-0.1923077 0.6923077 2.32
-0.2307692 0.5769231 2.2
-0.3076923 0.4615385 1.96
-0.4230769 0.3846154 1.64
-0.5 0.3076923 1.44
-0.5384616 0.2307692 1.24
-0.5384616 0.1538462 1.12
-0.5769231 0.1153846 0.96
-0.5384616 0.1153846 0.88
