-0.8076923 1.269231 0.28
-0.8076923 1.269231 0.28
-0.8076923 1.269231 0.28
-0.8076923 1.269231 0.28
-0.8076923 1.269231 0.28
-0.8076923 1.269231 0.28
-0.8076923 1.269231 0.28
-0.8076923 1.269231 0.28
-0.8076923 1.269231 0.28
-0.8076923 1.269231 0.28
-0.8076923 1.269231 0.28
-0.1923077 1.423077 0.32
-0.1923077 1.423077 0.32
0.3461539 1.423077 0.52
0.7692308 1.5 0.76
1.230769 1.538462 0.96
1.730769 1.423077 1.08
1.884615 1.230769 1.12
1.653846 1.076923 1
1.192308 0.8076923 0.92
0.8076923 0.5769231 0.92
0.6923077 0.4230769 0.92
