-0.5 -0.03846154 -1.08
-0.5 -0.03846154 -1.08
-0.5 -0.03846154 -1.08
-0.5 -0.03846154 -1.08
-0.4230769 0.1923077 -1.16
-0.4230769 0.1923077 -1.16
-0.4230769 0.1923077 -1.16
-0.4230769 0.1923077 -1.16
-0.4230769 0.1923077 -1.16
-0.4230769 0.1923077 -1.16
-0.4230769 0.1923077 -1.16
-0.3076923 0.4230769 -0.92
-0.3461539 0.5769231 -0.48
-0.4615385 0.6153846 -0.08
-0.6923077 0.6153846 0.24
-1.076923 0.3846154 0.72
-1.653846 -0.03846154 1.2
-2.153846 -0.3076923 1.32
-2.192308 -0.3076923 1.2
-2 -0.1923077 1.12
-1.846154 -0.07692308 0.88
-1.653846 0.07692308 0.68
-1.346154 0.1923077 0.72
-1.192308 0.1538462 0.8
-1.153846 0.03846154 0.88
-1.153846 -0.03846154 0.92
-1.192308 -0.1153846 0.96
-1.192308 -0.1538462 1
-1.192308 -0.1538462 1.08
-1.153846 -0.07692308 0.88
-1.076923 -0.03846154 0.56
-0.9615384 0.03846154 0.48
-0.6923077 0.1923077 0.56
-0.4230769 0.3846154 0.92
-0.1923077 0.5769231 1.28
-0.1153846 0.8461539 1.56
-0.1923077 1.115385 1.68
-0.3461539 1.384615 1.56
-0.7307692 1.538462 1.04
-1.076923 1.538462 0.48
-1.384615 1.384615 0.08
-1.692308 1.076923 -0.12
-1.923077 0.7307692 -0.32
-2.192308 0.3846154 -0.6
-2.230769 0.1538462 -0.64
-2.115385 0.1153846 -0.48
-1.923077 0.1538462 -0.36
-1.730769 0.1923077 -0.16
-1.615385 0.1923077 -0.04
-1.5 0.2692308 0
-1.384615 0.3461539 0.08
-1.230769 0.4615385 0.16
-1.038462 0.5769231 0.24
