-0.3076923 0.1153846 1.4
-0.3076923 0.1153846 1.4
-0.3076923 0.1153846 1.4
-0.3076923 0.1153846 1.4
-0.3076923 0.1153846 1.4
-0.3076923 0.1153846 1.4
-0.3076923 0.1153846 1.4
-0.3076923 0.1153846 1.4
-0.3076923 0.1153846 1.4
-0.3076923 0.1153846 1.4
-0.3076923 0.1153846 1.4
-0.5 0.03846154 1.52
-0.7307692 -0.1153846 1.56
-0.8846154 -0.07692308 1.64
-0.8461539 0.1153846 1.68
-0.6153846 0.3461539 1.76
-0.3076923 0.5769231 1.88
-0.1153846 0.7307692 2.16
-0.03846154 0.8461539 2.32
0.03846154 0.9615384 2.28
0.1538462 1.076923 2.08
0.4230769 1.115385 1.84
0.6923077 1.115385 1.52
0.9615384 1.038462 1.28
1.076923 0.8846154 1.12
1 0.7692308 0.96
0.8461539 0.7307692 0.8
0.6923077 0.6923077 0.6
0.5384616 0.6538461 0.36
0.3846154 0.6153846 0.08
0.2307692 0.6153846 -0.12
0.07692308 0.6153846 -0.28
-0.07692308 0.6153846 -0.44
-0.2307692 0.6153846 -0.56
-0.4230769 0.6153846 -0.56
-0.6153846 0.5384616 -0.56
-0.8076923 0.4615385 -0.56
-0.9615384 0.4230769 -0.6
-1.115385 0.3076923 -0.52
-1.307692 0.1538462 -0.4
-1.461538 0 -0.48
-1.576923 -0.1153846 -0.72
-1.576923 -0.1538462 -0.88
-1.538462 -0.03846154 -0.84
-1.5 0.07692308 -0.72
-1.538462 0.1923077 -0.68
-1.615385 0.2692308 -0.52
-1.692308 0.3846154 -0.2
-1.807692 0.4230769 0.12
-2 0.3076923 0.4
-2.192308 0.1538462 0.84
-2.307692 0 1.36
-2.307692 -0.03846154 1.48
-2.192308 0.07692308 1.52
-1.884615 0.4615385 1.64
-1.346154 0.7692308 1.6
-0.8076923 0.8461539 1.4
-0.5 0.7692308 1.32
-0.3846154 0.6153846 1.48
