-0.9230769 -0.1538462 -1.08
-0.9230769 -0.1538462 -1.08
-0.9230769 -0.1538462 -1.08
-0.9230769 -0.1538462 -1.08
-0.9230769 -0.1538462 -1.08
-0.9230769 -0.1538462 -1.08
-0.7307692 0.03846154 -0.92
-0.7307692 0.03846154 -0.92
-0.4615385 0.2307692 -0.64
-0.4615385 0.2307692 -0.64
-0.4615385 0.2307692 -0.64
-0.4615385 0.2307692 -0.64
-0.1538462 0.3846154 -0.32
0.1153846 0.5769231 -0.04
0.1538462 0.7307692 0.24
0 0.7692308 0.44
-0.2692308 0.6923077 0.64
-0.6923077 0.5769231 0.8
-1.153846 0.3461539 0.8
-1.615385 0.1153846 0.68
-2.038461 -0.1538462 0.48
-2.346154 -0.3461539 0.28
-2.538461 -0.4615385 0.16
-2.5 -0.4230769 0.08
-2.230769 -0.2692308 0
-1.961538 -0.1153846 0.04
-1.692308 0 0.08
-1.461538 0.07692308 0.16
-1.230769 0.07692308 0.24
-1.115385 0.07692308 0.4
-1.038462 0.07692308 0.56
-0.9615384 0.07692308 0.72
-0.8461539 0.1153846 0.8
-0.7307692 0.1923077 0.8
-0.6153846 0.2692308 0.76
-0.4230769 0.3846154 0.68
-0.2692308 0.4615385 0.72
-0.1538462 0.6153846 0.84
-0.1153846 0.7692308 0.88
-0.1923077 0.8846154 0.84
-0.4230769 0.9615384 0.68
-0.6153846 0.9615384 0.56
-0.8461539 1 0.44
-0.9615384 1.115385 0.24
-0.9230769 1.230769 0.04
-0.9615384 1.307692 -0.2
-1.115385 1.230769 -0.36
-1.384615 1.038462 -0.52
-1.769231 0.7692308 -0.64
-2.076923 0.5 -0.64
-2.230769 0.3461539 -0.64
-2.230769 0.2692308 -0.56
-2.115385 0.3461539 -0.48
-1.846154 0.5 -0.4
-1.538462 0.6538461 -0.32
-1.269231 0.7692308 -0.2
-1.076923 0.8076923 -0.08
-0.9615384 0.8076923 0.12
-0.8846154 0.7692308 0.32
-0.8461539 0.6538461 0.44
-0.8461539 0.5769231 0.48
-0.8846154 0.5 0.44
-0.8846154 0.4230769 0.4
-0.8846154 0.4230769 0.4
