-0.1153846 0.07692308 2.32
-0.1153846 0.07692308 2.32
-0.1153846 0.07692308 2.32
-0.1153846 0.07692308 2.32
-0.1153846 0.07692308 2.32
-0.1153846 0.07692308 2.32
-0.1153846 0.07692308 2.32
-0.1153846 0.07692308 2.32
-0.1153846 0.07692308 2.32
-0.1153846 0.07692308 2.32
-0.1153846 0.07692308 2.32
-0.1538462 0.07692308 2.36
-0.1923077 0.1153846 2.32
-0.2307692 0.1153846 2.28
-0.2307692 0.1538462 2.24
-0.2307692 0.1923077 2.16
-0.1538462 0.2692308 1.8
-0.1923077 0.2692308 1.68
-0.1923077 0.2692308 1.56
-0.1923077 0.3076923 1.36
-0.1538462 0.3076923 1.12
-0.1153846 0.3461539 0.92
-0.07692308 0.3846154 0.68
-0.03846154 0.3846154 0.44
-0.07692308 0.3461539 0.24
-0.07692308 0.2692308 0.16
-0.07692308 0.1923077 0.08
-0.07692308 0.1153846 -0.04
-0.1538462 0.07692308 -0.2
-0.2307692 0.03846154 -0.28
-0.3076923 0 -0.28
-0.4230769 -0.03846154 -0.32
-0.4615385 -0.07692308 -0.28
-0.4615385 -0.1153846 -0.2
-0.5769231 -0.1923077 -0.04
-0.7692308 -0.2692308 0.12
-0.9615384 -0.3461539 0.24
-1.115385 -0.3846154 0.24
-1.153846 -0.3846154 0.32
-1.192308 -0.4230769 0.44
-1.230769 -0.4230769 0.48
-1.153846 -0.4230769 0.56
-1.038462 -0.3846154 0.56
-0.8076923 -0.3461539 0.6
-0.5 -0.2307692 0.6
-0.2307692 -0.1538462 0.56
0.1153846 -0.03846154 0.48
0.5384616 0.07692308 0.44
0.9230769 0.1923077 0.32
1.230769 0.3076923 0.28
1.384615 0.3461539 0.24
1.461538 0.3846154 0.16
1.423077 0.3461539 0.12
1.307692 0.3076923 0.08
1.115385 0.1923077 0.04
0.9230769 0.1538462 -0.08
0.7692308 0.1153846 -0.16
0.6153846 0.1153846 -0.16
0.5 0.1153846 -0.12
0.3461539 0.07692308 0
0.2692308 0.07692308 0.12
0.1538462 0.03846154 0.24
0.07692308 0 0.4
0 -0.03846154 0.52
-0.07692308 -0.03846154 0.72
-0.1153846 -0.03846154 0.96
-0.2307692 -0.03846154 1.16
-0.3846154 0 1.48
-0.5 0 1.84
-0.6538461 0.03846154 2.16
-0.8076923 0.03846154 2.44
-0.9615384 0.03846154 2.64
-1 0.03846154 2.8
-1 0.07692308 2.8
-0.8846154 0.1153846 2.72
-0.7307692 0.1538462 2.56
-0.5384616 0.1538462 2.44
-0.3461539 0.1153846 2.24
-0.1538462 0.1153846 2.08
0.03846154 0.07692308 1.84
0.2692308 0.07692308 1.6
0.5 0.03846154 1.4
0.8076923 0.07692308 1.24
1.115385 0.1923077 1.12
1.423077 0.3461539 1
1.653846 0.5 0.92
1.769231 0.6538461 0.88
1.730769 0.6923077 0.88
1.576923 0.7307692 0.92
1.346154 0.7692308 0.96
1.038462 0.6923077 1
0.6923077 0.6538461 1.08
0.3461539 0.5769231 1.04
0 0.5 1.04
-0.2692308 0.4615385 1
-0.5 0.4615385 0.92
-0.7307692 0.3846154 0.88
-0.9230769 0.3076923 0.84
-1.076923 0.2307692 0.84
-1.230769 0.1538462 0.8
-1.307692 0.03846154 0.8
-1.384615 0 0.8
-1.384615 -0.03846154 0.8
-1.346154 -0.03846154 0.8
