-0.3846154 0 0.72
-0.3846154 0 0.72
-0.3846154 0 0.72
-0.3846154 0 0.72
-0.3846154 0 0.72
-0.3846154 0 0.72
-0.3846154 0 0.72
-0.3846154 0 0.72
-0.3846154 0 0.72
-0.3846154 0 0.72
-0.3846154 0 0.72
-0.3076923 0.03846154 0.76
-0.3461539 0.03846154 0.8
-0.6923077 -0.1538462 0.92
-0.6923077 -0.1538462 0.96
-0.5769231 -0.07692308 0.92
-0.5 -0.07692308 0.92
-0.4230769 -0.03846154 0.92
-0.3461539 0 1.04
-0.3461539 -0.03846154 1.08
-0.3846154 -0.03846154 1.12
-0.3846154 0 1.16
-0.3076923 0.07692308 1.16
-0.2307692 0.1153846 1.12
-0.2307692 0.1538462 1.08
-0.2307692 0.1538462 1.12
-0.2307692 0.1923077 1.16
-0.1923077 0.2692308 1.28
-0.1153846 0.3461539 1.48
-0.07692308 0.4615385 1.6
-0.1538462 0.5 1.72
-0.5 0.3846154 1.8
-0.8846154 0.1923077 1.88
-1.192308 0.03846154 1.92
-1.5 -0.1153846 1.84
-1.769231 -0.3076923 1.44
-2 -0.5769231 1
-2.192308 -0.7307692 0.88
-2.269231 -0.6538461 0.68
-2.192308 -0.3461539 0.64
-2.038461 0 0.68
-1.653846 0.3461539 0.32
-1.230769 0.4230769 -0.04
-0.7692308 0.3846154 -0.48
-0.3846154 0.3076923 -0.8
-0.2307692 0.2307692 -1
-0.3076923 0.1538462 -0.68
-0.4230769 0.1153846 -0.32
-0.3076923 0.07692308 -0.36
0 0.1538462 -0.8
0.4230769 0.2307692 -1.28
0.6538461 0.3076923 -1.52
0.7692308 0.4615385 -1.6
0.6923077 0.5384616 -1.48
0.5 0.6538461 -1.24
0.4615385 0.8461539 -0.92
0.4615385 1.153846 -0.6
0.5769231 1.5 -0.12
0.5 1.730769 0.48
0.2692308 1.846154 1.24
0.07692308 1.807692 1.96
0.2692308 1.730769 2.4
0.5769231 1.769231 2.8
0.8461539 1.769231 3.2
0.7307692 1.653846 3.4
0.4615385 1.461538 3.16
