-0.07692308 0.3846154 1.56
-0.07692308 0.3846154 1.56
-0.07692308 0.3846154 1.56
-0.07692308 0.3846154 1.56
-0.07692308 0.3846154 1.56
-0.07692308 0.3846154 1.56
-0.07692308 0.3846154 1.56
-0.07692308 0.3846154 1.56
-0.07692308 0.3846154 1.56
-0.07692308 0.3846154 1.56
-0.07692308 0.3846154 1.56
-0.07692308 0.3846154 1.56
-0.1538462 0.4615385 1.56
-0.3461539 0.4230769 1.52
-0.7307692 0.2692308 1.48
-1.192308 -0.03846154 1.48
-1.5 -0.2692308 1.32
-1.653846 -0.4230769 1.16
-1.653846 -0.4230769 0.96
-1.653846 -0.3846154 0.92
-1.730769 -0.3076923 0.96
-1.653846 0.03846154 0.88
-1.423077 0.3846154 0.6
-1.153846 0.5384616 0.04
-0.8461539 0.5 -0.56
-0.6923077 0.3461539 -1
-0.5769231 0.1923077 -1.44
-0.5384616 0.07692308 -1.64
-0.6538461 0 -1.28
-0.7307692 -0.03846154 -0.84
-0.4615385 0.07692308 -0.68
-0.03846154 0.1538462 -0.8
0.4615385 0.3076923 -1
0.8461539 0.4615385 -1.16
1 0.5384616 -1.24
0.9230769 0.5384616 -1.16
0.7692308 0.4615385 -1
0.7307692 0.4230769 -0.88
0.8076923 0.4230769 -0.84
0.9615384 0.6153846 -0.8
1 1 -0.6
0.9615384 1.615385 -0.12
0.8076923 2.423077 0.8
0.4230769 3.076923 2.12
0.5 3.307692 3.4
1.076923 3.307692 4.12
1.615385 3.076923 4.4
1.461538 2.692308 4.48
0.03846154 1.692308 2.84
0.03846154 1.692308 2.84
-0.6923077 1 2.12
-1.192308 0.3461539 1.84
-1.692308 -0.1538462 1.92
-1.961538 -0.5 1.84
-1.846154 -0.5769231 1.56
-1.538462 -0.5769231 1.36
-1.269231 -0.4615385 1.12
-1.230769 -0.3846154 0.8
-1.307692 -0.4230769 0.4
-1.423077 -0.4615385 0.2
-1.423077 -0.5 0.12
-1.230769 -0.4230769 0.12
-0.9615384 -0.2692308 0.24
-0.6923077 -0.07692308 0.32
