-0.4230769 0.7692308 2.04
-0.4230769 0.7692308 2.04
-0.4230769 0.7692308 2.04
-0.4230769 0.7692308 2.04
-0.4230769 0.7692308 2.04
-0.4230769 0.7692308 2.04
-0.4230769 0.7692308 2.04
-0.4230769 0.7692308 2.04
-0.4230769 0.7692308 2.04
-0.4230769 0.7692308 2.04
-0.4230769 0.7692308 2.04
-0.4230769 0.7692308 2.04
-0.2307692 1 2.24
0.07692308 1.307692 2.44
0.5 1.615385 2.64
0.9615384 1.923077 2.44
1.346154 1.961538 2.04
1.538462 1.807692 1.64
1.692308 1.653846 1.32
1.730769 1.384615 1.04
1.538462 1.153846 0.8
1.307692 0.9615384 0.68
1.076923 0.8076923 0.48
0.8461539 0.7692308 0.32
0.6923077 0.6923077 0.2
0.5 0.6153846 0.12
0.1923077 0.6153846 0.04
-0.07692308 0.5384616 -0.04
-0.3076923 0.4230769 -0.16
-0.5 0.3461539 -0.28
-0.6538461 0.2692308 -0.28
-0.8076923 0.2692308 -0.24
-1 0.2692308 -0.2
-1.115385 0.1923077 -0.24
-1.230769 0.1538462 -0.32
-1.346154 0.1153846 -0.4
-1.461538 0.07692308 -0.44
-1.576923 0.07692308 -0.48
-1.769231 0 -0.56
-1.923077 -0.07692308 -0.44
-1.884615 -0.03846154 -0.28
-1.807692 0.03846154 -0.12
-1.692308 0.1153846 -0.04
-1.576923 0.1538462 0.04
-1.538462 0.1923077 0.16
-1.576923 0.1923077 0.4
-1.692308 0.03846154 0.68
-1.846154 -0.1923077 1.2
-2.192308 -0.4230769 1.56
-2.153846 -0.2307692 1.68
-1.461538 0.5 1.72
-0.2307692 1.115385 1.56
0.6538461 1.346154 1.24
0.8846154 1.230769 1.28
0.6538461 0.9230769 1.64
0.4230769 0.6153846 2.04
0.3461539 0.5384616 2.2
0.4230769 0.5 2.08
0.4615385 0.5384616 1.76
0.4615385 0.6153846 1.36
0.5384616 0.7692308 1
0.8461539 0.9230769 0.76
1.076923 1 0.76
