1387457169620 659390314407101 878010000000 4.443638 -5.056554 7.967903
1387457169732 659390426467647 878120000000 5.209783 -1.685518 10.266337
1387457169861 659390555343382 878230000000 7.508216 -0.153229 9.959879
1387457169965 659390658981076 878340000000 6.129157 -5.822699 10.113108
1387457170065 659390759048215 878450000000 2.758120 -12.871228 7.048530
1387457170188 659390882430781 878560000000 0.000000 -10.113108 6.435614
1387457170304 659390998458614 878670000000 2.145205 -6.282385 9.653421
1387457170398 659391092727413 878780000000 4.596867 2.604892 13.943830
1387457170509 659391203414670 878890000000 2.758120 4.290410 11.645397
1387457170620 659391314346066 879000000000 0.459687 4.596867 8.274362
1387457170733 659391427749387 879110000000 -3.064578 -0.919373 6.895301
1387457170850 659391544234982 879220000000 -4.596867 -6.588843 7.048530
1387457170946 659391640212765 879330000000 -7.354988 -1.532289 7.048530
1387457171056 659391750320188 879440000000 -5.975927 0.153229 7.508216
1387457171167 659391861556759 879550000000 -5.822699 0.000000 7.967903
1387457171271 659391965194456 879660000000 -5.822699 2.451663 8.427590
1387457171393 659392087692014 879770000000 -5.516241 0.459687 8.887277
1387457171491 659392185317746 879880000000 -5.056554 1.072602 8.734048
1387457171606 659392300430052 879990000000 -6.282385 -0.612916 8.734048
1387457171725 659392418960324 880100000000 -4.596867 -0.153229 8.121132
