1387457198788 659419482497922 907150000000 4.903325 -4.290410 8.580819
1387457198893 659419587508907 907260000000 5.822699 -1.991976 11.032481
1387457199003 659419697494258 907370000000 5.669470 -0.919373 11.492168
1387457199110 659419804122676 907480000000 4.290410 -6.895301 9.040505
1387457199213 659419907363644 907590000000 0.306458 -13.790602 7.354988
1387457199322 659420016738645 907700000000 1.379060 -9.193734 8.274362
1387457199439 659420133163206 907810000000 4.290410 -0.306458 11.032481
1387457199535 659420228957882 907920000000 3.677494 6.129157 10.879252
1387457199653 659420347549190 908030000000 0.459687 5.822699 10.572795
1387457199763 659420457290401 908140000000 -0.612916 1.072602 9.653421
1387457199873 659420567458858 908250000000 -4.596867 -4.290410 6.435614
1387457199978 659420672683469 908360000000 -5.822699 -5.209783 5.975927
1387457200101 659420794967405 908470000000 -6.435614 -0.459687 6.588843
1387457200198 659420891860713 908580000000 -5.975927 1.225831 7.661446
1387457200308 659421002578487 908690000000 -6.129157 0.306458 8.274362
1387457200418 659421112136593 908800000000 -5.822699 0.459687 8.121132
1387457200538 659421231948605 908910000000 -5.822699 0.766145 8.427590
1387457200642 659421336379758 909020000000 -5.975927 0.919373 8.274362
1387457200764 659421458572140 909130000000 -6.895301 -2.911349 7.048530
1387457200878 659421572036496 909240000000 -5.669470 0.766145 7.508216
