1384355495168 145923570847409 1201974000000 -1.685518 0.919373 10.113108
1384355495279 145923682419675 1202084000000 -1.379060 0.919373 10.266337
1384355495391 145923793808835 1202194000000 -1.838747 1.225831 9.806650
1384355495483 145923886155026 1202304000000 0.306458 2.298434 10.572795
1384355495593 145923996079343 1202414000000 -0.153229 5.822699 10.572795
1384355495715 145924118119138 1202524000000 1.072602 4.750096 10.726024
1384355495827 145924230149167 1202634000000 2.145205 0.919373 9.653421
1384355495928 145924330765622 1202744000000 -1.991976 -4.903325 8.734048
1384355496039 145924441941159 1202854000000 -1.685518 -2.451663 3.983952
1384355496142 145924545060056 1202964000000 0.000000 -0.612916 1.072602
1384355496266 145924668900388 1203074000000 4.903325 -1.225831 3.064578
1384355496377 145924780045407 1203184000000 15.322891 -2.758120 14.863204
1384355496492 145924894791501 1203294000000 11.645397 -1.072602 14.556746
1384355496577 145924980606931 1203404000000 8.580819 -1.685518 9.193734
1384355496689 145925092575925 1203514000000 8.734048 -1.379060 8.121132
1384355496801 145925203965085 1203624000000 8.734048 -1.225831 6.588843
1384355496913 145925316300290 1203734000000 8.427590 -2.145205 6.435614
1384355497026 145925428727048 1203844000000 7.661446 -1.685518 5.363012
1384355497149 145925551865475 1203954000000 8.121132 -1.532289 5.516241
1384355497257 145925660172360 1204064000000 8.734048 -1.225831 6.129157
