1387360774514 577058534560110 632021000000 -5.822699 0.919373 7.814674
1387360774625 577058645277883 632131000000 -5.822699 0.919373 7.967903
1387360774737 577058756941702 632241000000 -5.363012 0.612916 5.822699
1387360774848 577058868208792 632351000000 -2.911349 0.612916 2.758120
1387360774961 577058980788137 632461000000 0.153229 0.919373 3.677494
1387360775078 577059098250295 632571000000 4.290410 -1.379060 10.419566
1387360775191 577059210616018 632681000000 10.266337 -1.072602 9.653421
1387360775288 577059308089163 632791000000 12.564771 -2.145205 10.266337
1387360775399 577059419478323 632901000000 10.572795 -1.532289 9.193734
1387360775521 577059541335012 633011000000 10.419566 -1.225831 7.814674
1387360775617 577059636824514 633121000000 9.193734 -1.532289 4.137181
1387360775741 577059761153127 633231000000 9.346964 -1.991976 3.371036
1387360775843 577059863539602 633341000000 9.806650 -1.225831 4.137181
1387360775945 577059965529348 633451000000 9.193734 -1.072602 3.983952
1387360776056 577060075789358 633561000000 9.346964 -1.379060 3.983952
