1387360804087 577088106947805 661571000000 -8.121132 0.919373 4.750096
1387360804197 577088217177297 661681000000 -7.508216 0.459687 4.750096
1387360804308 577088328352835 661791000000 -5.822699 0.306458 3.217807
1387360804420 577088439619924 661901000000 -4.596867 0.612916 4.443638
1387360804506 577088525740530 662011000000 -0.612916 0.306458 7.661446
1387360804617 577088637190725 662121000000 1.838747 -0.612916 9.806650
1387360804728 577088748335745 662231000000 6.895301 -1.379060 11.185710
1387360804840 577088859572317 662341000000 6.895301 1.838747 12.258313
1387360804951 577088970686819 662451000000 8.121132 0.306458 10.726024
1387360805061 577089080946829 662561000000 7.814674 -0.766145 9.040505
1387360805181 577089200758840 662671000000 7.661446 -0.919373 7.661446
1387360805286 577089305952932 662781000000 7.814674 -1.532289 6.435614
1387360805397 577089417311575 662891000000 7.661446 -1.532289 6.435614
1387360805509 577089528670217 663001000000 7.814674 -1.225831 6.742072
1387360805627 577089646803762 663111000000 7.814674 -1.685518 6.742072
1387360805738 577089758131887 663221000000 8.121132 -1.685518 7.048530
1387360805849 577089869307424 663331000000 8.274362 -1.532289 6.895301
