1387360842338 577126358168508 699821000000 -6.588843 1.991976 7.201759
1387360842451 577126470961477 699931000000 -6.435614 1.379060 6.588843
1387360842549 577126568861868 700041000000 -5.975927 1.225831 3.830723
1387360842663 577126683028127 700151000000 -4.290410 1.685518 2.604892
1387360842775 577126794661428 700261000000 -0.919373 0.000000 4.290410
1387360842886 577126906355764 700371000000 2.604892 0.766145 9.040505
1387360842983 577127003035452 700481000000 7.048530 -2.145205 10.726024
1387360843095 577127114882375 700591000000 10.419566 -1.532289 9.959879
1387360843206 577127226515676 700701000000 10.879252 -1.532289 7.967903
1387360843317 577127336989309 700811000000 11.032481 -2.145205 7.661446
1387360843439 577127458601858 700921000000 10.726024 -1.379060 6.129157
1387360843550 577127569929983 701031000000 9.806650 -1.991976 4.750096
1387360843655 577127674788381 701141000000 8.274362 -3.217807 1.991976
1387360843766 577127786055471 701251000000 8.274362 -1.379060 3.217807
