1384350472966 141547143937018 276537000000 1.225831 -0.306458 10.113108
1384350473080 141547258438972 276647000000 1.072602 -0.612916 9.959879
1384350473177 141547355179694 276757000000 0.459687 -0.919373 9.500193
1384350473289 141547467575934 276867000000 -2.911349 -5.669470 11.645397
1384350473400 141547578476813 276977000000 0.306458 -8.734048 11.338940
1384350473515 141547693283942 277087000000 4.903325 3.830723 8.427590
1384350473626 141547804551032 277197000000 7.814674 4.290410 9.500193
1384350473738 141547915757087 277307000000 2.604892 1.072602 9.959879
1384350473824 141548002274421 277417000000 1.225831 -0.919373 10.419566
1384350473936 141548113968757 277527000000 1.225831 -1.379060 10.113108
1384350474048 141548225815681 277637000000 -0.766145 -2.604892 9.193734
1384350474159 141548337082770 277747000000 1.379060 -0.459687 10.572795
1384350474284 141548462052253 277857000000 0.612916 -0.153229 10.266337
1384350474391 141548569565681 277967000000 0.766145 -0.612916 9.959879
1384350474503 141548681229499 278077000000 1.072602 -0.306458 10.266337
1384350474614 141548792679694 278187000000 0.306458 -0.919373 9.653421
1384350474726 141548903885749 278297000000 0.766145 -1.072602 10.266337
1384350474828 141549005967048 278407000000 5.516241 -3.371036 10.419566
1384350474938 141549116379645 278517000000 0.153229 0.153229 10.266337
