1384350479785 141553963486579 283357000000 1.379060 -0.153229 9.959879
1384350479888 141554065995124 283467000000 1.072602 0.000000 9.500193
1384350479988 141554166581061 283577000000 0.459687 -1.225831 9.959879
1384350480115 141554293290046 283687000000 -0.919373 -5.209783 10.879252
1384350480222 141554400437263 283797000000 1.532289 -5.516241 9.959879
1384350480343 141554520768073 283907000000 3.983952 -3.064578 10.113108
1384350480443 141554621476081 284017000000 5.975927 0.612916 11.645397
1384350480555 141554733200934 284127000000 2.758120 1.379060 9.193734
1384350480656 141554833908942 284237000000 1.379060 0.153229 9.193734
1384350480768 141554946518806 284347000000 0.919373 -0.612916 9.500193
1384350480874 141555051804450 284457000000 0.612916 -1.532289 10.572795
1384350480995 141555173294929 284567000000 0.612916 -0.153229 10.419566
1384350481094 141555272385505 284677000000 0.153229 -1.225831 10.266337
1384350481201 141555378891852 284787000000 0.153229 -0.919373 10.113108
1384350481323 141555501389411 284897000000 0.000000 -0.919373 9.959879
1384350481421 141555598984626 285007000000 0.459687 -1.225831 9.959879
1384350481544 141555721726325 285117000000 0.000000 -1.072602 9.806650
1384350481641 141555819016364 285227000000 0.766145 -0.919373 9.959879
1384350481763 141555941605475 285337000000 0.306458 -0.459687 9.959879
1384350481862 141556040116218 285447000000 0.459687 -1.532289 9.806650
1384350481985 141556162705329 285557000000 0.459687 -1.379060 9.959879
1384350482082 141556260331061 285667000000 0.306458 -1.072602 10.266337
1384350482184 141556362046149 285777000000 -2.451663 -2.604892 8.887277
1384350482296 141556474228767 285887000000 0.153229 -0.919373 10.113108
1384350482418 141556595932868 285997000000 0.306458 -1.072602 10.113108
1384350482515 141556692978767 286107000000 0.459687 -0.919373 9.806650
1384350482638 141556816666511 286217000000 0.459687 -1.072602 10.113108
1384350482750 141556928299811 286327000000 0.459687 -1.072602 10.266337
1384350482861 141557039719489 286437000000 -1.991976 -2.145205 8.580819
