1387385247567 601531586623098 3959273000000 9.653421 -1.225831 3.371036
1387385247669 601531689101126 3959383000000 9.500193 -1.072602 3.524265
1387385247781 601531800764944 3959493000000 8.734048 -2.758120 3.217807
1387385247885 601531904646780 3959603000000 9.346964 -6.435614 4.443638
1387385247996 601532015822317 3959713000000 10.726024 -3.830723 6.282385
1387385248107 601532126967336 3959823000000 11.032481 -1.225831 6.435614
1387385248218 601532237746145 3959933000000 9.500193 -0.612916 5.209783
1387385248329 601532348952200 3960043000000 8.427590 0.306458 3.064578
1387385248451 601532471419241 3960153000000 8.734048 1.838747 8.121132
1387385248563 601532583144094 3960263000000 9.959879 -1.379060 12.564771
1387385248659 601532679457571 3960373000000 9.653421 -3.524265 12.564771
1387385248771 601532790816213 3960483000000 4.903325 -3.983952 9.959879
1387385248891 601532911330129 3960593000000 1.685518 -3.830723 7.508216
1387385249001 601533020766165 3960703000000 0.919373 0.612916 7.354988
1387385249112 601533131941702 3960813000000 0.306458 4.750096 7.508216
1387385249223 601533243300344 3960923000000 -0.459687 5.822699 8.274362
1387385249334 601533354201223 3961033000000 -1.532289 4.750096 8.427590
1387385249421 601533440688040 3961143000000 -1.685518 3.677494 8.580819
1387385249532 601533551985647 3961253000000 -1.991976 2.758120 8.734048
1387385249643 601533662794973 3961363000000 -1.991976 3.217807 8.427590
1387385249754 601533773970510 3961473000000 -1.379060 3.830723 8.887277
1387385249870 601533890364553 3961583000000 -1.532289 3.830723 9.346964
1387385249982 601534001875784 3961693000000 -1.685518 3.983952 9.193734
1387385250093 601534112837698 3961803000000 -1.685518 3.983952 9.193734
1387385250204 601534223769094 3961913000000 -1.685518 3.524265 9.500193
1387385250313 601534332777883 3962023000000 -2.145205 3.371036 8.427590
