1384354841309 145269712174314 548054000000 2.911349 -2.298434 9.500193
1384354841420 145269823593991 548164000000 2.911349 -1.379060 9.653421
1384354841533 145269935654538 548274000000 2.911349 -1.532289 9.500193
1384354841631 145270033951657 548384000000 5.209783 2.604892 10.879252
1384354841753 145270155686276 548494000000 7.661446 8.427590 16.855181
1384354841863 145270266251462 548604000000 8.887277 -0.459687 19.919758
1384354841972 145270375595944 548714000000 9.653421 -7.048530 15.322891
1384354842080 145270483170407 548824000000 7.508216 -9.653421 0.919373
1384354842178 145270581253903 548934000000 7.048530 4.750096 -3.983952
1384354842302 145270704697507 549044000000 3.983952 7.661446 -3.830723
1384354842398 145270800675290 549154000000 5.975927 6.742072 5.209783
1384354842509 145270912583249 549264000000 9.653421 0.000000 17.621325
1384354842668 145271070755857 549374000000 6.588843 -3.064578 19.460072
1384354842752 145271155136960 549484000000 4.443638 -3.371036 11.492168
1384354842848 145271251328366 549594000000 5.209783 -1.838747 8.734048
1384354842971 145271373795407 549704000000 4.443638 -0.153229 8.580819
1384354843072 145271475052731 549814000000 4.750096 0.153229 9.193734
1384354843173 145271576340573 549924000000 4.750096 -0.306458 7.967903
1384354843300 145271703293698 550034000000 5.056554 -0.766145 9.193734
1384354843404 145271806961911 550144000000 3.983952 0.000000 8.887277
