1384509868848 35238722839051 453783000000 -2.451663 3.217807 9.040505
1384509868960 35238834655457 453893000000 -2.298434 3.064578 9.040505
1384509869071 35238945647889 454003000000 -3.371036 3.371036 10.726024
1384509869182 35239057220155 454113000000 2.451663 1.379060 -5.056554
1384509869293 35239168395692 454223000000 9.500193 -3.217807 0.153229
1384509869389 35239264251405 454333000000 14.250289 -6.435614 31.258698
1384509869501 35239376128846 454443000000 3.677494 3.677494 31.258698
1384509869604 35239479278260 454553000000 9.500193 0.459687 22.218191
1384509869724 35239599120789 454663000000 7.048530 -11.951855 0.000000
1384509869823 35239697662049 454773000000 -0.612916 -1.991976 -0.153229
1384509869935 35239809753114 454883000000 -3.830723 0.766145 6.742072
1384509870062 35239936675721 454993000000 -3.983952 1.225831 8.121132
1384509870161 35240036559754 455103000000 -3.524265 1.225831 8.427590
1384509870283 35240158385926 455213000000 -8.427590 5.209783 15.476120
1384509870374 35240249145203 455323000000 -3.217807 3.371036 8.734048
1384509870501 35240376128846 455433000000 1.225831 5.516241 9.806650
1384509870602 35240477569276 455543000000 -4.290410 1.072602 10.113108
