1384509896991 35266866363221 481943000000 -1.838747 0.919373 9.806650
1384509897124 35266998840028 482053000000 -1.838747 1.379060 9.346964
1384509897215 35267089996033 482163000000 -0.766145 0.919373 2.758120
1384509897339 35267213958436 482273000000 5.975927 0.919373 -2.298434
1384509897448 35267323180848 482383000000 9.959879 -4.137181 9.346964
1384509897574 35267449371033 482493000000 12.411542 -5.822699 33.250675
1384509897661 35267535705262 482603000000 9.193734 -0.153229 27.121517
1384509897769 35267644164735 482713000000 15.782578 -8.274362 9.193734
1384509897876 35267751098328 482823000000 2.758120 -4.290410 -5.516241
1384509897987 35267861877137 482933000000 -2.758120 -2.604892 0.766145
1384509898102 35267976745301 483043000000 -4.750096 -0.766145 8.427590
1384509898209 35268084533387 483153000000 -4.137181 -0.153229 9.806650
1384509898336 35268210601502 483263000000 -3.371036 0.919373 10.266337
1384509898422 35268297057801 483373000000 -6.129157 -3.830723 10.879252
1384509898534 35268408965760 483483000000 -3.830723 0.459687 9.346964
1384509898645 35268520110780 483593000000 -3.064578 1.225831 10.113108
1384509898756 35268631469422 483703000000 -2.451663 1.072602 9.346964
