0.2692308 0.07692308 0.84
0.2692308 0.07692308 0.84
0.2692308 0.07692308 0.84
0.2692308 0.07692308 0.84
0.2692308 0.07692308 0.84
0.2692308 0.07692308 0.84
0.3461539 0.1153846 0.88
0.3461539 0.1153846 0.88
0.4230769 0.1923077 0.92
0.4230769 0.1923077 0.92
0.4230769 0.1923077 0.92
0.4230769 0.1923077 0.92
0.5 0.2307692 0.96
0.5769231 0.2692308 1
0.6153846 0.2692308 1.04
0.6153846 0.2692308 1.08
0.5769231 0.2307692 1.16
0.4615385 0.1923077 1.24
0.3461539 0.1538462 1.36
0.2307692 0.07692308 1.48
0.1153846 0.03846154 1.6
0.03846154 0 1.68
-0.03846154 -0.03846154 1.76
-0.1153846 -0.07692308 1.8
-0.1538462 -0.07692308 1.88
-0.2692308 -0.1153846 1.92
-0.3461539 -0.1538462 1.96
-0.4615385 -0.1538462 1.96
-0.5384616 -0.1538462 1.96
-0.5769231 -0.1538462 1.88
-0.6153846 -0.1538462 1.84
-0.6538461 -0.1538462 1.8
-0.6538461 -0.1153846 1.76
-0.6923077 -0.07692308 1.72
-0.7307692 -0.07692308 1.64
-0.7692308 -0.1153846 1.6
-0.8461539 -0.1153846 1.56
-0.9230769 -0.1538462 1.48
-0.9615384 -0.1923077 1.44
-1 -0.1538462 1.44
-1 -0.1538462 1.4
-1 -0.1153846 1.36
-1 -0.07692308 1.28
-1 -0.03846154 1.2
-1.038462 -0.03846154 1.12
-1.038462 -0.03846154 1
-1.076923 -0.03846154 0.84
-1.038462 0 0.76
-1 0 0.68
-0.9615384 0.07692308 0.6
-0.9615384 0.07692308 0.56
-0.9615384 0.1153846 0.48
-0.9230769 0.1153846 0.4
-0.8846154 0.1153846 0.32
-0.8076923 0.1153846 0.24
-0.7692308 0.1153846 0.12
-0.6923077 0.1538462 0.04
-0.6538461 0.1538462 -0.04
-0.6153846 0.1153846 -0.08
-0.5384616 0.1153846 -0.12
-0.5 0.1153846 -0.16
-0.4615385 0.07692308 -0.2
-0.3846154 0.07692308 -0.28
-0.3076923 0.07692308 -0.32
-0.2307692 0.07692308 -0.32
-0.1153846 0.07692308 -0.32
-0.07692308 0.07692308 -0.36
0 0.07692308 -0.36
0.03846154 0.07692308 -0.36
0.07692308 0.03846154 -0.36
0.07692308 0.03846154 -0.32
0.1153846 0 -0.32
0.1538462 0.03846154 -0.28
0.2307692 0.03846154 -0.24
0.2692308 0.07692308 -0.2
0.3846154 0.1153846 -0.2
0.4615385 0.1538462 -0.12
0.5384616 0.1923077 -0.04
0.6153846 0.2307692 0
0.6153846 0.2307692 0.08
0.6153846 0.2692308 0.16
0.6153846 0.2692308 0.28
0.6153846 0.2692308 0.4
0.6153846 0.2692308 0.52
0.6153846 0.3076923 0.64
0.5769231 0.3076923 0.76
0.5 0.3461539 0.84
0.5 0.3846154 0.92
0.4230769 0.3846154 1.04
0.3076923 0.3461539 1.32
0.2692308 0.3461539 1.44
0.2307692 0.3076923 1.56
0.1923077 0.3076923 1.68
0.1538462 0.3076923 1.84
0.1153846 0.3076923 1.96
0.03846154 0.3461539 2.12
-0.03846154 0.3461539 2.24
-0.1153846 0.3461539 2.28
-0.2307692 0.3461539 2.36
-0.3076923 0.3076923 2.4
-0.4230769 0.2307692 2.4
-0.5384616 0.1923077 2.44
-0.6153846 0.1538462 2.44
-0.6923077 0.1538462 2.44
-0.7307692 0.1153846 2.36
-0.6538461 0.1538462 2.28
-0.6153846 0.2307692 2.16
-0.6153846 0.3076923 2.08
-0.6153846 0.3076923 2.04
-0.6538461 0.2692308 2
-0.7307692 0.2692308 1.92
-0.7692308 0.2307692 1.88
