-0.4230769 -0.1153846 1.16
-0.4230769 -0.1153846 1.16
-0.4230769 -0.1153846 1.16
-0.4230769 -0.1153846 1.16
-0.4615385 -0.1153846 1.28
-0.4615385 -0.1153846 1.28
-0.4615385 -0.1153846 1.28
-0.4615385 -0.1153846 1.28
-0.4615385 -0.1153846 1.28
-0.4615385 -0.1153846 1.28
-0.4615385 -0.07692308 1.36
-0.4615385 -0.07692308 1.36
-0.4615385 -0.07692308 1.36
-0.4615385 -0.07692308 1.44
-0.4230769 0 1.52
-0.4230769 0 1.6
-0.4230769 0.07692308 1.64
-0.3461539 0.07692308 1.72
-0.2692308 0.1538462 1.8
-0.1923077 0.1923077 1.88
-0.1538462 0.2307692 1.96
-0.1538462 0.2307692 2.08
-0.1538462 0.2307692 2.2
-0.1153846 0.2692308 2.32
-0.03846154 0.3076923 2.44
0.07692308 0.3846154 2.52
0.1923077 0.5 2.52
0.3461539 0.6153846 2.52
0.5384616 0.6923077 2.52
0.7307692 0.7307692 2.44
0.8461539 0.7307692 2.32
0.9615384 0.7307692 2.28
0.9615384 0.7692308 2.24
0.9230769 0.7692308 2.24
0.8846154 0.8076923 2.2
0.8846154 0.8846154 2.08
0.9230769 0.9230769 1.96
1 1.038462 1.8
1.076923 1.115385 1.64
1.153846 1.192308 1.44
1.192308 1.230769 1.28
1.153846 1.192308 1.12
1.076923 1.153846 1
0.9615384 1.115385 0.88
0.8461539 1.076923 0.8
0.7692308 1.038462 0.68
0.7692308 0.9615384 0.56
0.7307692 0.8846154 0.4
0.7307692 0.8076923 0.28
0.6923077 0.7307692 0.16
0.6538461 0.6538461 0.08
0.5769231 0.5769231 0
0.5 0.5384616 -0.08
0.4615385 0.5 -0.12
0.4230769 0.4230769 -0.12
0.3461539 0.3846154 -0.12
0.3076923 0.3461539 -0.2
0.2692308 0.3076923 -0.24
0.2307692 0.3076923 -0.32
0.1923077 0.2692308 -0.36
0.1923077 0.2692308 -0.4
0.1153846 0.2692308 -0.44
0.1153846 0.2692308 -0.44
0.07692308 0.2307692 -0.48
0 0.1923077 -0.56
-0.07692308 0.1923077 -0.6
-0.1538462 0.1538462 -0.6
-0.2307692 0.1153846 -0.56
-0.3076923 0.07692308 -0.52
-0.3461539 0.07692308 -0.48
-0.3461539 0.07692308 -0.48
-0.3846154 0.1153846 -0.48
-0.4230769 0.1153846 -0.48
-0.5 0.07692308 -0.48
-0.5769231 0.07692308 -0.44
-0.6538461 0.07692308 -0.4
-0.7307692 0.07692308 -0.32
-0.7692308 0.07692308 -0.24
-0.8461539 0.1153846 -0.12
-0.9615384 0.1538462 0.04
-1.076923 0.2307692 0.16
-1.192308 0.2307692 0.28
-1.346154 0.1923077 0.4
-1.461538 0.1923077 0.56
-1.576923 0.1923077 0.72
-1.653846 0.1923077 0.88
-1.653846 0.2692308 1.08
-1.653846 0.2692308 1.28
-1.692308 0.2692308 1.52
-1.692308 0.3076923 1.72
-1.576923 0.3461539 1.8
-1.423077 0.3846154 1.88
-1.269231 0.4230769 1.96
-1.153846 0.5 2
-1.076923 0.4615385 2.08
-1 0.4230769 2.2
-0.9615384 0.4615385 2.28
-0.8461539 0.5 2.36
-0.7307692 0.5384616 2.4
-0.5769231 0.5769231 2.44
-0.2692308 0.6923077 2.48
-0.2692308 0.6923077 2.48
