0.07692308 -0.1923077 0.76
0.07692308 -0.1923077 0.76
0.07692308 -0.1923077 0.76
0.07692308 -0.1923077 0.76
0.07692308 -0.1923077 0.76
0.07692308 -0.2307692 0.76
0.07692308 -0.2307692 0.76
0.07692308 -0.2307692 0.76
0.07692308 -0.2307692 0.76
0.07692308 -0.2307692 0.76
0.07692308 -0.2307692 0.76
0.07692308 -0.2307692 0.76
0.07692308 -0.2307692 0.76
0.1153846 -0.2307692 0.8
0.1538462 -0.2307692 0.8
0.1923077 -0.2307692 0.8
0.1923077 -0.2307692 0.76
0.1923077 -0.3076923 0.76
0.1538462 -0.3461539 0.76
0.1153846 -0.3461539 0.8
0.07692308 -0.3846154 0.8
0.07692308 -0.3846154 0.8
0.07692308 -0.3846154 0.76
0.07692308 -0.3846154 0.76
0.07692308 -0.3846154 0.76
0.07692308 -0.3846154 0.8
0.1153846 -0.3846154 0.76
0.1153846 -0.3846154 0.8
0.07692308 -0.3846154 0.8
0.07692308 -0.3846154 0.8
0.07692308 -0.3461539 0.8
0.07692308 -0.3461539 0.8
0.07692308 -0.3461539 0.84
0.07692308 -0.3461539 0.84
0.07692308 -0.3076923 0.88
0.03846154 -0.3076923 0.88
0.03846154 -0.3076923 0.92
0.03846154 -0.3076923 0.92
0.03846154 -0.3076923 0.92
0 -0.3076923 0.92
0 -0.3076923 0.92
-0.03846154 -0.3076923 0.92
-0.07692308 -0.3076923 0.92
-0.1153846 -0.3076923 0.92
-0.1538462 -0.3461539 0.92
-0.1923077 -0.3076923 0.92
-0.2307692 -0.3076923 0.96
-0.2692308 -0.3076923 0.96
-0.3461539 -0.3076923 1
-0.3846154 -0.3461539 1
-0.4230769 -0.3461539 1
-0.5 -0.3461539 0.96
-0.5769231 -0.3461539 0.96
-0.5769231 -0.3846154 0.92
-0.6153846 -0.3846154 0.92
-0.6538461 -0.3846154 0.92
-0.6923077 -0.3846154 0.92
-0.6923077 -0.3461539 0.92
-0.6538461 -0.3076923 0.96
-0.6153846 -0.2692308 0.96
-0.5769231 -0.2692308 0.96
-0.5384616 -0.2307692 0.96
-0.5 -0.1923077 0.96
-0.4615385 -0.1538462 1
-0.4230769 -0.1538462 1
-0.3846154 -0.1153846 1.04
-0.3846154 -0.07692308 1.08
-0.3846154 -0.07692308 1.08
-0.3461539 -0.07692308 1.08
-0.3461539 -0.07692308 1.08
-0.3076923 -0.03846154 1.08
-0.2307692 0 1.08
-0.1923077 0 1.12
-0.1538462 0.03846154 1.12
-0.07692308 0.03846154 1.08
0.03846154 0.07692308 1.08
0.1153846 0.1538462 1.08
0.2307692 0.1538462 1.08
0.3461539 0.1923077 1.08
0.4615385 0.2307692 1.08
0.5769231 0.2307692 1.08
0.6923077 0.2692308 1.12
0.8076923 0.2692308 1.12
0.9230769 0.2692308 1.16
1 0.2307692 1.2
1.038462 0.1923077 1.16
1.038462 0.1923077 1.12
1.038462 0.1538462 1.12
1 0.1153846 1.08
0.9230769 0.03846154 1.08
0.8846154 -0.03846154 1.08
0.8076923 -0.07692308 1.04
0.7307692 -0.1153846 1.04
0.6153846 -0.1538462 1
0.5769231 -0.1923077 0.96
0.5 -0.1923077 0.92
0.5 -0.1923077 0.84
0.4615385 -0.1923077 0.8
0.4615385 -0.1923077 0.76
0.4230769 -0.1923077 0.76
0.4230769 -0.1923077 0.76
0.4230769 -0.1923077 0.72
0.4230769 -0.1923077 0.68
0.3846154 -0.1923077 0.68
0.3846154 -0.1923077 0.72
0.3461539 -0.1923077 0.72
0.3076923 -0.1923077 0.72
0.2692308 -0.1923077 0.76
0.2692308 -0.1923077 0.76
0.2307692 -0.1923077 0.76
0.2692308 -0.1538462 0.76
0.2692308 -0.1923077 0.8
0.2692308 -0.1923077 0.8
