-0.1538462 -0.1923077 1
-0.1538462 -0.1923077 1
-0.1538462 -0.1923077 1
-0.1538462 -0.1923077 1
-0.1538462 -0.1923077 1
-0.1538462 -0.1923077 1
-0.1538462 -0.1923077 1
-0.1923077 -0.1923077 1
-0.1923077 -0.1923077 1
-0.1923077 -0.1923077 1
-0.1923077 -0.1923077 1
-0.1923077 -0.1923077 1
-0.1923077 -0.2307692 1.04
-0.1923077 -0.2307692 1.04
-0.2307692 -0.2307692 1.04
-0.2692308 -0.2307692 1.08
-0.2692308 -0.3076923 1.08
-0.3076923 -0.3076923 1.08
-0.3461539 -0.3076923 1.08
-0.3846154 -0.3076923 1.12
-0.4230769 -0.3076923 1.16
-0.4230769 -0.3076923 1.2
-0.4230769 -0.2692308 1.2
-0.4230769 -0.2307692 1.2
-0.4615385 -0.2692308 1.16
-0.5 -0.2692308 1.12
-0.5 -0.2692308 1.12
-0.5384616 -0.2692308 1.08
-0.5384616 -0.2692308 1.08
-0.5384616 -0.2307692 1.08
-0.5 -0.1923077 1.04
-0.4615385 -0.1923077 1.04
-0.4615385 -0.1538462 1
-0.4230769 -0.1153846 1
-0.3846154 -0.07692308 1
-0.3846154 -0.07692308 0.96
-0.3846154 -0.07692308 0.92
-0.3461539 -0.07692308 0.92
-0.3846154 -0.07692308 0.92
-0.3461539 -0.07692308 0.92
-0.3461539 -0.07692308 0.92
-0.3076923 -0.07692308 0.92
-0.3076923 -0.07692308 0.92
-0.2692308 -0.07692308 0.92
-0.2307692 -0.03846154 0.92
-0.1538462 0 0.92
-0.07692308 0.03846154 0.88
0.07692308 0.1153846 0.88
0.2692308 0.1923077 0.92
0.4615385 0.2692308 0.96
0.6153846 0.3461539 1
0.7692308 0.3461539 1.04
0.8846154 0.3846154 1.08
0.9615384 0.3461539 1.08
1 0.3461539 1.04
1.038462 0.3076923 1
1.038462 0.2692308 1
1.038462 0.2307692 1
0.9615384 0.1538462 1
0.8846154 0.07692308 1
0.8076923 0 1
0.7307692 -0.03846154 0.96
0.6923077 -0.07692308 0.96
0.6538461 -0.07692308 0.92
0.6153846 -0.07692308 0.92
0.6538461 -0.07692308 0.84
0.6153846 -0.07692308 0.84
0.5769231 -0.07692308 0.8
0.5769231 -0.1153846 0.8
0.5384616 -0.1153846 0.8
0.5384616 -0.1153846 0.8
0.5 -0.07692308 0.8
0.5 -0.1153846 0.8
0.4230769 -0.1153846 0.84
0.3846154 -0.1153846 0.84
