0.1153846 -0.7307692 0.28
0.1153846 -0.7307692 0.28
0.1153846 -0.7307692 0.28
0.1153846 -0.7307692 0.28
0.1153846 -0.7307692 0.28
0.1153846 -0.7307692 0.28
0.1153846 -0.7307692 0.28
0.1153846 -0.7307692 0.28
0.1153846 -0.7307692 0.32
0.1153846 -0.7307692 0.32
0.1153846 -0.7307692 0.32
0.1153846 -0.7307692 0.32
0.1153846 -0.7307692 0.32
0.1153846 -0.7307692 0.32
0.1153846 -0.7692308 0.36
0.1153846 -0.7692308 0.4
0.1153846 -0.7692308 0.44
0.07692308 -0.7692308 0.48
0.07692308 -0.8076923 0.48
0.1153846 -0.8076923 0.52
0.07692308 -0.8076923 0.52
0.07692308 -0.8076923 0.52
0.07692308 -0.8076923 0.52
0.07692308 -0.8076923 0.52
0.07692308 -0.7692308 0.52
0.07692308 -0.7692308 0.52
0.1153846 -0.7307692 0.48
0.1153846 -0.7307692 0.48
0.1153846 -0.7307692 0.48
0.1153846 -0.7307692 0.48
0.1153846 -0.6923077 0.48
0.1153846 -0.6923077 0.44
0.07692308 -0.6923077 0.44
0.1153846 -0.6538461 0.4
0.1153846 -0.6538461 0.36
0.1153846 -0.6153846 0.36
0.1153846 -0.6153846 0.32
0.1153846 -0.5769231 0.28
0.1153846 -0.5769231 0.24
0.07692308 -0.5384616 0.24
0.07692308 -0.5 0.2
0.03846154 -0.4615385 0.16
0.03846154 -0.4615385 0.12
0.03846154 -0.4230769 0.08
0.07692308 -0.3846154 0.04
0.1153846 -0.3461539 0
0.1538462 -0.3076923 -0.08
0.1538462 -0.2692308 -0.12
0.1153846 -0.2307692 -0.12
0.07692308 -0.1923077 -0.16
0.07692308 -0.1538462 -0.16
0.03846154 -0.1153846 -0.16
0 -0.07692308 -0.2
-0.03846154 -0.03846154 -0.16
-0.03846154 0 -0.12
-0.03846154 0 -0.08
0 0 -0.04
-0.03846154 -0.03846154 -0.04
0.03846154 0 -0.04
0.07692308 0.07692308 0
0.07692308 0.1538462 0.12
0.07692308 0.2307692 0.24
0.07692308 0.3076923 0.4
0.07692308 0.4230769 0.6
0.03846154 0.5384616 0.84
0.07692308 0.6538461 1.16
0.03846154 0.6923077 1.44
0.03846154 0.7307692 1.72
0.03846154 0.6923077 2
0.03846154 0.6538461 2.16
0.07692308 0.6153846 2.36
0.1153846 0.5384616 2.48
0.1153846 0.4615385 2.56
0.1538462 0.4230769 2.56
0.1538462 0.3846154 2.52
0.1923077 0.3461539 2.44
0.1923077 0.3846154 2.4
0.2307692 0.3846154 2.32
0.2307692 0.3846154 2.28
0.2307692 0.3461539 2.24
0.2307692 0.3461539 2.16
0.1923077 0.3076923 2.08
0.1923077 0.2692308 2.04
0.1923077 0.2692308 1.96
0.1923077 0.2692308 1.92
0.1538462 0.2307692 1.8
0.1538462 0.2307692 1.72
0.1153846 0.2692308 1.48
0.1153846 0.2692308 1.48
