0.1538462 0 1.4
0.1538462 0 1.4
0.1538462 0 1.4
0.1538462 0 1.4
0.1538462 0 1.4
0.1538462 0 1.4
0.1538462 0 1.4
0.1538462 0 1.4
0.1538462 0 1.4
0.1538462 0 1.4
0.1538462 0 1.4
0.1538462 0 1.4
0.1538462 0.03846154 1.36
0.1538462 0.03846154 1.36
0.1538462 0.07692308 1.36
0.1538462 0.07692308 1.36
0.1923077 0.07692308 1.32
0.1538462 0.07692308 1.28
0.1538462 0.07692308 1.28
0.1538462 0.07692308 1.28
0.1538462 0.07692308 1.24
0.1538462 0.07692308 1.24
0.1538462 0.07692308 1.2
0.1538462 0.03846154 1.2
0.1153846 0.03846154 1.2
0.1153846 0.03846154 1.2
0.1153846 0 1.24
0.1153846 -0.03846154 1.28
0.1153846 -0.03846154 1.32
0.1538462 -0.03846154 1.36
0.1538462 -0.03846154 1.48
0.1538462 -0.07692308 1.56
0.1923077 -0.07692308 1.64
0.2307692 -0.07692308 1.68
0.2307692 -0.07692308 1.76
0.2692308 -0.03846154 1.84
0.2692308 -0.03846154 1.96
0.2692308 -0.03846154 2
0.2692308 0 2.08
0.2307692 0.03846154 2.16
0.2692308 0.1538462 2
0.2692308 0.1923077 1.88
0.2307692 0.2692308 1.8
0.2307692 0.3076923 1.68
0.2307692 0.3461539 1.6
0.2307692 0.3846154 1.48
0.1923077 0.3846154 1.36
0.1538462 0.4230769 1.2
0.1538462 0.3846154 1.08
0.1153846 0.3846154 0.92
0.1153846 0.3461539 0.76
0.1153846 0.3076923 0.64
0.07692308 0.2692308 0.52
0.03846154 0.1538462 0.36
0 0.07692308 0.28
-0.07692308 0 0.16
-0.07692308 -0.03846154 0.08
-0.07692308 -0.1153846 0
-0.07692308 -0.1538462 -0.08
-0.07692308 -0.1923077 -0.16
-0.07692308 -0.2307692 -0.2
-0.07692308 -0.3076923 -0.24
-0.07692308 -0.3076923 -0.24
-0.07692308 -0.3461539 -0.2
-0.07692308 -0.3846154 -0.2
-0.07692308 -0.3846154 -0.2
-0.03846154 -0.4230769 -0.16
0 -0.4230769 -0.16
0.03846154 -0.4230769 -0.16
0.07692308 -0.4230769 -0.12
0.1153846 -0.4615385 -0.08
0.1153846 -0.4230769 -0.08
0.1538462 -0.4615385 -0.08
0.1153846 -0.4615385 -0.04
0.1153846 -0.5 -0.04
0.07692308 -0.5 0
0.07692308 -0.5384616 0
0.03846154 -0.5769231 0
0.07692308 -0.6153846 0.04
0.07692308 -0.6538461 0.04
0.07692308 -0.6538461 0.04
0.1153846 -0.6153846 0.04
0.1538462 -0.5769231 0.04
