0.1153846 0.03846154 0.32
0.1153846 0.03846154 0.32
0.1153846 0.03846154 0.32
0.1153846 0.03846154 0.32
0.1153846 0.03846154 0.32
0.1153846 0.03846154 0.32
0.03846154 0.03846154 0.32
0.03846154 0.03846154 0.32
0.03846154 0.03846154 0.32
0 0.03846154 0.36
0 0.03846154 0.36
0 0.03846154 0.36
0 0.03846154 0.36
-0.03846154 0.03846154 0.4
-0.07692308 0 0.4
-0.1538462 0 0.44
-0.1538462 -0.03846154 0.48
-0.2307692 -0.03846154 0.56
-0.2692308 -0.07692308 0.6
-0.3461539 -0.1153846 0.68
-0.3846154 -0.1538462 0.8
-0.4615385 -0.1923077 0.92
-0.5384616 -0.1923077 1.08
-0.6153846 -0.1923077 1.24
-0.6153846 -0.1923077 1.36
-0.5769231 -0.1538462 1.44
-0.5 -0.07692308 1.48
-0.3846154 -0.03846154 1.56
-0.2692308 0 1.64
-0.2307692 0.03846154 1.76
-0.1538462 0.03846154 1.84
-0.1538462 0.03846154 1.92
-0.1538462 0.07692308 2.04
-0.1153846 0.07692308 2.12
-0.1153846 0.1153846 2.24
0 0.1538462 2.36
0.1923077 0.2692308 2.48
0.4230769 0.4230769 2.64
0.6923077 0.5384616 2.72
0.8846154 0.6153846 2.76
0.9615384 0.6538461 2.72
0.9615384 0.6923077 2.64
0.9615384 0.6923077 2.56
0.9615384 0.6923077 2.44
1 0.7307692 2.28
1 0.7692308 2.12
1.038462 0.8076923 1.96
1.115385 0.8461539 1.8
1.153846 0.9230769 1.6
1.192308 0.9230769 1.48
1.192308 0.9615384 1.32
1.192308 0.9615384 1.2
1.153846 1 1.04
1.076923 0.9615384 0.88
1.038462 0.9615384 0.76
1 0.9230769 0.64
0.9615384 0.9230769 0.56
0.9230769 0.9230769 0.48
0.8846154 0.9230769 0.4
0.8461539 0.8846154 0.32
0.8076923 0.9230769 0.16
0.7692308 0.8846154 0.08
0.7692308 0.8461539 -0.08
0.7307692 0.7692308 -0.16
0.6538461 0.7307692 -0.2
0.5769231 0.6538461 -0.24
0.5384616 0.6153846 -0.28
0.5 0.5769231 -0.32
0.4615385 0.5384616 -0.32
0.3846154 0.5 -0.36
0.3461539 0.4615385 -0.4
0.2307692 0.4230769 -0.44
0.1538462 0.3846154 -0.44
0.03846154 0.3461539 -0.48
-0.07692308 0.2692308 -0.48
-0.1538462 0.2692308 -0.48
-0.2307692 0.2307692 -0.48
-0.3076923 0.1923077 -0.48
-0.3461539 0.1538462 -0.48
-0.3461539 0.1538462 -0.44
-0.3846154 0.1538462 -0.44
-0.3846154 0.1923077 -0.44
-0.4615385 0.1923077 -0.44
-0.5769231 0.1923077 -0.4
-0.6538461 0.1538462 -0.32
-0.7307692 0.1153846 -0.28
-0.8076923 0.1153846 -0.24
-0.8461539 0.07692308 -0.2
-0.8846154 0.1153846 -0.16
-0.9615384 0.1538462 -0.08
-1 0.1538462 0
-1.115385 0.1538462 0.12
-1.269231 0.1153846 0.24
-1.423077 0.07692308 0.36
-1.538462 0.03846154 0.48
-1.615385 0 0.6
-1.615385 0.03846154 0.68
-1.653846 0.07692308 0.8
-1.692308 0.07692308 0.96
-1.730769 0.1153846 1.12
-1.730769 0.1538462 1.32
-1.653846 0.1923077 1.52
-1.461538 0.3846154 1.96
-1.461538 0.3846154 1.96
-1.346154 0.4615385 2.2
-1.153846 0.5 2.36
-1 0.6153846 2.48
-0.8461539 0.6538461 2.56
-0.6153846 0.6923077 2.68
-0.3846154 0.8076923 2.76
