-0.1153846 -0.1538462 0.84
-0.1153846 -0.1538462 0.84
-0.1153846 -0.1538462 0.92
-0.1153846 -0.1538462 0.92
-0.1153846 -0.1538462 0.92
-0.1153846 -0.1538462 0.92
-0.1153846 -0.1538462 0.92
-0.1153846 -0.1538462 0.92
-0.1153846 -0.1538462 0.92
-0.1153846 -0.1538462 0.92
-0.1153846 -0.1538462 0.92
-0.1153846 -0.1538462 0.92
-0.1153846 -0.1538462 0.92
-0.1153846 -0.1153846 1
-0.07692308 -0.07692308 1.04
-0.07692308 -0.07692308 1.12
-0.1153846 -0.07692308 1.2
-0.1153846 -0.07692308 1.28
-0.07692308 -0.03846154 1.36
-0.03846154 -0.03846154 1.48
0 0 1.64
0.07692308 0.07692308 1.72
0.1923077 0.1538462 1.84
0.2692308 0.1923077 2
0.3846154 0.2692308 2.12
0.5 0.3461539 2.28
0.6538461 0.4230769 2.44
0.7692308 0.5 2.6
0.8846154 0.5384616 2.64
1.038462 0.6153846 2.68
1.153846 0.6923077 2.64
1.269231 0.7692308 2.52
1.346154 0.7692308 2.4
1.384615 0.7692308 2.28
1.423077 0.7692308 2.12
1.384615 0.7692308 2
1.384615 0.7692308 1.88
1.423077 0.8076923 1.72
1.423077 0.8846154 1.64
1.461538 0.9615384 1.52
1.5 1 1.36
1.538462 1.038462 1.2
1.461538 1.038462 1.08
1.423077 1.038462 0.96
1.346154 1.038462 0.84
1.307692 1 0.68
1.269231 1 0.56
1.230769 1 0.48
1.192308 1 0.4
1.115385 0.9615384 0.28
1.076923 0.9230769 0.16
1 0.8461539 0
0.9615384 0.8076923 -0.16
0.9230769 0.7692308 -0.36
0.8461539 0.6923077 -0.48
0.8076923 0.6538461 -0.56
0.7307692 0.6153846 -0.6
0.6538461 0.5769231 -0.6
0.5384616 0.5 -0.6
0.5 0.4615385 -0.6
0.3846154 0.4230769 -0.6
0.3076923 0.3846154 -0.6
0.2307692 0.3076923 -0.64
0.1153846 0.2307692 -0.68
0.03846154 0.1923077 -0.72
-0.03846154 0.1538462 -0.72
-0.1153846 0.1153846 -0.72
-0.1538462 0.1153846 -0.68
-0.1923077 0.1153846 -0.64
-0.2307692 0.1153846 -0.56
-0.2692308 0.1153846 -0.48
-0.3076923 0.1153846 -0.4
-0.3846154 0.1153846 -0.4
-0.4230769 0.1538462 -0.36
-0.4615385 0.1538462 -0.32
-0.5384616 0.1538462 -0.28
-0.5769231 0.1153846 -0.2
-0.6538461 0.1153846 -0.12
-0.6923077 0.1153846 -0.08
-0.7307692 0.1538462 -0.04
-0.7307692 0.1923077 0
-0.7307692 0.2307692 0.08
-0.7692308 0.2692308 0.16
-0.8461539 0.3076923 0.24
-0.9230769 0.3461539 0.4
-1 0.3076923 0.52
-1.115385 0.2692308 0.64
-1.346154 0.1923077 0.84
-1.423077 0.2307692 0.96
-1.5 0.2307692 1.08
-1.576923 0.2692308 1.24
-1.576923 0.3076923 1.4
-1.576923 0.3461539 1.52
-1.5 0.4230769 1.72
-1.384615 0.5 1.92
-1.269231 0.5 2.12
-1.153846 0.5 2.24
-1.038462 0.5384616 2.32
-0.9230769 0.5769231 2.4
-0.7692308 0.6153846 2.44
-0.6153846 0.6153846 2.48
-0.4230769 0.6923077 2.52
-0.2307692 0.7307692 2.6
0 0.6923077 2.64
