0.5769231 0.1153846 0.64
0.5769231 0.1153846 0.64
0.5769231 0.1153846 0.64
0.5769231 0.1153846 0.64
0.5769231 0.1153846 0.64
0.5769231 0.1153846 0.64
0.6538461 0.1538462 0.68
0.6538461 0.1538462 0.68
0.6538461 0.1538462 0.68
0.6538461 0.1538462 0.68
0.6538461 0.1538462 0.68
0.6923077 0.1153846 0.72
0.7307692 0.07692308 0.76
0.6923077 0.07692308 0.76
0.6153846 0 0.76
0.5769231 -0.03846154 0.76
0.5384616 -0.07692308 0.68
0.5384616 -0.07692308 0.64
0.5384616 -0.1153846 0.64
0.5 -0.1538462 0.64
0.5 -0.1538462 0.64
0.5384616 -0.1538462 0.64
0.5 -0.1923077 0.64
0.5384616 -0.1923077 0.64
0.5384616 -0.1923077 0.6
0.5769231 -0.1923077 0.6
0.5769231 -0.1923077 0.6
0.6153846 -0.1923077 0.56
0.6538461 -0.1923077 0.56
0.6923077 -0.1923077 0.56
0.6923077 -0.1538462 0.64
0.6923077 -0.1538462 0.68
0.6923077 -0.1538462 0.68
0.6923077 -0.1538462 0.72
0.6923077 -0.1538462 0.72
0.7307692 -0.1153846 0.76
0.7692308 -0.07692308 0.76
0.8076923 -0.03846154 0.76
0.8846154 0 0.8
0.8846154 0 0.84
0.8461539 0 0.88
0.7692308 -0.03846154 0.92
0.7307692 -0.03846154 0.92
0.6923077 -0.03846154 0.92
0.6538461 -0.03846154 0.92
0.6923077 0.03846154 0.88
0.6923077 0.03846154 0.88
0.7307692 0.07692308 0.88
0.7307692 0.07692308 0.84
0.7307692 0.07692308 0.84
0.6923077 0.1153846 0.84
0.6538461 0.1153846 0.84
0.6153846 0.1538462 0.88
0.5769231 0.1538462 0.92
0.5384616 0.1538462 0.92
0.4615385 0.1538462 0.96
0.3846154 0.1538462 1
0.3461539 0.1923077 1
0.2692308 0.1923077 0.96
0.2307692 0.1923077 0.96
0.1923077 0.2692308 1
0.1923077 0.3076923 1.04
0.1153846 0.3461539 1.08
0 0.3461539 1.16
-0.1538462 0.3461539 1.2
-0.3076923 0.2692308 1.28
-0.4615385 0.1538462 1.28
-0.6538461 0.07692308 1.24
-0.8076923 -0.03846154 1.2
-0.8846154 -0.1153846 1.16
-0.9230769 -0.1538462 1.16
-0.8846154 -0.1923077 1.12
-0.8461539 -0.1923077 1.12
-0.8076923 -0.1538462 1.12
-0.8076923 -0.1923077 1.08
-0.8076923 -0.1923077 1.04
-0.8461539 -0.1923077 1
-0.8461539 -0.2307692 1
-0.8846154 -0.2307692 0.96
-0.8846154 -0.2692308 0.92
-0.8846154 -0.2692308 0.88
-0.8461539 -0.3076923 0.88
-0.8076923 -0.3076923 0.84
-0.7692308 -0.2692308 0.84
-0.7307692 -0.2692308 0.88
-0.6538461 -0.2307692 0.84
-0.6153846 -0.1923077 0.84
