-0.5 -0.03846154 1.32
-0.5 -0.03846154 1.32
-0.5 -0.03846154 1.32
-0.5 -0.03846154 1.32
-0.5 -0.03846154 1.32
-0.5 -0.03846154 1.32
-0.5 -0.03846154 1.32
-0.5 -0.03846154 1.32
-0.5 -0.03846154 1.32
-0.5 -0.03846154 1.32
-0.5 -0.03846154 1.32
-0.5384616 -0.03846154 1.44
-0.5384616 -0.03846154 1.52
-0.5384616 0 1.56
-0.5 0 1.6
-0.4615385 0.07692308 1.64
-0.4615385 0.07692308 1.76
-0.3846154 0.1153846 1.84
-0.3076923 0.1538462 1.96
-0.2307692 0.1923077 2.04
-0.1153846 0.2307692 2.16
-0.03846154 0.2692308 2.28
0.07692308 0.3076923 2.4
0.1923077 0.3461539 2.52
0.2692308 0.3461539 2.56
0.3846154 0.3846154 2.6
0.4230769 0.4230769 2.56
0.5 0.4615385 2.48
0.5384616 0.5384616 2.4
0.6538461 0.5769231 2.32
0.7307692 0.6538461 2.2
0.7692308 0.6923077 2.08
0.8461539 0.6923077 2
0.9230769 0.7692308 1.88
1.038462 0.8461539 1.8
1.115385 0.9230769 1.64
1.153846 0.9615384 1.52
1.192308 1 1.32
1.153846 0.9615384 1.16
1.153846 0.9615384 1
1.153846 0.9230769 0.84
1.115385 0.9230769 0.68
1.115385 0.8846154 0.6
1.076923 0.8461539 0.52
1.038462 0.8076923 0.44
0.9615384 0.8076923 0.36
0.9230769 0.7692308 0.24
0.8461539 0.7307692 0.16
0.8076923 0.7307692 0.04
0.7307692 0.6923077 0
0.6153846 0.6538461 -0.04
0.5769231 0.5769231 -0.12
0.4615385 0.5 -0.2
0.3846154 0.4615385 -0.28
0.3461539 0.4230769 -0.36
0.2692308 0.3846154 -0.36
0.1923077 0.3461539 -0.4
0.1153846 0.2692308 -0.4
0.03846154 0.2307692 -0.44
-0.03846154 0.1923077 -0.44
-0.1153846 0.1538462 -0.48
-0.1923077 0.1538462 -0.48
-0.2692308 0.1153846 -0.52
-0.3076923 0.1153846 -0.52
-0.3461539 0.07692308 -0.52
-0.3846154 0 -0.48
-0.4230769 0 -0.48
-0.4230769 -0.03846154 -0.44
-0.4615385 -0.03846154 -0.4
-0.5 -0.03846154 -0.4
-0.5 0 -0.36
-0.5384616 0 -0.28
-0.6153846 -0.03846154 -0.24
-0.7307692 -0.03846154 -0.12
-0.7692308 -0.03846154 -0.08
-0.8076923 -0.03846154 -0.04
-0.8076923 0 0
-0.8461539 0.03846154 0.08
-0.8461539 0.07692308 0.16
-0.8846154 0.1153846 0.28
-0.9230769 0.1923077 0.4
-1 0.1923077 0.6
-1.076923 0.1923077 0.8
-1.153846 0.1538462 1.04
-1.230769 0.1538462 1.28
-1.346154 0.1153846 1.56
-1.423077 0.07692308 1.8
-1.384615 0.07692308 2.16
-1.230769 0.1538462 2.2
-1 0.2692308 2.24
-0.7692308 0.3461539 2.2
-0.6153846 0.3461539 2.24
-0.5 0.3846154 2.32
