0.1153846 0.1538462 1.52
0.1153846 0.1538462 1.52
0.1153846 0.1538462 1.52
0.1538462 0.1538462 1.52
0.1538462 0.1538462 1.52
0.1538462 0.1538462 1.52
0.1538462 0.1538462 1.52
0.1538462 0.1538462 1.52
0.1538462 0.1538462 1.52
0.1538462 0.1538462 1.52
0.1538462 0.1538462 1.52
0.1538462 0.1538462 1.52
0.1923077 0.1153846 1.52
0.1538462 0.07692308 1.6
0.1153846 0.07692308 1.68
0.1153846 0 1.76
0.1153846 -0.07692308 1.84
0.1153846 -0.1153846 1.92
0.1153846 -0.1538462 1.96
0.1538462 -0.1923077 2.04
0.1153846 -0.2307692 2.16
0.07692308 -0.1923077 2.32
0 -0.1538462 2.44
0 -0.1153846 2.52
0.03846154 -0.03846154 2.52
0.07692308 0.07692308 2.48
0.1538462 0.2692308 2.36
0.1538462 0.3846154 2.16
0.1153846 0.5 2
0.1153846 0.5769231 1.84
0.07692308 0.6153846 1.6
0.07692308 0.6538461 1.4
0.07692308 0.6923077 1.16
0.03846154 0.6923077 0.92
-0.03846154 0.6538461 0.68
-0.07692308 0.5769231 0.44
-0.1153846 0.5 0.24
-0.1153846 0.4230769 0.08
-0.07692308 0.3461539 -0.08
-0.07692308 0.2692308 -0.12
-0.07692308 0.1923077 -0.16
-0.07692308 0.1153846 -0.2
-0.07692308 0.07692308 -0.2
-0.07692308 0 -0.2
-0.07692308 -0.03846154 -0.16
-0.07692308 -0.07692308 -0.12
-0.1153846 -0.1153846 -0.08
-0.1153846 -0.1538462 -0.08
-0.1923077 -0.1923077 -0.04
-0.2307692 -0.2692308 0
-0.2692308 -0.3076923 0.04
-0.2692308 -0.3461539 0.08
-0.2692308 -0.3076923 0.12
-0.2692308 -0.3461539 0.16
-0.3076923 -0.3846154 0.24
-0.3461539 -0.4615385 0.28
-0.4615385 -0.5384616 0.28
-0.5384616 -0.6153846 0.32
-0.6153846 -0.6923077 0.36
-0.6923077 -0.7307692 0.4
-0.7692308 -0.7692308 0.52
-0.8461539 -0.7692308 0.6
-0.8461539 -0.7307692 0.68
-0.8076923 -0.7307692 0.68
-0.7692308 -0.6923077 0.76
-0.7307692 -0.6538461 0.76
-0.6923077 -0.6538461 0.8
-0.6538461 -0.6153846 0.84
-0.5769231 -0.5769231 0.84
-0.5769231 -0.5 0.92
-0.5 -0.4615385 0.92
-0.3461539 -0.4230769 0.96
-0.1923077 -0.3461539 0.96
0 -0.2307692 1
0.1923077 -0.1538462 1
0.3846154 -0.07692308 1.04
0.5384616 -0.07692308 1
0.6153846 -0.03846154 1
0.6538461 -0.07692308 1.04
0.7307692 -0.07692308 1
0.7692308 -0.07692308 1
0.8076923 -0.07692308 1
0.8076923 -0.1153846 0.96
0.7307692 -0.1538462 0.92
0.6923077 -0.1538462 0.88
0.6538461 -0.1923077 0.84
0.6153846 -0.1538462 0.76
0.5769231 -0.1538462 0.68
0.5 -0.1923077 0.64
0.4615385 -0.1923077 0.56
0.3846154 -0.1923077 0.48
0.3461539 -0.1538462 0.4
0.3076923 -0.1538462 0.28
0.2692308 -0.1538462 0.2
0.2692308 -0.1153846 0.12
0.2692308 -0.07692308 0.08
0.2692308 0 0.04
0.1923077 0 0.04
0.1538462 0 0.04
0.07692308 0 0.04
0 -0.03846154 0.04
-0.03846154 -0.03846154 0.04
-0.07692308 -0.03846154 0.08
-0.1153846 -0.03846154 0.12
-0.1153846 0 0.16
-0.07692308 0 0.28
-0.03846154 0.07692308 0.52
0 0.07692308 0.64
-0.03846154 0.1153846 0.84
-0.07692308 0.1153846 1
-0.07692308 0.1153846 1.2
-0.1153846 0.1538462 1.44
-0.1538462 0.1538462 1.64
-0.1538462 0.1538462 1.8
-0.07692308 0.1923077 1.96
0 0.1923077 2.08
0.03846154 0.1923077 2.16
0.07692308 0.1538462 2.2
0.07692308 0.1153846 2.2
0.1538462 0.1153846 2.24
0.1923077 0.1153846 2.24
0.4230769 0.1538462 2.08
0.5 0.1923077 1.96
0.5384616 0.1923077 1.88
0.5769231 0.1923077 1.84
0.6153846 0.1923077 1.8
0.6153846 0.1923077 1.72
0.6153846 0.1923077 1.64
0.6153846 0.1923077 1.6
0.6153846 0.1923077 1.52
0.6538461 0.2692308 1.48
0.6923077 0.3076923 1.36
0.7307692 0.3461539 1.2
0.7307692 0.3846154 1.08
0.7307692 0.4230769 0.96
0.6923077 0.4615385 0.96
0.6538461 0.5 0.96
0.5769231 0.4615385 0.96
0.4230769 0.4230769 1
0.2692308 0.3846154 1
0.1923077 0.3461539 0.92
0.1153846 0.3461539 0.84
0.07692308 0.3076923 0.68
0.03846154 0.3461539 0.6
0.03846154 0.3461539 0.52
0 0.3846154 0.48
-0.07692308 0.3461539 0.52
-0.2307692 0.2692308 0.6
-0.3846154 0.1923077 0.72
-0.5769231 0.1153846 0.76
-0.6923077 0.07692308 0.76
-0.7692308 0.03846154 0.84
-0.8076923 0 0.88
-0.8461539 -0.03846154 0.92
-0.8846154 -0.07692308 0.96
-0.8846154 -0.03846154 1
-0.8461539 -0.03846154 1.04
-0.8076923 0 1.04
-0.7307692 0.03846154 1.04
-0.6538461 0.07692308 1.08
-0.5769231 0.07692308 1.08
-0.5384616 0.07692308 1.16
-0.5384616 0.07692308 1.16
-0.5 0.03846154 1.2
-0.5 0.03846154 1.2
