1387456820886 659041580337277 529250000000 5.056554 -4.596867 8.121132
1387456820981 659041675674192 529360000000 5.516241 -4.443638 10.113108
1387456821086 659041779983273 529470000000 5.363012 -6.588843 18.693928
1387456821213 659041907485714 529580000000 7.201759 -11.032481 11.798626
1387456821321 659042015762082 529690000000 3.677494 -2.911349 -0.306458
1387456821422 659042116195432 529800000000 0.000000 2.758120 -3.524265
1387456821540 659042233932247 529910000000 -0.612916 0.919373 -0.153229
1387456821637 659042330947628 530020000000 3.524265 -2.911349 10.726024
1387456821747 659042440902464 530130000000 7.508216 -9.653421 14.097059
1387456821857 659042551040402 530240000000 5.209783 -8.734048 13.177687
1387456821979 659042673751584 530350000000 4.443638 -4.443638 10.419566
1387456822083 659042777572385 530460000000 4.596867 -3.064578 8.121132
1387456822213 659042907546749 530570000000 4.903325 -2.758120 8.121132
1387456822299 659042993179073 530680000000 4.750096 -3.064578 8.580819
1387456822423 659043117263545 530790000000 4.290410 -3.983952 8.427590
1387456822534 659043228011836 530900000000 4.596867 -3.371036 9.040505
1387456822633 659043327590696 531010000000 5.822699 -3.217807 9.193734
