1387456824358 659045052230588 532730000000 4.443638 -4.443638 8.734048
1387456824473 659045166976682 532840000000 5.056554 -3.983952 10.113108
1387456824575 659045269302121 532950000000 5.516241 -4.290410 17.161638
1387456824681 659045375594845 533060000000 5.822699 -5.669470 15.935806
1387456824804 659045497878781 533170000000 5.056554 -6.282385 5.516241
1387456824903 659045597732297 533280000000 0.000000 -0.459687 -0.612916
1387456825021 659045714950314 533390000000 -0.919373 1.838747 -0.612916
1387456825130 659045823898069 533500000000 0.766145 -1.072602 3.677494
1387456825231 659045925582638 533610000000 3.830723 -5.516241 11.032481
1387456825352 659046045943967 533720000000 5.975927 -7.201759 15.322891
1387456825452 659046146438351 533830000000 4.443638 -5.975927 12.105083
1387456825568 659046262130491 533940000000 4.750096 -4.903325 8.887277
1387456825665 659046358962766 534050000000 5.516241 -3.677494 8.580819
1387456825775 659046468856563 534160000000 5.056554 -4.443638 7.201759
1387456825907 659046600997679 534270000000 2.758120 -3.064578 7.508216
1387456826005 659046699722043 534380000000 5.209783 -4.443638 7.661446
1387456826109 659046803390256 534490000000 5.056554 -4.596867 7.814674
