1384268187369 115061292721780 5237116000000 -0.919373 -0.306458 9.806650
1384268187492 115061415127786 5237226000000 -0.153229 -0.612916 10.113108
1384268187592 115061515591653 5237336000000 -1.991976 -0.612916 9.653421
1384268187692 115061615597756 5237446000000 -1.072602 -7.508216 9.500193
1384268187818 115061741971047 5237556000000 2.298434 -8.734048 11.645397
1384268187930 115061853207620 5237666000000 3.983952 4.596867 8.887277
1384268188041 115061964657815 5237776000000 3.830723 7.508216 5.669470
1384268188153 115062076382668 5237886000000 4.596867 -3.524265 -0.306458
1384268188244 115062167660745 5237996000000 5.975927 4.903325 16.548723
1384268188366 115062289364847 5238106000000 9.959879 0.000000 16.548723
1384268188480 115062403378518 5238216000000 5.209783 -0.612916 9.959879
1384268188586 115062509488137 5238326000000 7.048530 -3.371036 7.967903
1384268188687 115062610745462 5238436000000 6.588843 -1.685518 7.201759
1384268188808 115062731991799 5238546000000 6.282385 -2.758120 7.814674
1384268188910 115062833371194 5238656000000 6.282385 -3.217807 8.121132
1384268189016 115062939480813 5238766000000 7.048530 -2.911349 8.580819
1384268189130 115063053250344 5238876000000 5.975927 -2.451663 7.661446
