1384268219101 115093024228128 5268846000000 -0.459687 0.306458 10.113108
1384268219213 115093136197122 5268956000000 -0.612916 0.612916 10.113108
1384268219316 115093239712747 5269066000000 -0.459687 -0.306458 10.419566
1384268219443 115093366177590 5269176000000 -1.379060 -7.967903 10.879252
1384268219544 115093467373879 5269286000000 1.532289 -10.726024 9.193734
1384268219645 115093568600686 5269396000000 3.830723 2.911349 7.814674
1384268219770 115093693692239 5269506000000 3.677494 5.516241 2.604892
1384268219874 115093797665628 5269616000000 7.814674 -2.298434 0.000000
1384268219975 115093898861917 5269726000000 8.580819 -2.911349 19.153614
1384268220103 115094026211770 5269836000000 8.121132 -6.129157 13.330915
1384268220202 115094125943216 5269946000000 5.516241 -2.145205 9.959879
1384268220314 115094237484964 5270056000000 6.588843 -5.056554 5.669470
1384268220416 115094339505227 5270166000000 6.129157 -4.750096 7.048530
1384268220545 115094468106301 5270276000000 6.588843 -7.661446 4.750096
1384268220654 115094577389748 5270386000000 6.435614 -4.443638 8.734048
1384268220755 115094678402932 5270496000000 6.129157 -4.750096 5.363012
