1384268275552 115149475613625 5325296000000 0.919373 -0.153229 9.806650
1384268275664 115149587643655 5325406000000 1.225831 -0.306458 9.806650
1384268275764 115149687832864 5325516000000 0.306458 -2.911349 10.113108
1384268275892 115149815426858 5325626000000 2.758120 -16.548723 11.645397
1384268275993 115149916531594 5325736000000 4.596867 3.064578 5.669470
1384268276094 115150017727884 5325846000000 6.895301 2.758120 -5.056554
1384268276220 115150143551858 5325956000000 9.806650 -6.435614 10.879252
1384268276321 115150244381936 5326066000000 10.419566 -9.193734 16.242264
1384268276433 115150356137307 5326176000000 7.814674 -4.137181 10.266337
1384268276535 115150458035501 5326286000000 6.588843 -4.290410 4.596867
1384268276645 115150568875344 5326396000000 9.500193 10.572795 16.242264
1384268276763 115150686093362 5326506000000 6.129157 -6.282385 5.975927
1384268276883 115150806302102 5326616000000 6.282385 -5.822699 4.750096
