1384268278915 115152838101419 5328656000000 1.072602 0.459687 9.806650
1384268279019 115152942288430 5328766000000 1.225831 -0.153229 10.113108
1384268279144 115153067410501 5328876000000 0.612916 -1.072602 10.266337
1384268279249 115153172360452 5328986000000 0.459687 -12.717999 11.185710
1384268279361 115153284115823 5329096000000 2.145205 -4.290410 7.814674
1384268279456 115153379086526 5329206000000 4.443638 5.669470 5.975927
1384268279578 115153501523050 5329316000000 5.975927 -3.064578 -1.379060
1384268279679 115153602963479 5329426000000 10.266337 -4.443638 10.726024
1384268279805 115153728573831 5329536000000 11.185710 -5.975927 16.089035
1384268279907 115153830075296 5329646000000 6.435614 -4.137181 11.951855
1384268280010 115153933560403 5329756000000 6.435614 -7.508216 4.903325
1384268280117 115154040921243 5329866000000 6.282385 -5.209783 5.669470
1384268280243 115154166317971 5329976000000 6.282385 -6.435614 6.282385
1384268280345 115154268612893 5330086000000 6.588843 -6.129157 6.129157
1384268280457 115154380581887 5330196000000 5.975927 -4.443638 5.363012
