1384187098583 79996872475089 2497262000000 -6.742072 0.612916 7.048530
1384187098695 79996984993399 2497372000000 -7.508216 0.000000 7.048530
1384187098806 79997095253409 2497482000000 -9.193734 -5.975927 6.895301
1384187098917 79997207191885 2497592000000 -5.209783 -6.435614 7.967903
1384187099041 79997331184805 2497702000000 -4.596867 5.209783 9.653421
1384187099151 79997440712393 2497812000000 -1.225831 3.217807 5.056554
1384187099262 79997551948965 2497922000000 0.459687 -1.838747 2.145205
1384187099374 79997663246573 2498032000000 2.145205 -3.371036 13.024457
1384187099485 79997774788321 2498142000000 4.596867 -4.290410 20.839132
1384187099595 79997884560050 2498252000000 3.371036 -4.443638 9.653421
1384187099687 79997976326407 2498362000000 3.371036 -4.443638 7.814674
1384187099798 79998087837637 2498472000000 3.371036 -3.371036 8.274362
1384187099909 79998198982657 2498582000000 3.064578 -5.209783 8.580819
1384187100026 79998316048087 2498692000000 3.371036 -3.830723 9.040505
1384187100124 79998413887442 2498802000000 2.145205 -2.758120 9.193734
