1384187129920 80028209999503 2528592000000 -7.508216 1.072602 5.975927
1384187130040 80028329750479 2528702000000 -7.508216 0.766145 6.588843
1384187130151 80028440926016 2528812000000 -8.427590 -1.532289 5.363012
1384187130263 80028552284659 2528922000000 -8.734048 -4.903325 6.129157
1384187130374 80028663948477 2529032000000 -9.193734 -5.056554 10.726024
1384187130465 80028755196036 2529142000000 1.685518 5.363012 13.024457
1384187130577 80028866371573 2529252000000 -1.379060 3.983952 6.895301
1384187130688 80028977699698 2529362000000 -0.459687 1.379060 2.298434
1384187130799 80029088905753 2529472000000 -0.612916 -4.290410 3.524265
1384187130911 80029200203360 2529582000000 7.048530 -6.282385 17.774553
1384187131022 80029311409415 2529692000000 6.742072 -4.903325 14.863204
1384187131140 80029430153311 2529802000000 5.363012 -4.290410 8.580819
1384187131252 80029541328848 2529912000000 5.363012 -3.371036 7.661446
1384187131363 80029652809561 2530022000000 5.516241 -3.677494 7.967903
1384187131474 80029764046133 2530132000000 1.379060 -6.435614 8.121132
1384187131586 80029876198233 2530242000000 5.669470 -3.371036 8.427590
1384187131673 80029962227286 2530352000000 5.822699 -3.524265 7.814674
