1384187139878 80038167366446 2538542000000 -6.588843 1.072602 6.588843
1384187139989 80038278511465 2538652000000 -6.435614 0.766145 7.201759
1384187140097 80038387184561 2538762000000 -6.742072 -0.153229 7.661446
1384187140209 80038498390616 2538872000000 -10.572795 -5.056554 9.193734
1384187140322 80038612007559 2538982000000 -4.750096 -5.209783 11.492168
1384187140435 80038724739493 2539092000000 0.000000 6.742072 6.588843
1384187140522 80038811439932 2539202000000 0.153229 5.363012 2.298434
1384187140634 80038923530997 2539312000000 -0.612916 0.000000 0.919373
1384187140746 80039035866202 2539422000000 -0.153229 -2.911349 11.032481
1384187140857 80039147133292 2539532000000 5.822699 0.612916 18.234240
1384187140969 80039258430899 2539642000000 5.516241 -2.451663 12.564771
1384187141080 80039369636954 2539752000000 5.056554 -1.685518 9.959879
1384187141191 80039480873526 2539862000000 4.290410 -2.451663 8.427590
1384187141296 80039585579337 2539972000000 4.290410 -2.604892 8.887277
1384187141409 80039698433341 2540082000000 4.290410 -2.758120 9.040505
1384187141520 80039809700430 2540192000000 5.056554 -2.604892 9.193734
1384187141631 80039920906485 2540302000000 3.064578 -3.371036 8.274362
