1384268696083 115570006741555 5745856000000 7.661446 -5.209783 5.209783
1384268696205 115570128232034 5745966000000 7.354988 -4.903325 5.056554
1384268696307 115570230618508 5746076000000 7.354988 -4.596867 4.596867
1384268696425 115570348874124 5746186000000 7.354988 -12.258313 12.105083
1384268696538 115570461850198 5746296000000 14.556746 -12.258313 17.927782
1384268696646 115570569394143 5746406000000 16.242264 -5.056554 5.975927
1384268696758 115570681820901 5746516000000 2.758120 -0.459687 -5.209783
1384268696852 115570775692971 5746626000000 -2.604892 -0.766145 -9.193734
1384268696960 115570883877786 5746736000000 4.443638 -5.363012 -3.830723
1384268697081 115571004391702 5746846000000 11.951855 -8.580819 18.693928
1384268697189 115571112027200 5746956000000 8.887277 -2.145205 17.621325
1384268697297 115571220822366 5747066000000 5.056554 -3.677494 9.500193
1384268697408 115571331936868 5747176000000 5.516241 -6.282385 6.742072
1384268697521 115571444577248 5747286000000 7.661446 -6.588843 5.822699
1384268697627 115571550931008 5747396000000 4.750096 -5.975927 7.048530
1384268697730 115571653348001 5747506000000 5.056554 -6.282385 5.975927
