1384187807431 80705720680655 3206092000000 5.516241 -1.379060 8.887277
1384187807542 80705831734122 3206202000000 5.363012 -1.685518 8.274362
1384187807653 80705942909659 3206312000000 3.677494 -5.209783 9.500193
1384187807765 80706054298819 3206422000000 8.580819 -10.419566 12.411542
1384187807876 80706165749014 3206532000000 11.032481 -3.677494 11.185710
1384187807987 80706276832999 3206642000000 9.959879 1.225831 9.346964
1384187808099 80706388222159 3206752000000 4.903325 -0.153229 8.580819
1384187808186 80706475471915 3206862000000 2.298434 -6.282385 5.822699
1384187808297 80706586739005 3206972000000 -2.604892 -10.419566 13.177687
1384187808408 80706697487296 3207082000000 -5.669470 -10.879252 14.556746
1384187808532 80706822182120 3207192000000 -4.137181 -5.822699 5.363012
1384187808630 80706919563712 3207302000000 -1.225831 1.379060 5.516241
1384187808744 80707033394278 3207412000000 0.000000 8.580819 8.580819
1384187808855 80707144813956 3207522000000 -1.532289 8.274362 7.661446
1384187808969 80707258369864 3207632000000 -3.677494 7.048530 7.967903
1384187809080 80707369606436 3207742000000 -3.677494 4.596867 7.661446
1384187809191 80707480843008 3207852000000 1.379060 23.444023 17.621325
1384187809302 80707592201651 3207962000000 -3.677494 5.516241 9.040505
1384187809398 80707687569083 3208072000000 -4.137181 5.822699 7.048530
1384187809522 80707811958731 3208182000000 -3.830723 4.903325 7.201759
1384187809633 80707922218741 3208292000000 -4.443638 5.209783 7.354988
1384187809755 80708044563712 3208402000000 -3.677494 5.516241 7.967903
1384187809841 80708130806387 3208512000000 -1.532289 5.056554 6.588843
1384187809952 80708242042960 3208622000000 -1.532289 4.290410 6.742072
1384187810063 80708353096427 3208732000000 -7.508216 5.056554 9.040505
1384187810176 80708465828360 3208842000000 -4.750096 3.983952 11.492168
1384187810288 80708577339590 3208952000000 -3.830723 4.137181 8.734048
1384187810399 80708688301505 3209062000000 -1.838747 4.750096 8.274362
1384187810510 80708799568594 3209172000000 -2.758120 5.822699 7.508216
1384187810621 80708910774649 3209282000000 -7.814674 5.669470 6.282385
1384187810718 80709007790030 3209392000000 -4.137181 5.669470 7.814674
