1384187869490 80767779457510 3268162000000 4.290410 -1.685518 8.427590
1384187869601 80767890755118 3268272000000 3.371036 -4.443638 9.193734
1384187869712 80768001961173 3268382000000 7.814674 -4.596867 15.476120
1384187869838 80768128181876 3268492000000 8.580819 2.451663 14.250289
1384187869939 80768228249014 3268602000000 6.435614 0.919373 7.048530
1384187870050 80768339394034 3268712000000 3.371036 1.685518 4.596867
1384187870160 80768449593008 3268822000000 0.000000 -5.056554 8.887277
1384187870272 80768561439932 3268932000000 -2.758120 -14.403518 16.855181
1384187870383 80768672890128 3269042000000 -4.596867 -9.500193 11.492168
1384187870496 80768785286368 3269152000000 -3.217807 -3.371036 3.371036
1384187870606 80768895973624 3269262000000 0.306458 0.612916 4.903325
1384187870718 80769007667960 3269372000000 -0.153229 7.814674 7.814674
1384187870830 80769119240225 3269482000000 -0.919373 7.201759 8.734048
1384187870916 80769205452384 3269592000000 -2.758120 5.209783 8.274362
1384187871027 80769316353262 3269702000000 -3.064578 3.983952 8.580819
1384187871138 80769427956046 3269812000000 -2.604892 4.290410 8.427590
1384187871268 80769557960928 3269922000000 -2.758120 4.137181 9.040505
1384187871379 80769669136465 3270032000000 -2.451663 5.363012 8.121132
1384187871466 80769755440176 3270142000000 -2.604892 6.895301 8.580819
1384187871592 80769882118643 3270252000000 -2.758120 5.975927 7.814674
