1387384795156 601079175764944 3506813000000 -1.685518 0.766145 10.419566
1387384795266 601079285719778 3506923000000 -1.685518 0.153229 10.726024
1387384795378 601079398116018 3507033000000 -1.991976 -1.072602 12.411542
1387384795478 601079498152639 3507143000000 -1.379060 -2.604892 9.040505
1387384795589 601079609511282 3507253000000 -0.459687 -0.306458 5.363012
1387384795698 601079718306448 3507363000000 0.459687 3.983952 3.830723
1387384795809 601079829329397 3507473000000 2.145205 8.427590 5.056554
1387384795920 601079940504934 3507583000000 4.443638 9.653421 7.508216
1387384796038 601080057936575 3507693000000 6.742072 6.895301 7.201759
1387384796149 601080169142629 3507803000000 7.967903 -0.919373 7.201759
1387384796260 601080280501272 3507913000000 8.887277 -5.669470 6.588843
1387384796357 601080376906301 3508023000000 10.113108 -4.596867 7.967903
1387384796468 601080488081838 3508133000000 11.338940 -3.217807 8.734048
1387384796588 601080608107473 3508243000000 12.564771 -0.612916 9.040505
1387384796702 601080722151663 3508353000000 9.959879 -1.072602 4.443638
1387384796814 601080833876516 3508463000000 7.201759 -2.604892 4.137181
1387384796929 601080948622610 3508573000000 6.742072 -4.137181 5.975927
1387384797015 601081034865286 3508683000000 5.822699 -4.137181 6.895301
1387384797127 601081147200491 3508793000000 5.516241 -4.596867 6.282385
1387384797238 601081257887747 3508903000000 9.193734 -1.379060 8.580819
1387384797344 601081363600637 3509013000000 5.822699 -4.596867 6.588843
