1387384826461 601110480666067 3538123000000 -1.379060 0.612916 12.105083
1387384826572 601110592024709 3538233000000 -1.072602 0.459687 9.040505
1387384826693 601110712813284 3538343000000 -0.766145 0.919373 4.903325
1387384826804 601110823958303 3538453000000 1.072602 3.983952 3.830723
1387384826915 601110935072805 3538563000000 4.290410 6.742072 1.532289
1387384827002 601111022017385 3538673000000 8.121132 7.508216 2.451663
1387384827113 601111133376028 3538783000000 12.258313 2.145205 7.354988
1387384827224 601111243910696 3538893000000 11.645397 -0.153229 9.806650
1387384827335 601111355391409 3539003000000 12.105083 0.153229 9.959879
1387384827447 601111466963674 3539113000000 12.258313 1.532289 6.742072
1387384827558 601111578230764 3539223000000 10.726024 0.612916 3.983952
1387384827685 601111704634573 3539333000000 9.193734 -1.991976 1.991976
1387384827795 601111815443899 3539443000000 7.508216 -2.911349 4.137181
1387384827882 601111901930715 3539553000000 7.201759 -3.677494 6.282385
1387384827993 601112013228323 3539663000000 6.435614 -7.354988 4.137181
1387384828108 601112128096487 3539773000000 8.274362 -1.379060 7.661446
1387384828215 601112234602835 3539883000000 7.967903 -2.604892 7.814674
1387384828333 601112352736379 3539993000000 7.201759 -3.064578 5.669470
