1387384834407 601118426710989 3546063000000 -1.532289 1.685518 9.959879
1387384834517 601118536635305 3546173000000 -2.145205 0.459687 10.572795
1387384834628 601118647719289 3546283000000 -1.685518 -1.838747 11.032481
1387384834739 601118758833792 3546393000000 -1.072602 -2.298434 8.274362
1387384834850 601118870528127 3546503000000 0.000000 0.459687 5.975927
1387384834962 601118981764700 3546613000000 1.225831 4.596867 4.596867
1387384835073 601119092909719 3546723000000 3.217807 8.580819 6.282385
1387384835169 601119189253713 3546833000000 6.435614 7.508216 7.814674
1387384835280 601119300551321 3546943000000 9.500193 1.072602 7.048530
1387384835392 601119412062551 3547053000000 8.580819 -5.822699 8.580819
1387384835503 601119522719289 3547163000000 8.580819 -6.435614 9.959879
1387384835625 601119645094778 3547273000000 10.726024 -4.596867 9.346964
1387384835712 601119731856252 3547383000000 10.726024 -2.451663 7.048530
1387384835823 601119842940237 3547493000000 9.500193 -2.298434 5.669470
1387384835934 601119954329397 3547603000000 7.814674 -3.983952 4.750096
1387384836046 601120065627004 3547713000000 7.201759 -4.596867 4.903325
1387384836157 601120176741506 3547823000000 6.435614 -6.435614 3.830723
1387384836268 601120288008596 3547933000000 7.201759 -4.290410 6.588843
1387384836394 601120414442922 3548043000000 7.354988 -3.830723 7.967903
1387384836505 601120525038626 3548153000000 6.282385 -4.443638 5.363012
