0.1538462 0.2692308 0.96
0.1538462 0.2692308 0.96
0.1538462 0.2692308 0.96
0.1538462 0.2692308 0.96
0.1538462 0.2692308 0.96
0.1538462 0.2692308 0.96
0.1538462 0.2692308 0.96
0.1538462 0.2692308 0.96
0.1538462 0.2692308 0.96
0.1538462 0.2692308 0.96
0.1538462 0.2692308 0.96
0.1538462 0.2692308 0.96
0.1923077 0.3076923 1
0.1923077 0.3076923 1
0.2307692 0.3076923 1.08
0.2692308 0.3076923 1.12
0.2692308 0.3076923 1.2
0.2692308 0.3076923 1.28
0.2307692 0.2692308 1.44
0.2307692 0.2692308 1.56
0.2307692 0.2692308 1.64
0.2307692 0.2692308 1.72
0.2307692 0.3076923 1.72
0.2692308 0.3076923 1.72
0.3076923 0.3461539 1.68
0.3076923 0.3461539 1.64
0.3076923 0.3846154 1.6
0.2692308 0.3461539 1.6
0.2307692 0.3461539 1.64
0.1923077 0.3461539 1.64
0.1538462 0.3076923 1.68
0.1538462 0.3076923 1.72
0.1538462 0.3076923 1.76
0.1538462 0.3076923 1.8
0.1538462 0.3076923 1.76
0.1923077 0.2692308 1.68
0.1923077 0.3076923 1.6
0.1923077 0.3076923 1.56
0.1923077 0.3076923 1.6
0.1538462 0.3076923 1.72
0.07692308 0.3076923 1.8
0.03846154 0.3076923 1.8
0.03846154 0.3076923 1.68
0.03846154 0.3461539 1.52
0.07692308 0.3461539 1.4
0.1153846 0.3846154 1.2
0.1153846 0.4615385 1.04
0.1538462 0.4230769 0.88
0.1538462 0.3846154 0.76
0.1153846 0.3846154 0.72
0.03846154 0.3461539 0.68
0 0.3076923 0.64
-0.07692308 0.3076923 0.6
-0.07692308 0.3076923 0.52
-0.1153846 0.2307692 0.4
-0.1153846 0.2307692 0.24
-0.1153846 0.1923077 0.08
-0.1538462 0.1153846 -0.04
-0.1538462 0.07692308 -0.12
-0.1153846 0.07692308 -0.2
-0.1153846 0.03846154 -0.24
-0.07692308 0 -0.28
-0.07692308 -0.03846154 -0.28
-0.07692308 -0.1153846 -0.24
-0.07692308 -0.1538462 -0.2
-0.07692308 -0.1923077 -0.08
-0.1538462 -0.2307692 0
-0.1923077 -0.2692308 0.16
-0.2692308 -0.3076923 0.32
-0.3076923 -0.3461539 0.44
-0.3461539 -0.3846154 0.48
-0.3846154 -0.4230769 0.48
-0.3846154 -0.3846154 0.48
-0.4230769 -0.3846154 0.52
-0.4615385 -0.4230769 0.6
-0.5384616 -0.4230769 0.72
-0.6153846 -0.5 0.8
-0.6538461 -0.5 0.84
-0.6923077 -0.5 0.88
-0.7692308 -0.5 0.96
-0.8076923 -0.5 1
-0.8461539 -0.5 1
-0.8461539 -0.5 1.04
-0.8461539 -0.5 1
-0.8461539 -0.4615385 1.04
-0.8076923 -0.4230769 1.04
-0.7307692 -0.3846154 1.04
-0.6538461 -0.3846154 1.04
-0.6153846 -0.3461539 1
-0.5384616 -0.3076923 0.96
-0.4615385 -0.2692308 0.96
-0.3846154 -0.2307692 0.92
-0.3076923 -0.1923077 0.92
-0.2692308 -0.1923077 0.92
-0.1923077 -0.1923077 0.88
-0.1153846 -0.1923077 0.84
-0.03846154 -0.2307692 0.76
0.07692308 -0.2307692 0.68
0.1538462 -0.1923077 0.64
0.1923077 -0.1923077 0.68
0.2307692 -0.2307692 0.72
0.2692308 -0.2692308 0.76
0.3076923 -0.2692308 0.8
0.3846154 -0.2692308 0.84
0.4615385 -0.2692308 0.84
0.5384616 -0.3076923 0.92
0.5769231 -0.3076923 0.96
0.6153846 -0.3076923 0.96
0.6153846 -0.3461539 1
0.6153846 -0.3461539 1
0.6153846 -0.3076923 1
0.6153846 -0.3076923 1
0.6153846 -0.3076923 0.96
0.6153846 -0.3076923 0.96
0.5769231 -0.3076923 0.92
0.5 -0.3461539 0.88
0.4230769 -0.3461539 0.8
0.3461539 -0.3846154 0.76
0.2692308 -0.3846154 0.68
0.2307692 -0.3461539 0.64
0.1923077 -0.3076923 0.56
0.1538462 -0.2692308 0.52
0.1153846 -0.2307692 0.4
0.03846154 -0.2307692 0.28
-0.03846154 -0.2692308 0.2
-0.07692308 -0.2692308 0.12
-0.1153846 -0.2692308 0.08
-0.1538462 -0.2692308 0.08
-0.1538462 -0.2692308 0.08
-0.1153846 -0.2307692 0.12
-0.1538462 -0.2307692 0.16
-0.1153846 -0.1923077 0.2
-0.1153846 -0.1538462 0.28
-0.07692308 -0.1153846 0.36
-0.07692308 -0.07692308 0.4
-0.03846154 -0.03846154 0.44
-0.03846154 -0.03846154 0.44
0 0 0.44
0.03846154 0.07692308 0.48
0 0.1153846 0.56
0 0.1538462 0.68
0 0.1538462 0.72
0 0.1923077 0.76
0.03846154 0.1923077 0.76
0.07692308 0.2307692 0.72
0.07692308 0.2692308 0.76
0.07692308 0.3076923 0.84
0.07692308 0.3461539 1
0.1153846 0.3461539 1.12
0.1923077 0.3461539 1.2
0.2307692 0.3461539 1.28
0.2307692 0.3461539 1.36
0.2307692 0.3076923 1.52
0.1153846 0.2692308 1.8
0 0.1923077 2
-0.03846154 0.1153846 2.16
-0.03846154 0.07692308 2.16
0.07692308 0.1153846 2.04
0.1538462 0.1538462 1.96
0.2307692 0.1923077 1.92
0.2692308 0.2307692 1.88
0.3076923 0.2307692 1.8
0.3076923 0.2307692 1.76
0.2692308 0.1923077 1.72
0.2692308 0.1923077 1.64
0.3076923 0.1923077 1.56
0.3076923 0.1923077 1.48
0.3461539 0.1923077 1.4
0.3461539 0.1923077 1.36
0.3461539 0.1923077 1.36
0.3461539 0.1923077 1.36
0.3461539 0.1923077 1.32
0.3846154 0.1923077 1.24
0.4230769 0.1923077 1.16
0.5 0.1923077 1.12
0.5384616 0.2307692 1.08
0.6153846 0.2692308 1.04
0.6923077 0.3076923 1
0.7692308 0.3461539 0.96
0.8076923 0.3461539 0.92
0.8076923 0.3846154 0.92
0.8076923 0.4230769 0.92
0.7692308 0.4230769 0.92
0.7307692 0.4230769 0.92
0.6923077 0.3846154 0.88
0.6923077 0.3846154 0.88
0.6153846 0.4230769 0.84
0.5769231 0.3846154 0.8
0.5 0.4230769 0.8
0.4615385 0.4230769 0.84
0.4230769 0.4230769 0.84
0.3461539 0.4615385 0.84
0.3076923 0.4615385 0.8
0.2692308 0.5 0.76
0.2307692 0.5 0.76
0.1923077 0.5 0.76
0.1153846 0.5 0.8
0.1153846 0.5 0.84
0.07692308 0.4615385 0.84
0.03846154 0.4615385 0.88
0 0.5 0.88
-0.03846154 0.5 0.92
-0.07692308 0.5 0.96
-0.1153846 0.5 1.04
-0.1538462 0.4615385 1.12
-0.1538462 0.5 1.12
-0.1923077 0.4615385 1.16
-0.2307692 0.4615385 1.16
-0.3076923 0.4230769 1.2
-0.3461539 0.4230769 1.2
-0.4615385 0.3846154 1.24
-0.5384616 0.3461539 1.2
-0.5769231 0.3076923 1.16
-0.6538461 0.2692308 1.12
-0.6538461 0.2307692 1.08
-0.6538461 0.1923077 1.04
-0.6538461 0.1923077 1.04
-0.6153846 0.1538462 1
-0.5769231 0.1538462 1
-0.4615385 0.1923077 1
-0.3846154 0.1923077 1
-0.2692308 0.1923077 1
-0.1153846 0.2692308 1
-0.1153846 0.2692308 1
-0.03846154 0.2692308 1.04
0 0.2692308 1.08
0 0.2692308 1.08
0.03846154 0.2692308 1.08
0.03846154 0.2307692 1.04
0.07692308 0.2692308 1
0.1153846 0.2692308 0.96
0.1153846 0.2692308 0.92
0.1538462 0.2307692 0.92
