0.5769231 0.3846154 1.68
0.5769231 0.3846154 1.68
0.5769231 0.3846154 1.68
0.5769231 0.3846154 1.68
0.5769231 0.3846154 1.68
0.5769231 0.3846154 1.68
0.5769231 0.3846154 1.68
0.5769231 0.3846154 1.68
0.5769231 0.3846154 1.68
0.5769231 0.3846154 1.68
0.5384616 0.3461539 1.8
0.5384616 0.3461539 1.8
0.5384616 0.3461539 1.96
0.5384616 0.3461539 1.96
0.5384616 0.3461539 1.96
0.5384616 0.3461539 1.96
0.5 0.3461539 2.04
0.5 0.3846154 2.08
0.5 0.4230769 2.08
0.5384616 0.4615385 2
0.5769231 0.4615385 1.96
0.5769231 0.4615385 1.88
0.5769231 0.4615385 1.84
0.5384616 0.5 1.88
0.4615385 0.5 1.92
0.4230769 0.5 1.96
0.3461539 0.5 1.96
0.3076923 0.5 1.84
0.3076923 0.5 1.72
0.2692308 0.5 1.6
0.2692308 0.5384616 1.48
0.2692308 0.5769231 1.36
0.2307692 0.5384616 1.28
0.1923077 0.5769231 1.2
0.1538462 0.5384616 1.08
0.1153846 0.5 1
0.1153846 0.5 0.92
0.07692308 0.5 0.84
0.07692308 0.5 0.76
0.03846154 0.4615385 0.68
0 0.4615385 0.64
-0.03846154 0.4230769 0.6
-0.03846154 0.4230769 0.48
0 0.3846154 0.36
0 0.3076923 0.16
0 0.3076923 0.04
0 0.2692308 -0.04
-0.07692308 0.1923077 -0.08
-0.1153846 0.1538462 -0.08
-0.1538462 0.07692308 -0.08
-0.1538462 0.03846154 -0.08
-0.1153846 0 -0.2
-0.07692308 0 -0.28
-0.07692308 -0.03846154 -0.32
-0.07692308 -0.07692308 -0.28
-0.1153846 -0.1538462 -0.16
-0.2307692 -0.2692308 0.12
-0.3076923 -0.3461539 0.24
-0.3076923 -0.3846154 0.32
-0.3461539 -0.3846154 0.36
-0.3461539 -0.3846154 0.44
-0.3461539 -0.3461539 0.56
-0.4230769 -0.3846154 0.64
-0.4615385 -0.3846154 0.76
-0.5384616 -0.4230769 0.84
-0.5769231 -0.4615385 0.96
-0.6538461 -0.4615385 1.08
-0.6538461 -0.4230769 1.12
-0.6923077 -0.4230769 1.16
-0.7307692 -0.4230769 1.2
-0.7692308 -0.4230769 1.2
-0.8076923 -0.4230769 1.2
-0.8076923 -0.4230769 1.16
-0.7692308 -0.4230769 1.12
-0.7692308 -0.4230769 1.12
-0.6923077 -0.3846154 1.08
-0.6538461 -0.3461539 1.08
-0.5769231 -0.3076923 1.08
-0.5 -0.2692308 1.04
-0.4230769 -0.2307692 1
-0.3461539 -0.2307692 1
-0.2692308 -0.1923077 1.04
-0.2307692 -0.1923077 1.04
-0.1153846 -0.1923077 1
0 -0.1923077 1
0.1153846 -0.1923077 1
0.1923077 -0.1538462 1.04
0.3076923 -0.1538462 1.04
0.3846154 -0.1538462 1.04
0.5 -0.1538462 1.04
0.5384616 -0.1923077 1.04
0.5769231 -0.2307692 1.04
0.6153846 -0.2692308 1
0.6153846 -0.2692308 0.96
0.5769231 -0.3076923 0.92
0.5769231 -0.3076923 0.88
0.5769231 -0.3461539 0.84
0.5384616 -0.3846154 0.8
0.5384616 -0.3846154 0.76
0.5 -0.3846154 0.76
0.5 -0.4230769 0.8
0.5 -0.3846154 0.8
0.5384616 -0.3846154 0.72
0.5384616 -0.3846154 0.68
0.5384616 -0.3461539 0.6
0.5 -0.3461539 0.56
0.4615385 -0.3846154 0.6
0.3846154 -0.4230769 0.64
0.3076923 -0.4230769 0.64
0.3076923 -0.4230769 0.6
0.3461539 -0.4230769 0.56
0.3461539 -0.3846154 0.52
0.3461539 -0.3846154 0.52
0.3076923 -0.3846154 0.52
0.2307692 -0.3846154 0.52
0.1538462 -0.3846154 0.52
0.1153846 -0.3846154 0.48
0.07692308 -0.3846154 0.4
0.03846154 -0.3461539 0.32
0.03846154 -0.3076923 0.2
0.03846154 -0.2692308 0.12
0 -0.2692308 0.04
-0.07692308 -0.2692308 0.04
-0.1538462 -0.2692308 0.08
-0.1923077 -0.2692308 0.16
-0.1923077 -0.2692308 0.16
-0.1538462 -0.2307692 0.12
-0.1538462 -0.1923077 0.08
-0.1538462 -0.1538462 0.04
-0.1923077 -0.1538462 0.08
-0.2307692 -0.1153846 0.12
-0.2307692 -0.07692308 0.2
-0.2307692 -0.07692308 0.28
-0.1923077 -0.03846154 0.32
-0.07692308 0.1153846 0.32
0 0.1538462 0.4
0.03846154 0.2307692 0.52
0.07692308 0.3076923 0.64
0.1153846 0.3076923 0.76
0.1538462 0.3076923 0.8
0.1923077 0.3461539 0.84
0.2307692 0.3846154 0.92
0.2692308 0.4230769 1.12
0.2692308 0.4230769 1.36
0.3076923 0.4230769 1.6
0.3076923 0.4230769 1.84
0.2692308 0.3461539 2
0.2692308 0.3076923 2.04
0.2692308 0.3076923 2.08
0.2307692 0.2692308 2.16
0.2307692 0.2307692 2.2
0.1923077 0.1923077 2.2
0.1923077 0.1923077 2.24
0.1923077 0.1923077 2.12
0.2692308 0.1923077 1.96
0.3076923 0.2307692 1.8
0.3461539 0.2692308 1.68
0.3461539 0.2692308 1.56
0.3076923 0.2307692 1.48
0.2307692 0.2307692 1.52
0.1538462 0.1538462 1.56
0.1538462 0.1538462 1.56
0.1923077 0.1538462 1.56
0.2307692 0.1923077 1.48
0.3461539 0.2307692 1.4
0.3846154 0.2692308 1.32
0.4615385 0.2692308 1.2
0.5 0.3076923 1.12
0.6153846 0.3076923 1.08
0.6923077 0.3076923 1.04
0.8076923 0.3461539 1.04
0.8846154 0.3846154 1.04
0.9230769 0.4230769 1.04
0.9230769 0.4615385 1.04
0.9230769 0.4615385 0.96
0.8846154 0.3846154 0.92
0.8461539 0.3846154 0.88
0.8461539 0.4230769 0.88
0.8076923 0.4230769 0.88
0.7307692 0.4615385 0.88
0.6153846 0.3846154 0.76
0.6153846 0.3846154 0.72
0.5769231 0.3846154 0.76
0.5384616 0.4230769 0.84
0.4615385 0.5 0.88
0.3461539 0.5 0.88
0.2692308 0.5384616 0.84
0.2307692 0.5 0.84
0.1923077 0.5 0.84
0.1538462 0.5384616 0.88
0.1153846 0.5769231 0.92
0.03846154 0.5769231 0.96
0 0.6153846 0.96
-0.07692308 0.6153846 0.92
-0.1153846 0.6153846 0.96
-0.1923077 0.5769231 1
-0.2692308 0.5384616 1.04
-0.3461539 0.5 1.08
-0.3846154 0.4615385 1.16
-0.4615385 0.4615385 1.2
-0.5769231 0.3846154 1.2
-0.7307692 0.3076923 1.2
-0.8461539 0.1923077 1.2
-0.9230769 0.1538462 1.16
-0.8846154 0.1153846 1.12
-0.8076923 0.1538462 1.08
-0.6538461 0.1923077 1.08
-0.5 0.2307692 1.08
-0.3846154 0.2692308 1.04
-0.3076923 0.2692308 1.04
-0.2307692 0.2692308 1
-0.1923077 0.2307692 1
-0.1538462 0.2307692 1.04
-0.1153846 0.1923077 1.04
-0.07692308 0.1923077 1.04
0 0.1923077 1.04
0.07692308 0.2307692 1.08
0.1153846 0.2692308 1.08
0.1153846 0.2692308 1
0.1153846 0.2692308 0.96
