-0.2307692 0.5769231 1.2
-0.2307692 0.5769231 1.2
-0.2307692 0.5769231 1.2
-0.2307692 0.5769231 1.2
-0.2307692 0.5769231 1.2
-0.2307692 0.5769231 1.2
-0.2307692 0.5769231 1.2
-0.2307692 0.5769231 1.2
-0.2307692 0.5769231 1.2
-0.2307692 0.5769231 1.2
-0.2307692 0.5769231 1.2
-0.3461539 0.5384616 1.2
-0.3846154 0.5 1.28
-0.3846154 0.5 1.28
-0.3846154 0.5 1.28
-0.3461539 0.5384616 1.36
-0.3461539 0.5384616 1.36
-0.3076923 0.6153846 1.4
-0.2692308 0.6153846 1.44
-0.2692308 0.6538461 1.44
-0.3076923 0.6538461 1.48
-0.3076923 0.6153846 1.44
-0.3076923 0.6538461 1.4
-0.2692308 0.6923077 1.36
-0.2307692 0.6923077 1.36
-0.1923077 0.7307692 1.44
-0.1153846 0.7692308 1.48
-0.07692308 0.8076923 1.48
0.03846154 0.8461539 1.52
0.1153846 0.9230769 1.52
0.1923077 1 1.56
0.3076923 1 1.64
0.3846154 1.038462 1.64
0.4615385 1.038462 1.68
0.5 1 1.68
0.5384616 1 1.68
0.5769231 1 1.8
0.6153846 1.076923 2
0.7307692 1.153846 2.24
0.8076923 1.192308 2.36
0.8846154 1.230769 2.28
1 1.269231 2.04
1.038462 1.307692 1.8
1.076923 1.307692 1.6
1.115385 1.269231 1.52
1.115385 1.230769 1.52
1.115385 1.153846 1.52
1.076923 1.153846 1.52
1.038462 1.076923 1.48
1.038462 1.076923 1.36
1.038462 1.076923 1.28
1.038462 1.076923 1.2
1.076923 1.115385 1.08
1.076923 1.115385 0.96
1.038462 1.115385 0.8
1.038462 1.153846 0.68
1 1.153846 0.56
1 1.115385 0.48
0.9615384 1.076923 0.4
0.8846154 1.038462 0.36
0.8076923 0.9615384 0.28
0.7307692 0.9615384 0.2
0.6923077 0.9230769 0.12
0.6538461 0.8846154 0
0.6153846 0.8461539 -0.08
0.5769231 0.8076923 -0.12
0.5769231 0.7692308 -0.16
0.5769231 0.7307692 -0.2
0.5384616 0.6923077 -0.24
0.5 0.6538461 -0.28
0.4230769 0.5769231 -0.32
0.3076923 0.5384616 -0.32
0.1923077 0.4615385 -0.36
0.07692308 0.4230769 -0.36
0 0.3846154 -0.36
-0.07692308 0.3461539 -0.32
-0.1153846 0.2692308 -0.28
-0.1923077 0.2692308 -0.28
-0.2307692 0.1923077 -0.32
-0.3461539 0.1538462 -0.4
-0.5 0.07692308 -0.36
-0.6538461 -0.03846154 -0.36
-0.6923077 -0.1153846 -0.32
-0.6923077 -0.1153846 -0.32
-0.6153846 -0.07692308 -0.28
-0.5384616 -0.03846154 -0.28
-0.5 0 -0.28
-0.4615385 0 -0.28
-0.5384616 0 -0.24
-0.6153846 -0.03846154 -0.24
-0.6923077 0 -0.28
-0.6923077 0.03846154 -0.24
-0.7307692 0.1153846 -0.16
-0.7307692 0.1923077 0.04
-0.6923077 0.3076923 0.2
-0.5769231 0.3461539 0.36
-0.6153846 0.3846154 0.4
-0.6923077 0.3461539 0.32
-0.8076923 0.3461539 0.36
-1.076923 0.4230769 0.64
-1.076923 0.4230769 0.64
-1.153846 0.4230769 0.96
-1.153846 0.4230769 1.24
-0.9230769 0.5384616 1.2
-0.9230769 0.6153846 1.12
-1 0.6923077 1.28
-1.115385 0.6538461 1.64
-1.230769 0.5769231 2
-1.346154 0.4615385 2.12
-1.384615 0.3846154 2.08
-1.346154 0.4230769 1.92
-1.192308 0.5 1.76
-1 0.6538461 1.68
-0.8461539 0.7692308 1.84
-0.6923077 0.8461539 2.04
-0.5769231 0.8076923 2.2
-0.5384616 0.8076923 2.16
-0.5 0.7692308 1.96
-0.4615385 0.8076923 1.8
-0.4230769 0.8076923 1.68
-0.3076923 0.8461539 1.68
-0.2307692 0.7692308 1.8
-0.1923077 0.7307692 1.84
-0.1153846 0.7307692 1.84
-0.03846154 0.6923077 1.84
0.07692308 0.7307692 1.84
0.2307692 0.7692308 1.84
0.4230769 0.8076923 1.88
0.5384616 0.8461539 1.84
0.6923077 0.8846154 1.8
0.8461539 0.8461539 1.72
1 0.8076923 1.6
1.076923 0.8076923 1.48
1.115385 0.7307692 1.36
1.076923 0.6538461 1.28
0.9615384 0.5769231 1.16
0.8846154 0.5 1.12
0.8461539 0.4615385 1.16
0.8846154 0.4230769 1.16
0.8846154 0.4230769 1.16
0.8461539 0.4230769 1.08
0.7307692 0.3846154 1.04
0.5384616 0.3461539 1
0.3461539 0.2692308 0.96
0.2307692 0.2692308 0.92
0.07692308 0.2307692 0.92
0 0.2307692 0.88
0 0.2307692 0.84
