0 -0.7307692 0.36
0 -0.7307692 0.36
0 -0.7307692 0.36
0 -0.7307692 0.36
0 -0.7307692 0.36
0 -0.7307692 0.36
0.03846154 -0.7307692 0.32
0.03846154 -0.7307692 0.32
0.03846154 -0.6538461 0.28
0.03846154 -0.6538461 0.28
0.03846154 -0.6538461 0.28
0.03846154 -0.6538461 0.28
0.03846154 -0.6538461 0.28
0.07692308 -0.6153846 0.2
0.07692308 -0.6153846 0.2
0.07692308 -0.6153846 0.2
0.07692308 -0.6153846 0.2
0.03846154 -0.5769231 0.16
0.03846154 -0.5769231 0.08
0.03846154 -0.5769231 0
0 -0.5769231 -0.08
0 -0.5 -0.2
0.03846154 -0.5 -0.24
0 -0.4615385 -0.32
-0.03846154 -0.4230769 -0.36
-0.03846154 -0.4230769 -0.4
-0.07692308 -0.3846154 -0.4
-0.07692308 -0.3461539 -0.36
-0.03846154 -0.3076923 -0.28
0 -0.2692308 -0.2
0.03846154 -0.2307692 -0.12
0.07692308 -0.1538462 -0.08
0.1153846 -0.1153846 -0.08
0.1153846 -0.07692308 0
0.1153846 0 0.08
0.1153846 0.03846154 0.2
0.1153846 0.07692308 0.28
0.1153846 0.1153846 0.28
0.1153846 0.1538462 0.28
0.1538462 0.1923077 0.2
0.1538462 0.2307692 0.2
0.1538462 0.2692308 0.32
0.1153846 0.3461539 0.48
0.03846154 0.4230769 0.68
0.07692308 0.4230769 0.8
0.07692308 0.4615385 0.84
0.1538462 0.5 0.8
0.1923077 0.5 0.76
0.1923077 0.5384616 0.88
0.1153846 0.5769231 1.12
0.03846154 0.5769231 1.36
-0.07692308 0.5769231 1.64
-0.1538462 0.5769231 1.76
-0.1923077 0.5384616 1.68
-0.1538462 0.5 1.52
-0.07692308 0.5384616 1.48
0.03846154 0.5769231 1.6
0.03846154 0.6153846 1.8
0 0.6153846 1.96
-0.03846154 0.6153846 2.08
-0.03846154 0.5769231 2.08
0.03846154 0.5384616 2.04
0.1153846 0.5 2
0.1923077 0.5 2.08
0.2307692 0.4230769 2.2
0.2307692 0.4230769 2.28
0.1923077 0.4230769 2.32
0.1538462 0.3846154 2.24
0.1153846 0.3846154 2.08
0.1538462 0.3846154 2
0.1538462 0.3846154 1.88
0.1153846 0.3461539 1.88
0.1153846 0.3076923 1.84
0.07692308 0.3076923 1.8
0.03846154 0.2692308 1.72
0.03846154 0.3076923 1.64
0.03846154 0.3076923 1.52
0.07692308 0.3461539 1.44
0.1153846 0.3461539 1.36
0.1153846 0.3846154 1.32
0.1538462 0.3846154 1.28
0.1538462 0.4230769 1.28
0.1153846 0.4230769 1.2
0.1153846 0.4230769 1.12
0.07692308 0.4230769 1.04
0.07692308 0.4230769 0.96
0.03846154 0.3846154 0.92
0 0.3461539 0.92
-0.03846154 0.3461539 0.92
-0.03846154 0.3461539 0.92
