-0.3461539 -0.2307692 -0.04
-0.3461539 -0.2307692 -0.04
-0.3461539 -0.2307692 -0.04
-0.3461539 -0.2307692 -0.04
-0.3461539 -0.2307692 -0.2
-0.3461539 -0.2307692 -0.2
-0.3461539 -0.2307692 -0.2
-0.3461539 -0.2307692 -0.2
-0.3461539 -0.2307692 -0.2
-0.3461539 -0.2307692 -0.2
-0.3461539 -0.2307692 -0.2
-0.3461539 -0.2307692 -0.2
-0.3461539 -0.2307692 -0.2
-0.4230769 -0.2307692 -0.32
-0.4615385 -0.2692308 -0.36
-0.4615385 -0.2692308 -0.36
-0.4615385 -0.2692308 -0.36
-0.5384616 -0.3076923 -0.32
-0.5384616 -0.3076923 -0.32
-0.5384616 -0.3076923 -0.32
-0.5769231 -0.3076923 -0.28
-0.6153846 -0.3076923 -0.2
-0.6153846 -0.3461539 -0.24
-0.6538461 -0.3461539 -0.24
-0.6923077 -0.3076923 -0.2
-0.6923077 -0.2692308 -0.12
-0.6923077 -0.2692308 -0.08
-0.6923077 -0.2692308 -0.04
-0.6923077 -0.2307692 0.04
-0.6923077 -0.1923077 0.12
-0.6538461 -0.1538462 0.24
-0.5769231 -0.1153846 0.4
-0.5384616 -0.07692308 0.56
-0.4615385 -0.03846154 0.68
-0.4230769 0.03846154 0.84
-0.4230769 0.07692308 1
-0.4230769 0.03846154 1.24
-0.4615385 0 1.44
-0.5 -0.1153846 1.84
-0.5 -0.1153846 2
-0.5 -0.1153846 2.08
-0.4230769 -0.1153846 2.12
-0.3846154 -0.1538462 2.12
-0.3076923 -0.1538462 2.08
-0.2692308 -0.1538462 2.04
-0.2307692 -0.1538462 2
-0.1923077 -0.1538462 1.92
-0.1538462 -0.1153846 1.8
-0.1153846 -0.07692308 1.68
-0.07692308 0 1.52
-0.07692308 0.03846154 1.4
-0.07692308 0 1.28
-0.03846154 -0.03846154 1.28
-0.03846154 -0.03846154 1.28
0 -0.07692308 1.28
0.07692308 -0.03846154 1.24
0.1153846 0 1.2
0.1538462 0 1.12
0.1923077 0.03846154 1.04
0.2307692 0.07692308 0.92
0.2692308 0.07692308 0.84
0.3076923 0.1153846 0.72
0.3461539 0.1153846 0.64
0.3461539 0.1153846 0.64
0.3461539 0.1153846 0.56
0.3461539 0.1153846 0.48
0.3846154 0.1153846 0.4
0.3846154 0.1153846 0.32
0.3846154 0.1923077 0.36
0.3076923 0.1923077 0.44
0.2692308 0.1923077 0.56
0.1923077 0.2307692 0.6
0.1923077 0.2692308 0.6
0.1923077 0.2692308 0.52
0.2307692 0.3076923 0.48
0.3076923 0.4230769 0.44
0.3461539 0.5 0.44
0.3846154 0.6153846 0.52
0.3461539 0.7692308 0.64
0.2692308 0.8076923 0.8
0.1153846 0.8461539 0.96
0 0.8461539 1.08
-0.07692308 0.7692308 1.12
-0.1153846 0.7692308 1.12
-0.1153846 0.7692308 1.2
-0.1538462 0.8076923 1.32
-0.3076923 0.8846154 1.48
-0.4230769 0.8846154 1.6
-0.5769231 0.8461539 1.68
-0.8076923 0.7307692 1.72
-0.9615384 0.6538461 1.68
-1 0.6153846 1.6
-1.038462 0.6538461 1.44
-1.076923 0.6538461 1.44
-1.153846 0.6153846 1.4
-1.230769 0.5769231 1.4
-1.269231 0.5 1.4
-1.307692 0.4615385 1.32
-1.307692 0.4230769 1.28
-1.269231 0.4230769 1.2
-1.230769 0.4230769 1.16
-1.153846 0.4230769 1.08
-1.115385 0.4230769 1.08
-1 0.4230769 1.04
-0.9230769 0.4230769 1
-0.8076923 0.4615385 0.96
-0.7307692 0.4615385 1
-0.6538461 0.4615385 0.96
-0.6153846 0.4615385 0.96
-0.5769231 0.4615385 0.96
-0.5384616 0.5 0.96
-0.5 0.5 0.96
-0.4615385 0.4615385 0.96
