0.4615385 0.4230769 0.88
0.4615385 0.4230769 0.88
0.5384616 0.4615385 0.88
0.5384616 0.4615385 0.88
0.5384616 0.4615385 0.88
0.5769231 0.5 0.88
0.5769231 0.5 0.88
0.5769231 0.5 0.88
0.5769231 0.5 0.88
0.5769231 0.5 0.88
0.5769231 0.5 0.88
0.6153846 0.5769231 0.92
0.6153846 0.5769231 0.92
0.6153846 0.5769231 0.92
0.6153846 0.5769231 0.92
0.6153846 0.5769231 1.04
0.5384616 0.5769231 1.16
0.5384616 0.5 1.28
0.5769231 0.5 1.32
0.6153846 0.5 1.4
0.6923077 0.5769231 1.44
0.7307692 0.6153846 1.52
0.7307692 0.6538461 1.6
0.6538461 0.6538461 1.68
0.5384616 0.6538461 1.72
0.3846154 0.6923077 1.84
0.2692308 0.6923077 1.88
0.1153846 0.6923077 1.88
0.03846154 0.6538461 1.88
-0.07692308 0.6153846 1.88
-0.1538462 0.6153846 1.92
-0.2692308 0.6153846 1.96
-0.3461539 0.6153846 2
-0.3846154 0.6153846 1.96
-0.4615385 0.6153846 1.92
-0.5384616 0.6153846 1.92
-0.6538461 0.6153846 1.88
-0.7692308 0.5769231 1.88
-0.9230769 0.5 1.88
-1 0.4230769 1.84
-1.076923 0.3846154 1.72
-1.076923 0.3846154 1.72
-1.076923 0.3461539 1.68
-1.115385 0.3461539 1.68
-1.115385 0.3461539 1.64
-1.115385 0.3461539 1.6
-1.076923 0.3461539 1.52
-1.076923 0.3461539 1.48
-1.076923 0.3846154 1.44
-1.076923 0.3846154 1.4
-1.076923 0.3846154 1.32
-1.115385 0.3461539 1.24
-1.115385 0.3461539 1.12
-1.076923 0.3461539 1.04
-1.038462 0.3461539 0.92
-0.9615384 0.3461539 0.84
-0.8846154 0.3461539 0.72
-0.8461539 0.3846154 0.68
-0.8076923 0.3846154 0.64
-0.7692308 0.3461539 0.6
-0.6538461 0.3461539 0.4
-0.6153846 0.3461539 0.28
-0.5769231 0.3461539 0.2
-0.5769231 0.3076923 0.12
-0.5 0.3076923 0.04
-0.4615385 0.3076923 0
-0.3846154 0.2692308 -0.08
-0.3076923 0.2692308 -0.12
-0.2692308 0.2692308 -0.2
-0.1923077 0.2307692 -0.24
-0.1538462 0.2307692 -0.24
-0.07692308 0.2307692 -0.24
0.03846154 0.1923077 -0.24
0.07692308 0.1923077 -0.24
0.1153846 0.1538462 -0.28
0.1923077 0.1153846 -0.28
0.2307692 0.1153846 -0.32
0.2692308 0.1153846 -0.36
0.2692308 0.07692308 -0.4
0.3076923 0.03846154 -0.36
0.3461539 0.03846154 -0.32
0.3846154 0.03846154 -0.24
0.4615385 0.03846154 -0.2
0.5 0.03846154 -0.16
0.5384616 0.03846154 -0.16
0.5769231 0.07692308 -0.08
0.6153846 0.07692308 -0.04
0.6538461 0.07692308 0.08
0.6923077 0.03846154 0.12
0.6538461 0 0.16
0.6538461 0 0.2
0.6923077 0.03846154 0.24
0.6923077 0.07692308 0.32
0.6923077 0.1153846 0.4
0.6538461 0.07692308 0.52
0.6923077 0.07692308 0.56
0.8076923 0.1538462 0.6
0.8846154 0.2307692 0.68
1 0.3076923 0.8
1 0.3461539 0.96
1 0.3461539 0.96
0.9615384 0.2692308 1
0.9230769 0.2692308 1
0.9230769 0.3461539 1.08
0.9230769 0.3846154 1.16
0.9230769 0.4230769 1.36
0.9230769 0.4615385 1.56
0.8846154 0.4230769 1.64
0.8846154 0.4230769 1.52
0.8461539 0.5 1.36
0.8461539 0.5769231 1.32
0.8461539 0.6538461 1.4
0.7692308 0.6538461 1.52
0.6923077 0.5769231 1.6
0.6153846 0.5769231 1.64
0.5384616 0.5769231 1.56
0.4615385 0.6153846 1.52
0.3846154 0.6538461 1.52
0.3076923 0.6538461 1.56
0.2692308 0.6538461 1.6
0.2307692 0.6153846 1.64
0.1538462 0.6538461 1.68
0.07692308 0.6538461 1.68
-0.03846154 0.6538461 1.72
-0.1538462 0.6153846 1.72
-0.2692308 0.5769231 1.76
-0.3076923 0.5769231 1.84
-0.3846154 0.5384616 1.88
-0.4615385 0.5 1.92
-0.5 0.5384616 1.96
-0.5769231 0.5384616 2
-0.7307692 0.4615385 1.92
-0.8846154 0.4230769 1.84
-1 0.3461539 1.72
-1.076923 0.2692308 1.6
-1.076923 0.1923077 1.52
-1.076923 0.1923077 1.4
-1 0.2307692 1.32
-1 0.2307692 1.28
-0.9230769 0.2307692 1.2
-0.8461539 0.1923077 1.16
-0.8076923 0.2307692 1.12
-0.6923077 0.2307692 1.04
-0.6153846 0.2692308 1
-0.5 0.2692308 1
-0.3846154 0.3076923 1
-0.3076923 0.3076923 1
-0.1923077 0.3076923 1
-0.1538462 0.3076923 1.04
-0.1153846 0.2692308 1.04
