-0.4230769 -0.5384616 0.6
-0.4230769 -0.5384616 0.6
-0.4230769 -0.5384616 0.6
-0.4230769 -0.5384616 0.6
-0.4230769 -0.5384616 0.6
-0.4230769 -0.5384616 0.6
-0.4230769 -0.5384616 0.6
-0.4230769 -0.5384616 0.6
-0.4230769 -0.5384616 0.6
-0.4230769 -0.5384616 0.6
-0.4230769 -0.5384616 0.6
-0.4230769 -0.5384616 0.6
-0.4230769 -0.5384616 0.6
-0.4230769 -0.5384616 0.6
-0.4230769 -0.5384616 0.6
-0.4230769 -0.5384616 0.6
-0.4230769 -0.5384616 0.6
-0.4230769 -0.5 0.6
-0.4230769 -0.5 0.56
-0.4615385 -0.4615385 0.6
-0.4615385 -0.4615385 0.56
-0.4230769 -0.4230769 0.44
-0.4615385 -0.3846154 0.36
-0.5 -0.3846154 0.28
-0.5 -0.4230769 0.08
-0.5384616 -0.4230769 0
-0.5384616 -0.4230769 -0.08
-0.5 -0.4230769 -0.12
-0.5 -0.4230769 -0.2
-0.5 -0.3846154 -0.2
-0.5384616 -0.3461539 -0.12
-0.5769231 -0.3461539 0
-0.6153846 -0.3461539 0.08
-0.6153846 -0.3461539 0.16
-0.6153846 -0.3076923 0.2
-0.6153846 -0.3076923 0.2
-0.5769231 -0.2692308 0.24
-0.5 -0.2307692 0.24
-0.5 -0.1923077 0.24
-0.4615385 -0.1538462 0.28
-0.4230769 -0.1538462 0.28
-0.4615385 -0.1153846 0.32
-0.4615385 -0.07692308 0.36
-0.4230769 -0.03846154 0.4
-0.4230769 -0.03846154 0.44
-0.3846154 -0.03846154 0.52
-0.4230769 0 0.6
-0.4230769 0 0.68
-0.4230769 0 0.76
-0.4230769 0.03846154 0.84
-0.4615385 0.03846154 0.88
-0.4615385 0.03846154 0.92
-0.4615385 0.03846154 0.96
-0.5 0.03846154 1.08
-0.5384616 0.03846154 1.16
-0.5384616 0.03846154 1.24
-0.5769231 0.03846154 1.28
-0.5769231 0.07692308 1.32
-0.5769231 0.1153846 1.36
-0.5769231 0.1153846 1.4
-0.5384616 0.1153846 1.48
-0.5384616 0.1153846 1.56
-0.5384616 0.07692308 1.64
-0.5384616 0.07692308 1.72
-0.5384616 0.1153846 1.72
-0.5 0.1153846 1.76
-0.5 0.07692308 1.72
-0.5 0.07692308 1.68
-0.4615385 0.07692308 1.6
-0.4230769 0.07692308 1.56
-0.4230769 0.07692308 1.52
-0.3846154 0.07692308 1.48
-0.3461539 0.07692308 1.4
-0.3076923 0.1153846 1.36
-0.3076923 0.1153846 1.32
-0.2692308 0.07692308 1.28
-0.2692308 0.03846154 1.24
-0.2307692 0.03846154 1.2
-0.1538462 0.03846154 1.16
-0.1153846 0.07692308 1.12
-0.03846154 0.07692308 1.04
0.03846154 0.07692308 1
0.07692308 0.07692308 0.92
0.1153846 0.1153846 0.92
0.1923077 0.1153846 0.84
0.2307692 0.1923077 0.8
0.2692308 0.1538462 0.76
0.3076923 0.1923077 0.68
0.3076923 0.2307692 0.64
0.3076923 0.3076923 0.56
0.2692308 0.3076923 0.56
0.2692308 0.3461539 0.52
0.2307692 0.3846154 0.52
0.1923077 0.3846154 0.52
0.1923077 0.4230769 0.52
0.1538462 0.4615385 0.56
0.1153846 0.4615385 0.64
0.03846154 0.5 0.72
0 0.5384616 0.72
-0.03846154 0.5384616 0.68
-0.07692308 0.5769231 0.64
-0.03846154 0.5769231 0.6
0 0.6153846 0.6
-0.03846154 0.6923077 0.64
-0.07692308 0.7307692 0.88
-0.1538462 0.7307692 0.92
-0.2692308 0.7307692 1.04
-0.3461539 0.7307692 1.08
-0.3846154 0.7692308 1
-0.3461539 0.7307692 0.92
-0.3846154 0.7307692 0.92
-0.4230769 0.8076923 1
-0.5 0.8076923 1.12
-0.5769231 0.8076923 1.2
-0.6538461 0.7692308 1.32
-0.7692308 0.7307692 1.28
-0.8461539 0.6538461 1.24
-0.8846154 0.6153846 1.2
-0.9230769 0.6153846 1.24
-1 0.5769231 1.28
-1.038462 0.5769231 1.36
-1.076923 0.5384616 1.32
-1.076923 0.5 1.28
-1.038462 0.5 1.2
-0.9230769 0.5 1.12
-0.8076923 0.5384616 1.08
-0.6923077 0.5769231 1.04
-0.6153846 0.6153846 1.08
-0.5769231 0.6538461 1.16
-0.5769231 0.6538461 1.2
-0.6153846 0.6153846 1.2
-0.6538461 0.5769231 1.2
-0.6153846 0.5384616 1.2
-0.5769231 0.5384616 1.12
-0.5 0.5384616 1.08
-0.3846154 0.5769231 1.04
-0.3076923 0.6153846 0.96
-0.2307692 0.5769231 0.84
-0.2307692 0.5769231 0.84
-0.2307692 0.5384616 0.8
-0.2307692 0.5384616 0.76
