0.5769231 0.4230769 0.84
0.5769231 0.4230769 0.84
0.5769231 0.4230769 0.84
0.5769231 0.4230769 0.84
0.7307692 0.5 0.84
0.8846154 0.5769231 0.88
0.8846154 0.5769231 0.88
0.8846154 0.5769231 0.88
0.8846154 0.5769231 0.88
0.8846154 0.5769231 0.88
0.8846154 0.5769231 0.88
0.8846154 0.5769231 0.88
0.9615384 0.6538461 0.92
0.9615384 0.6538461 0.92
0.9615384 0.6538461 0.92
0.9615384 0.6538461 0.92
0.9615384 0.6538461 0.92
1 0.6538461 0.96
1 0.6538461 1.08
0.9615384 0.6538461 1.16
0.9230769 0.5769231 1.32
0.8846154 0.5769231 1.52
0.8076923 0.5769231 1.68
0.6923077 0.6153846 1.72
0.6153846 0.6153846 1.8
0.5384616 0.6153846 1.84
0.4615385 0.6538461 1.88
0.3461539 0.6538461 2
0.1923077 0.7307692 2.08
0.03846154 0.6923077 2.12
-0.1153846 0.6923077 2.12
-0.2307692 0.6923077 2.04
-0.2692308 0.6923077 1.96
-0.3846154 0.6923077 1.92
-0.4615385 0.6538461 1.88
-0.5384616 0.6153846 1.88
-0.6538461 0.5769231 1.88
-0.7692308 0.5769231 1.84
-0.8461539 0.5384616 1.84
-0.8846154 0.5 1.84
-0.9230769 0.5 1.8
-0.9615384 0.5 1.72
-1 0.4615385 1.68
-1 0.4615385 1.56
-1 0.4230769 1.44
-1 0.4230769 1.36
-1 0.4230769 1.32
-1 0.3846154 1.28
-1 0.3846154 1.2
-1.038462 0.3461539 1.2
-1.076923 0.3076923 1.16
-1.076923 0.3076923 1.12
-1.076923 0.3076923 1.08
-1 0.3076923 1
-0.9615384 0.3076923 1
-0.8461539 0.3461539 0.96
-0.8076923 0.3461539 0.96
-0.7692308 0.3461539 0.92
-0.7307692 0.3846154 0.84
-0.6923077 0.3846154 0.76
-0.6538461 0.3846154 0.68
-0.6153846 0.3846154 0.56
-0.5769231 0.3846154 0.48
-0.5 0.3846154 0.36
-0.4615385 0.3461539 0.28
-0.4615385 0.3076923 0.16
-0.4230769 0.3461539 0.12
-0.3846154 0.3076923 0.08
-0.3461539 0.3076923 0.04
-0.3076923 0.2692308 0.04
-0.2692308 0.1923077 -0.04
-0.2307692 0.1923077 -0.08
-0.1923077 0.1923077 -0.12
-0.1153846 0.1538462 -0.2
-0.07692308 0.1538462 -0.24
-0.07692308 0.1153846 -0.28
-0.03846154 0.1153846 -0.36
0 0.07692308 -0.36
0.03846154 0.07692308 -0.36
0.07692308 0.07692308 -0.36
0.1538462 0.07692308 -0.36
0.2307692 0.07692308 -0.36
0.2692308 0.1153846 -0.4
0.3076923 0.07692308 -0.4
0.3461539 0.07692308 -0.32
0.3461539 0.03846154 -0.24
0.3846154 0 -0.16
0.4230769 0 -0.12
0.4615385 0.03846154 -0.08
0.5 0.03846154 -0.08
0.5384616 0.03846154 0.04
0.5769231 0.03846154 0.12
0.6153846 0.03846154 0.2
0.6153846 0.03846154 0.28
0.6923077 0.07692308 0.28
0.6923077 0.1153846 0.28
0.7307692 0.1923077 0.36
0.7692308 0.1923077 0.48
0.7692308 0.1923077 0.6
0.8076923 0.1923077 0.64
0.8461539 0.1923077 0.64
0.8846154 0.2692308 0.72
0.9615384 0.3461539 0.88
1 0.4230769 1.12
1.038462 0.3846154 1.28
0.9230769 0.3076923 1.32
0.8461539 0.2692308 1.28
0.8076923 0.3076923 1.28
0.8461539 0.3076923 1.28
0.9230769 0.3461539 1.28
0.9230769 0.4230769 1.36
0.8846154 0.4230769 1.44
0.8461539 0.4615385 1.48
0.7692308 0.4615385 1.56
0.7307692 0.5 1.64
0.6923077 0.5384616 1.68
0.6923077 0.5 1.64
0.6538461 0.5384616 1.56
0.5769231 0.5384616 1.48
0.5384616 0.5769231 1.48
0.4615385 0.6153846 1.52
0.3846154 0.6538461 1.64
0.3461539 0.6153846 1.68
0.2692308 0.5769231 1.6
0.1923077 0.6153846 1.56
0.1538462 0.6153846 1.56
0.1153846 0.6538461 1.6
0 0.6538461 1.68
-0.1153846 0.6153846 1.76
-0.1923077 0.5769231 1.72
-0.2692308 0.5384616 1.68
-0.3461539 0.5384616 1.64
-0.3846154 0.5769231 1.56
-0.3846154 0.5769231 1.56
-0.4615385 0.5769231 1.64
-0.6153846 0.5 1.64
-0.6153846 0.5 1.64
-0.6538461 0.4615385 1.56
-0.7307692 0.4230769 1.52
-0.7307692 0.3846154 1.44
-0.7307692 0.3461539 1.4
-0.7307692 0.3461539 1.36
-0.7307692 0.3461539 1.32
-0.6923077 0.3461539 1.28
-0.6923077 0.3461539 1.24
-0.6538461 0.3461539 1.16
-0.6153846 0.3461539 1.12
-0.5769231 0.3461539 1.12
-0.5384616 0.3461539 1.08
-0.5 0.3461539 1.12
-0.4230769 0.3461539 1.16
-0.3846154 0.3461539 1.16
-0.3076923 0.3461539 1.16
-0.2307692 0.3461539 1.08
-0.2307692 0.3846154 1.04
