1385109679540 89753993371439 469352000000 -2.145205 1.072602 9.193734
1385109679628 89754081414652 469462000000 -1.838747 1.225831 10.113108
1385109679761 89754214440775 469572000000 -2.604892 0.000000 9.346964
1385109679848 89754301721049 469682000000 -2.298434 -2.604892 4.290410
1385109679960 89754413140726 469792000000 0.153229 -3.217807 -0.766145
1385109680073 89754526910258 469902000000 11.185710 -4.903325 -1.532289
1385109680187 89754640222025 470012000000 24.363398 -4.596867 8.274362
1385109680300 89754753594828 470122000000 17.774553 -2.604892 25.435999
1385109680413 89754866143656 470232000000 20.992361 -11.185710 13.330915
1385109680522 89754975640726 470342000000 19.306843 -4.903325 4.596867
1385109680636 89755089196634 470452000000 6.895301 0.306458 -1.838747
1385109680748 89755201653910 470562000000 -1.838747 1.685518 0.766145
1385109680860 89755313683939 470672000000 -3.524265 1.838747 5.669470
1385109680949 89755402245951 470782000000 -2.758120 0.306458 8.887277
1385109681059 89755512475443 470892000000 -3.064578 0.153229 10.266337
1385109681173 89755626733256 471002000000 -2.145205 -0.306458 10.726024
1385109681284 89755737237406 471112000000 -2.604892 0.153229 8.734048
1385109681397 89755850732279 471222000000 -2.145205 0.459687 11.032481
1385109681498 89755951898050 471332000000 -1.991976 0.919373 9.959879
