1384249157245 98397807083900 1161371000000 7.661446 -3.830723 5.056554
1384249157356 98397918167884 1161481000000 7.967903 -3.217807 5.669470
1384249157466 98398028702552 1161591000000 7.048530 -1.532289 5.516241
1384249157578 98398140763099 1161701000000 12.411542 -7.201759 18.847157
1384249157690 98398251999671 1161811000000 18.540699 -13.943830 16.089035
1384249157801 98398363175208 1161921000000 13.330915 -5.822699 0.000000
1384249157912 98398474442298 1162031000000 0.459687 -1.838747 -4.903325
1384249158000 98398562027747 1162141000000 2.145205 -19.613300 3.524265
1384249158111 98398673294837 1162251000000 8.121132 6.282385 8.887277
1384249158224 98398785996253 1162361000000 2.298434 7.354988 6.435614
1384249158335 98398897202308 1162471000000 1.838747 9.346964 9.040505
1384249158440 98399002793128 1162581000000 2.451663 -6.282385 -5.516241
1384249158552 98399114456946 1162691000000 14.556746 -10.572795 8.427590
1384249158662 98399224839026 1162801000000 18.847157 -4.443638 20.379444
1384249158776 98399337967689 1162911000000 10.113108 0.459687 -0.766145
1384249158886 98399448075111 1163021000000 12.717999 -9.346964 -1.532289
1384249158997 98399559494788 1163131000000 8.887277 -10.419566 4.137181
1384249159108 98399670822913 1163241000000 7.814674 -5.822699 4.443638
1384249159220 98399782059486 1163351000000 9.346964 -4.596867 4.443638
1384249159331 98399892990882 1163461000000 8.734048 -3.371036 4.443638
1384249159441 98400003403480 1163571000000 8.274362 -3.524265 4.137181
1384249159554 98400116715247 1163681000000 5.056554 -4.290410 4.443638
1384249159671 98400233261878 1163791000000 11.185710 -7.048530 5.822699
