1385109329115 89403568902445 118922000000 -1.379060 2.451663 9.806650
1385109329230 89403683099222 119032000000 -1.379060 2.758120 9.500193
1385109329344 89403797387553 119142000000 -1.532289 2.758120 9.806650
1385109329433 89403886163187 119252000000 1.072602 4.750096 10.113108
1385109329546 89403999566507 119362000000 2.758120 6.282385 10.572795
1385109329670 89404123376322 119472000000 2.451663 2.758120 11.798626
1385109329784 89404237298441 119582000000 -1.685518 -5.975927 10.726024
1385109329873 89404326928568 119692000000 -5.363012 -3.830723 5.975927
1385109329982 89404435571146 119802000000 -3.371036 -0.306458 2.145205
1385109330099 89404552056742 119912000000 0.153229 -0.459687 0.000000
1385109330210 89404663995218 120022000000 9.959879 -4.443638 2.145205
1385109330325 89404778954935 120132000000 24.823084 -3.371036 16.242264
1385109330441 89404894372416 120242000000 14.097059 -2.758120 13.637373
1385109330555 89405008294535 120352000000 11.032481 -1.532289 5.669470
1385109330645 89405098565531 120462000000 9.959879 -1.991976 2.604892
1385109330759 89405212914896 120572000000 9.653421 -1.685518 2.298434
1385109330875 89405328362894 120682000000 9.040505 -3.217807 2.451663
1385109330982 89405435327006 120792000000 9.346964 -1.685518 3.217807
1385109331096 89405549432230 120902000000 9.653421 -1.991976 2.451663
1385109331209 89405662835550 121012000000 10.879252 -2.604892 1.838747
1385109331330 89405783257914 121122000000 9.193734 -4.750096 1.685518
