1385109385271 89459724358988 175082000000 -1.225831 2.145205 9.653421
1385109385385 89459838036967 175192000000 -1.225831 2.604892 9.806650
1385109385498 89459951684427 175302000000 1.379060 4.903325 9.653421
1385109385612 89460065331888 175412000000 3.371036 7.048530 10.113108
1385109385726 89460179162455 175522000000 3.064578 2.451663 11.032481
1385109385814 89460267877054 175632000000 0.153229 -1.685518 10.419566
1385109385930 89460383233500 175742000000 -2.604892 -4.290410 8.887277
1385109386043 89460496209574 175852000000 -3.371036 -2.298434 4.290410
1385109386156 89460609857035 175962000000 -1.072602 -0.612916 0.612916
1385109386269 89460722344828 176072000000 4.903325 -3.217807 1.379060
1385109386384 89460837426615 176182000000 16.701952 -2.911349 9.500193
1385109386496 89460949304056 176292000000 18.540699 -3.371036 15.629349
1385109386586 89461039056253 176402000000 10.113108 -3.371036 7.354988
1385109386699 89461152093363 176512000000 9.959879 -1.072602 4.290410
1385109386811 89461264977884 176622000000 9.040505 -3.217807 1.532289
1385109386930 89461383843851 176732000000 9.959879 -2.298434 2.298434
1385109387019 89461472192240 176842000000 9.500193 -2.145205 1.991976
1385109387139 89461592431498 176952000000 9.653421 -2.145205 1.838747
1385109387256 89461709527445 177062000000 9.959879 -3.217807 2.298434
1385109387368 89461822015238 177172000000 9.193734 -1.838747 2.451663
1385109387485 89461938683939 177282000000 9.500193 -2.911349 1.379060
