0 0.1923077 1.12
0 0.1923077 1.12
0 0.1923077 1.12
0 0.1923077 1.12
0 0.1923077 1.12
0 0.1923077 1.12
0 0.1923077 1.12
0 0.1923077 1.12
0 0.1923077 1.12
0 0.1923077 1.12
0 0.1923077 1.12
0 0.1923077 1.12
-0.03846154 0.1923077 1.12
-0.03846154 0.1538462 1.12
-0.07692308 0.1538462 1.16
-0.07692308 0.1538462 1.16
-0.03846154 0.1538462 1.16
-0.03846154 0.1538462 1.16
-0.03846154 0.1923077 1.16
0 0.1923077 1.16
0 0.1923077 1.24
0 0.1923077 1.32
-0.03846154 0.1923077 1.4
-0.03846154 0.1923077 1.44
-0.03846154 0.1923077 1.44
-0.03846154 0.1923077 1.36
-0.03846154 0.1538462 1.32
0 0.1923077 1.32
0 0.1923077 1.28
0 0.1538462 1.28
0 0.1153846 1.32
0 0.07692308 1.28
0 0.03846154 1.2
0 0 1.12
-0.03846154 -0.03846154 1.04
-0.03846154 -0.07692308 1
0 -0.1153846 0.92
0 -0.1538462 0.84
0 -0.1923077 0.76
-0.03846154 -0.2307692 0.72
-0.03846154 -0.2692308 0.68
-0.07692308 -0.3076923 0.64
-0.03846154 -0.3461539 0.56
-0.07692308 -0.3461539 0.56
-0.03846154 -0.3461539 0.56
0 -0.3461539 0.56
0 -0.3846154 0.56
0 -0.3846154 0.52
0 -0.3846154 0.56
0.03846154 -0.3846154 0.52
0 -0.4230769 0.52
0 -0.4615385 0.48
0 -0.4615385 0.56
0.03846154 -0.4615385 0.56
0.03846154 -0.4615385 0.6
0 -0.5 0.6
0 -0.5 0.64
0 -0.5 0.68
0 -0.5 0.68
0 -0.5 0.68
0 -0.5 0.68
0 -0.5384616 0.64
0 -0.5384616 0.64
0 -0.5384616 0.68
0 -0.5384616 0.68
0 -0.6153846 0.68
0 -0.5384616 0.68
