1384186848026 79746315590323 2246702000000 3.983952 -3.677494 9.193734
1384186848139 79746429115713 2246812000000 4.290410 -3.830723 8.580819
1384186848251 79746540321768 2246922000000 4.443638 -3.064578 10.419566
1384186848361 79746650978507 2247032000000 6.588843 -0.919373 21.298819
1384186848479 79746769142569 2247142000000 5.056554 -4.290410 11.798626
1384186848590 79746880165518 2247252000000 1.225831 -2.298434 0.306458
1384186848701 79746990913809 2247362000000 0.766145 3.830723 6.282385
1384186848813 79747102882803 2247472000000 -3.371036 5.363012 8.274362
1384186848926 79747215614737 2247582000000 -7.048530 -4.137181 5.209783
1384186849037 79747326454581 2247692000000 -7.201759 -3.217807 8.121132
1384186849123 79747412788809 2247802000000 -6.895301 -0.766145 7.354988
1384186849241 79747530922354 2247912000000 -7.354988 1.532289 6.742072
1384186849357 79747646492422 2248022000000 -6.282385 1.685518 6.742072
1384186849468 79747757790030 2248132000000 -6.129157 2.145205 7.201759
1384186849580 79747870155753 2248242000000 -6.895301 1.991976 6.742072
1384186849692 79747981483878 2248352000000 -5.975927 2.298434 7.048530
1384186849788 79748077949942 2248462000000 -6.129157 2.604892 7.354988
