1384186855384 79753673714102 2254062000000 3.524265 -3.524265 8.734048
1384186855496 79753785469473 2254172000000 3.830723 -3.524265 8.427590
1384186855607 79753896736563 2254282000000 3.983952 -1.532289 12.105083
1384186855735 79754024513663 2254392000000 4.596867 -1.379060 21.911734
1384186855827 79754116707266 2254502000000 6.435614 -5.363012 9.346964
1384186855938 79754228004874 2254612000000 0.612916 0.000000 -4.290410
1384186856049 79754339149893 2254722000000 -0.306458 4.443638 6.588843
1384186856160 79754449226798 2254832000000 -4.290410 5.056554 8.887277
1384186856271 79754561073721 2254942000000 -6.742072 -6.129157 7.048530
1384186856383 79754673012198 2255052000000 -7.201759 -5.516241 8.427590
1384186856494 79754784187735 2255162000000 -7.201759 -2.758120 7.967903
1384186856606 79754895454825 2255272000000 -7.048530 -0.153229 6.895301
1384186856717 79755006691397 2255382000000 -7.354988 0.153229 6.588843
1384186856829 79755118294180 2255492000000 -6.742072 0.306458 7.201759
1384186856940 79755229591788 2255602000000 -6.895301 -0.153229 6.895301
1384186857041 79755330574454 2255712000000 -6.895301 0.459687 6.895301
1384186857151 79755441078604 2255822000000 -7.048530 -0.153229 6.742072
