1384186060785 78959074501456 1459382000000 0.919373 0.000000 9.959879
1384186060896 78959185890616 1459492000000 1.225831 0.000000 10.113108
1384186061008 78959297310294 1459602000000 2.604892 1.838747 10.572795
1384186061120 78959409676016 1459712000000 6.129157 5.209783 10.419566
1384186061230 78959520119132 1459822000000 6.282385 -1.532289 9.040505
1384186061342 78959631447256 1459932000000 3.371036 -5.516241 9.500193
1384186061454 78959743446768 1460042000000 1.225831 -7.661446 9.653421
1384186061565 78959854835928 1460152000000 -0.153229 -3.830723 8.887277
1384186061676 78959965919913 1460262000000 -0.153229 -1.838747 9.500193
1384186061788 78960078010977 1460372000000 -0.153229 -1.072602 9.959879
1384186061878 78960167610587 1460482000000 0.000000 -0.766145 10.113108
1384186061989 78960278816641 1460592000000 1.685518 -1.991976 5.209783
1384186062100 78960389870108 1460702000000 0.153229 -0.766145 9.806650
1384186062216 78960505806387 1460812000000 0.153229 -0.766145 9.959879
