1384186074265 78972555061759 1472862000000 1.838747 -0.306458 10.419566
1384186074376 78972665443839 1472972000000 1.532289 0.306458 9.959879
1384186074488 78972777901114 1473082000000 4.443638 1.532289 10.266337
1384186074599 78972888283194 1473192000000 5.822699 3.983952 10.113108
1384186074711 78973000618399 1473302000000 5.669470 1.225831 10.419566
1384186074822 78973112099112 1473412000000 4.750096 -6.588843 9.500193
1384186074918 78973208015860 1473522000000 0.459687 -5.975927 8.274362
1384186075037 78973326637686 1473632000000 -1.072602 -1.685518 9.500193
1384186075160 78973450142325 1473742000000 -0.306458 -0.919373 10.266337
1384186075258 78973547981680 1473852000000 -0.306458 -0.306458 10.113108
1384186075369 78973659157218 1473962000000 0.153229 -0.459687 10.266337
1384186075480 78973770149649 1474072000000 0.153229 -0.612916 9.959879
1384186075594 78973883217276 1474182000000 1.072602 0.153229 10.419566
1384186075690 78973979835928 1474292000000 0.153229 -0.766145 10.113108
1384186075820 78974109810294 1474402000000 0.153229 -0.919373 9.959879
1384186075914 78974203438223 1474512000000 -0.153229 -1.225831 9.959879
1384186076025 78974314552725 1474622000000 -0.766145 -1.379060 9.806650
1384186076136 78974426155508 1474732000000 -0.612916 -2.604892 9.806650
1384186076248 78974537270010 1474842000000 0.306458 -0.459687 9.806650
1384186076360 78974649818839 1474952000000 1.225831 0.612916 10.572795
1384186076471 78974760872305 1475062000000 0.612916 -0.766145 9.959879
1384186076587 78974876381339 1475172000000 0.000000 -0.612916 9.806650
1384186076697 78974986458243 1475282000000 -0.153229 -1.072602 9.806650
1384186076808 78975097938956 1475392000000 -0.306458 -0.919373 10.266337
1384186076920 78975209419669 1475502000000 0.612916 -4.596867 8.734048
1384186077031 78975320503653 1475612000000 -0.766145 -0.766145 10.113108
1384186077142 78975432106436 1475722000000 0.612916 -0.612916 10.113108
