1384186121100 79019389931143 1519692000000 0.459687 -1.072602 10.266337
1384186121212 79019501411856 1519802000000 1.072602 -1.072602 9.806650
1384186121324 79019613533438 1519912000000 4.290410 1.838747 10.113108
1384186121435 79019724770010 1520022000000 7.661446 0.459687 11.492168
1384186121547 79019836769522 1520132000000 4.290410 -2.911349 10.726024
1384186121658 79019947395743 1520242000000 3.064578 -5.056554 7.508216
1384186121769 79020058693350 1520352000000 2.145205 -10.113108 9.806650
1384186121880 79020169746817 1520462000000 0.000000 -3.830723 9.500193
1384186121966 79020255989493 1520572000000 0.000000 -2.298434 9.346964
1384186122089 79020378609122 1520682000000 -0.459687 -1.685518 9.653421
1384186122200 79020489754141 1520792000000 -0.306458 -0.459687 10.266337
1384186122312 79020601265372 1520902000000 -0.612916 -0.306458 10.419566
1384186122423 79020712440909 1521012000000 0.306458 0.153229 10.266337
1384186122534 79020823494376 1521122000000 -2.451663 -0.919373 9.346964
