1387361533017 577817036848928 1390531000000 8.580819 -2.604892 4.137181
1387361533146 577817165907766 1390641000000 9.040505 -2.758120 4.596867
1387361533250 577817270460989 1390751000000 9.500193 -2.451663 7.967903
1387361533362 577817381606008 1390861000000 9.806650 -2.911349 9.500193
1387361533473 577817492934133 1390971000000 10.266337 -1.225831 9.806650
1387361533584 577817604079153 1391081000000 9.346964 -1.379060 9.806650
1387361533695 577817715559866 1391191000000 6.895301 -2.145205 7.814674
1387361533806 577817826491262 1391301000000 2.758120 -1.072602 5.056554
1387361533918 577817938429739 1391411000000 -1.225831 -0.153229 5.056554
1387361534031 577818050642874 1391521000000 -1.991976 -1.838747 7.661446
1387361534131 577818151503469 1391631000000 -2.758120 -2.145205 9.193734
1387361534233 577818252852346 1391741000000 -2.145205 -3.371036 11.338940
1387361534354 577818374068166 1391851000000 -1.072602 -1.991976 9.806650
1387361534466 577818485609915 1391961000000 -0.153229 -1.225831 9.193734
1387361534568 577818587752249 1392071000000 0.459687 0.000000 9.653421
1387361534686 577818705580618 1392181000000 0.919373 0.000000 10.113108
1387361534797 577818816603567 1392291000000 0.766145 2.145205 10.572795
1387361534894 577818914046194 1392401000000 0.000000 1.838747 10.419566
1387361535006 577819025679495 1392511000000 -0.459687 1.685518 10.266337
1387361535148 577819167647268 1392621000000 -0.919373 1.072602 9.959879
1387361535233 577819253523733 1392731000000 -0.153229 0.766145 9.959879
1387361535344 577819364394094 1392841000000 -1.072602 0.000000 10.572795
