1384355162552 145590954972165 869294000000 7.201759 -2.145205 6.588843
1384355162654 145591056931394 869404000000 7.508216 -2.451663 6.588843
1384355162778 145591181198972 869514000000 8.427590 -0.766145 10.726024
1384355162877 145591280014889 869624000000 13.637373 -1.379060 18.387468
1384355162980 145591383377927 869734000000 11.951855 -3.677494 14.250289
1384355163106 145591509507077 869844000000 7.201759 -4.137181 3.064578
1384355163204 145591606919186 869954000000 0.306458 0.766145 2.145205
1384355163330 145591733445065 870064000000 -2.451663 1.072602 2.604892
1384355163427 145591829880612 870174000000 -2.911349 4.290410 6.742072
1384355163551 145591953751462 870284000000 -1.225831 8.580819 9.193734
1384355163649 145592051865475 870394000000 -1.379060 5.822699 9.346964
1384355163772 145592175156491 870504000000 -0.766145 0.919373 10.266337
1384355163869 145592271927731 870614000000 -1.991976 -2.758120 10.879252
1384355163993 145592395920651 870724000000 -2.758120 -0.306458 9.193734
1384355164090 145592493210690 870834000000 -3.524265 1.685518 8.427590
1384355164213 145592616501706 870944000000 -2.604892 3.371036 9.500193
1384355164313 145592716599362 871054000000 -2.604892 3.830723 9.653421
1384355164426 145592829544919 871164000000 -2.451663 4.750096 9.346964
1384355164539 145592942154782 871274000000 -5.975927 2.758120 7.508216
1384355164637 145593039872067 871384000000 -1.991976 3.371036 8.734048
1384355164760 145593163224118 871494000000 -2.911349 3.217807 9.040505
