1384355171020 145599422654050 877754000000 7.967903 -1.991976 6.742072
1384355171130 145599532883542 877864000000 7.201759 -1.991976 6.742072
1384355171240 145599643174069 877974000000 7.354988 -0.306458 9.040505
1384355171351 145599754471677 878084000000 10.419566 0.306458 15.935806
1384355171463 145599866379636 878194000000 14.709975 0.000000 15.935806
1384355171549 145599952591794 878304000000 10.419566 -0.612916 9.806650
1384355171661 145600064591306 878414000000 2.451663 -2.298434 -2.298434
1384355171773 145600175980466 878524000000 -2.911349 3.371036 0.153229
1384355171887 145600289719480 878634000000 -1.072602 7.814674 8.427590
1384355171996 145600399552243 878744000000 -0.612916 9.500193 7.508216
1384355172108 145600511490720 878854000000 1.685518 2.911349 8.274362
1384355172232 145600635392087 878964000000 1.991976 -2.145205 12.258313
1384355172335 145600738144772 879074000000 -1.991976 -0.153229 11.798626
1384355172431 145600834427731 879184000000 -2.298434 1.838747 10.572795
1384355172553 145600956162351 879294000000 -2.451663 0.766145 9.193734
1384355172661 145601064103024 879404000000 -2.911349 3.064578 9.040505
1384355172773 145601176194089 879514000000 -2.145205 3.217807 9.040505
1384355172894 145601296738522 879624000000 -2.911349 4.596867 9.653421
1384355172997 145601399765866 879734000000 -2.911349 3.064578 8.274362
1384355173098 145601501023190 879844000000 -3.064578 4.290410 7.814674
1384355173212 145601615281003 879954000000 -2.298434 4.903325 8.887277
