1384354812054 145240456986325 518784000000 5.975927 -1.379060 8.274362
1384354812139 145240542374509 518894000000 5.822699 -1.838747 8.274362
1384354812272 145240675400632 519004000000 5.975927 -0.459687 14.709975
1384354812376 145240778916257 519114000000 12.717999 2.758120 26.202143
1384354812487 145240890274899 519224000000 14.403518 -1.379060 10.879252
1384354812607 145241009751218 519334000000 9.500193 3.524265 3.830723
1384354812694 145241096634763 519444000000 0.919373 0.000000 -4.137181
1384354812811 145241214096921 519554000000 -2.604892 -0.153229 -5.056554
1384354812922 145241325241940 519664000000 1.379060 -5.209783 0.766145
1384354813033 145241436570065 519774000000 5.363012 -9.040505 7.661446
1384354813130 145241533524411 519884000000 12.871228 -7.967903 12.564771
1384354813242 145241644760983 519994000000 17.161638 -2.758120 17.008410
1384354813355 145241757981198 520104000000 12.717999 0.766145 12.871228
1384354813470 145241872910397 520214000000 8.274362 0.919373 8.274362
1384354813581 145241983963864 520324000000 6.435614 -2.911349 6.435614
1384354813692 145242094986814 520434000000 6.129157 -2.451663 7.814674
1384354813808 145242211197751 520544000000 6.435614 -1.532289 8.427590
1384354813921 145242323777097 520654000000 4.750096 -2.604892 8.427590
1384354814013 145242416001218 520764000000 6.588843 -1.225831 7.967903
1384354814140 145242542649167 520874000000 4.137181 -2.298434 8.427590
1384354814249 145242651718991 520984000000 4.903325 -1.838747 8.887277
1384354814360 145242763291257 521094000000 4.750096 -1.685518 8.580819
1384354814472 145242874710934 521204000000 5.209783 -1.838747 8.887277
1384354814583 145242985978024 521314000000 5.209783 -1.991976 8.887277
1384354814674 145243077195065 521424000000 4.903325 -1.991976 8.274362
1384354814785 145243188462155 521534000000 5.209783 -1.991976 8.580819
1384354814897 145243300309079 521644000000 5.209783 -1.991976 8.734048
1384354815009 145243411942380 521754000000 4.903325 -2.145205 8.580819
1384354815120 145243522812741 521864000000 5.056554 -2.298434 8.427590
1384354815231 145243634171384 521974000000 4.750096 -1.685518 8.580819
