1385110056061 90130514520121 845872000000 -3.217807 4.290410 8.734048
1385110056161 90130614922953 845982000000 -3.217807 4.137181 8.274362
1385110056275 90130728997660 846092000000 -3.371036 4.596867 8.121132
1385110056397 90130850457621 846202000000 -1.838747 5.975927 9.500193
1385110056485 90130938867045 846312000000 -0.766145 8.734048 9.959879
1385110056598 90131051537943 846422000000 -0.459687 7.814674 8.274362
1385110056712 90131165337992 846532000000 -1.225831 5.363012 6.588843
1385110056824 90131277459574 846642000000 -2.604892 1.379060 5.669470
1385110056950 90131403680277 846752000000 -2.298434 -2.758120 3.677494
1385110057038 90131491265726 846862000000 -0.919373 -7.967903 4.443638
1385110057152 90131605126810 846972000000 1.838747 -11.951855 4.596867
1385110057264 90131717675638 847082000000 -0.153229 -15.476120 7.661446
1385110057377 90131830773783 847192000000 5.669470 -14.097059 5.056554
1385110057489 90131942712259 847302000000 9.500193 -9.500193 4.290410
1385110057603 90132056695414 847412000000 13.177687 -5.975927 5.363012
1385110057717 90132170098734 847522000000 14.709975 -3.371036 5.975927
1385110057804 90132257592630 847632000000 11.951855 5.975927 8.580819
1385110057918 90132371789408 847742000000 11.951855 -1.225831 8.274362
1385110058028 90132481957865 847852000000 14.250289 -1.991976 6.742072
1385110058142 90132595269633 847962000000 16.242264 -7.967903 1.532289
1385110058254 90132707513285 848072000000 11.492168 -8.887277 -0.459687
1385110058367 90132820092630 848182000000 9.806650 -8.121132 1.991976
1385110058482 90132935906839 848292000000 8.274362 -3.217807 3.983952
1385110058597 90133050286722 848402000000 8.274362 -0.612916 5.363012
1385110058711 90133164056253 848512000000 8.580819 -2.145205 5.669470
1385110058799 90133252770853 848622000000 9.040505 -1.838747 5.516241
1385110058913 90133366723490 848732000000 -12.871228 34.476505 -26.508602
1385110059027 90133480523539 848842000000 8.427590 -1.532289 5.516241
1385110059140 90133593133402 848952000000 9.193734 -2.298434 5.516241
