1385110110695 90185148950053 900512000000 -2.911349 1.685518 9.653421
1385110110809 90185262109232 900622000000 -2.451663 2.298434 9.806650
1385110110921 90185374566507 900732000000 -0.612916 4.137181 10.726024
1385110111032 90185485864115 900842000000 -0.306458 5.209783 10.879252
1385110111145 90185598626566 900952000000 0.612916 3.217807 10.879252
1385110111257 90185710961771 901062000000 0.306458 1.379060 9.959879
1385110111357 90185810723734 901172000000 0.153229 -1.072602 6.742072
1385110111470 90185923516703 901282000000 0.612916 -5.669470 2.145205
1385110111582 90186035699320 901392000000 2.298434 -10.879252 -1.225831
1385110111696 90186149835062 901502000000 1.685518 -17.927782 -4.290410
1385110111810 90186263177347 901612000000 4.443638 -16.089035 -2.911349
1385110111897 90186350701761 901722000000 11.798626 -11.951855 -0.306458
1385110112012 90186465325785 901832000000 17.161638 -6.129157 1.991976
1385110112123 90186577020121 901942000000 16.855181 -0.766145 6.895301
1385110112235 90186688989115 902052000000 11.338940 1.838747 7.354988
1385110112347 90186800775004 902162000000 11.798626 0.612916 7.354988
1385110112460 90186913445902 902272000000 15.629349 -4.903325 1.072602
1385110112576 90187029504252 902382000000 14.097059 -7.354988 -1.685518
1385110112690 90187143090677 902492000000 10.266337 -8.580819 -0.612916
1385110112787 90187240960550 902602000000 9.040505 -5.363012 2.298434
1385110112891 90187344659281 902712000000 8.580819 -3.524265 4.137181
1385110113005 90187458245707 902822000000 9.193734 -2.911349 3.983952
1385110113119 90187572442484 902932000000 9.500193 -2.451663 4.750096
1385110113232 90187685052347 903042000000 10.419566 -3.064578 3.677494
1385110113341 90187794183207 903152000000 9.653421 -1.991976 4.290410
