1384248692415 97932977036292 696521000000 -7.508216 4.443638 3.983952
1384248692544 97933106949622 696631000000 -7.661446 4.903325 4.596867
1384248692656 97933218186195 696741000000 -7.661446 4.596867 3.830723
1384248692767 97933329361732 696851000000 -6.588843 3.830723 2.604892
1384248692878 97933440415198 696961000000 -5.209783 2.145205 1.838747
1384248692964 97933526871497 697071000000 -1.532289 0.000000 3.677494
1384248693076 97933638169105 697181000000 3.064578 -2.451663 9.193734
1384248693188 97933750565345 697291000000 4.903325 -4.443638 10.726024
1384248693301 97933862961585 697401000000 6.742072 -5.516241 12.105083
1384248693412 97933974259192 697511000000 7.354988 -5.209783 10.113108
1384248693523 97934085465247 697621000000 8.734048 -5.056554 7.354988
1384248693637 97934199356849 697731000000 8.121132 -4.443638 6.282385
1384248693747 97934309403235 697841000000 8.427590 -6.129157 4.137181
1384248693858 97934420395667 697951000000 7.201759 -7.201759 3.524265
1384248693973 97934535538489 698061000000 9.959879 -4.290410 2.758120
