1384248706322 97946884568030 710421000000 -7.967903 4.137181 4.443638
1384248706445 97947007248694 710531000000 -7.814674 3.983952 4.137181
1384248706556 97947118759925 710641000000 -6.895301 3.983952 3.371036
1384248706667 97947229721839 710751000000 -5.056554 0.919373 0.919373
1384248706778 97947340592200 710861000000 -0.919373 -2.298434 1.379060
1384248706865 97947427140052 710971000000 3.830723 -3.830723 7.048530
1384248706976 97947538742835 711081000000 8.427590 -5.669470 12.411542
1384248707087 97947649826820 711191000000 9.653421 -4.290410 13.024457
1384248707200 97947762192542 711301000000 10.419566 -5.363012 9.193734
1384248707311 97947873398597 711411000000 8.734048 -3.524265 8.734048
1384248707422 97947984757240 711521000000 8.121132 -6.435614 3.830723
1384248707533 97948095902259 711631000000 7.967903 -5.056554 3.217807
1384248707645 97948207169349 711741000000 8.121132 -7.354988 5.209783
1384248707766 97948328812415 711851000000 6.282385 -5.056554 3.830723
