1384267105260 113979183712991 4154916000000 2.758120 -0.766145 9.959879
1384267105385 113979308712991 4155026000000 3.064578 -0.612916 9.653421
1384267105488 113979411007913 4155136000000 2.145205 -1.225831 9.500193
1384267105615 113979538662942 4155246000000 0.766145 -5.056554 10.419566
1384267105718 113979641110452 4155356000000 2.451663 -10.113108 10.113108
1384267105818 113979741055520 4155466000000 7.508216 -6.129157 8.427590
1384267105944 113979867306741 4155576000000 9.193734 3.830723 8.274362
1384267106046 113979969204934 4155686000000 6.588843 6.588843 8.580819
1384267106150 113980073666604 4155796000000 2.758120 1.225831 9.653421
1384267106259 113980182034524 4155906000000 2.758120 -1.072602 9.959879
1384267106378 113980301266702 4156016000000 8.887277 -2.145205 10.572795
1384267106480 113980403622659 4156126000000 2.298434 0.459687 9.959879
1384267106586 113980509945901 4156236000000 2.604892 -0.153229 9.959879
