1384510490662 35860537231141 1075593000000 2.604892 -1.838747 9.653421
1384510490756 35860630767518 1075703000000 2.451663 -2.145205 9.193734
1384510490867 35860741943055 1075813000000 6.435614 0.306458 7.814674
1384510490987 35860862548524 1075923000000 9.500193 6.129157 9.193734
1384510491088 35860962737733 1076033000000 7.201759 -4.903325 12.564771
1384510491194 35861069183045 1076143000000 2.758120 -17.468096 15.016433
1384510491319 35861194274598 1076253000000 2.604892 -8.427590 12.258313
1384510491430 35861305328065 1076363000000 6.742072 3.064578 10.419566
1384510491542 35861417113953 1076473000000 5.516241 6.435614 7.354988
1384510491630 35861504851990 1076583000000 1.991976 5.363012 5.669470
1384510491751 35861626159364 1076693000000 -0.306458 -1.225831 8.121132
1384510491863 35861738280946 1076803000000 -3.677494 -3.983952 9.959879
1384510491974 35861849487000 1076913000000 -4.137181 0.766145 9.500193
1384510492086 35861960784608 1077023000000 -3.524265 3.217807 8.887277
1384510492197 35862072387391 1077133000000 -3.217807 3.217807 8.427590
1384510492298 35862173553162 1077243000000 -4.750096 4.443638 7.048530
1384510492415 35862289733582 1077353000000 -4.290410 4.443638 9.193734
1384510492534 35862408996278 1077463000000 -3.064578 2.298434 9.500193
