-0.4230769 -0.07692308 0.68
-0.4230769 -0.03846154 0.72
-0.4230769 -0.03846154 0.72
-0.4230769 -0.03846154 0.72
-0.4230769 -0.03846154 0.72
-0.4230769 -0.03846154 0.72
-0.4230769 -0.03846154 0.72
-0.4230769 -0.03846154 0.72
-0.4230769 -0.03846154 0.72
-0.4230769 -0.03846154 0.76
-0.4230769 -0.03846154 0.76
-0.4230769 -0.03846154 0.76
-0.4230769 -0.03846154 0.76
-0.3461539 -0.03846154 0.8
-0.3461539 0 0.88
-0.3076923 0 0.96
-0.3076923 -0.03846154 1.08
-0.3461539 -0.07692308 1.28
-0.3846154 -0.07692308 1.52
-0.4230769 -0.07692308 1.76
-0.4615385 -0.03846154 2
-0.4615385 0.03846154 2.2
-0.4230769 0.1538462 2.4
-0.2692308 0.3461539 2.48
-0.03846154 0.5 2.48
0.1923077 0.6538461 2.44
0.3846154 0.7307692 2.4
0.5769231 0.7692308 2.36
0.6923077 0.8076923 2.4
0.7692308 0.8461539 2.48
0.8076923 0.8076923 2.56
0.8846154 0.8076923 2.6
0.9615384 0.7692308 2.6
1 0.7692308 2.6
1.038462 0.8076923 2.56
1.115385 0.9230769 2.48
1.153846 1.038462 2.36
1.153846 1.192308 2.2
1.230769 1.346154 1.96
1.346154 1.461538 1.76
1.461538 1.538462 1.56
1.5 1.615385 1.4
1.538462 1.653846 1.2
1.538462 1.692308 1.04
1.461538 1.692308 0.84
1.346154 1.615385 0.68
1.230769 1.538462 0.56
1.076923 1.461538 0.44
0.9615384 1.346154 0.32
0.8461539 1.269231 0.24
0.7307692 1.153846 0.08
0.6538461 1.076923 -0.08
0.5769231 1 -0.2
0.5384616 0.9230769 -0.24
0.4615385 0.8076923 -0.32
0.3846154 0.7307692 -0.4
0.3461539 0.6538461 -0.44
0.3076923 0.6153846 -0.48
0.2692308 0.5769231 -0.48
0.1923077 0.5 -0.48
0.1153846 0.4615385 -0.48
0.07692308 0.4230769 -0.52
0.03846154 0.3461539 -0.56
0 0.3076923 -0.6
-0.07692308 0.2692308 -0.6
-0.1153846 0.2692308 -0.64
-0.1538462 0.2307692 -0.64
-0.1538462 0.2307692 -0.6
-0.1538462 0.2307692 -0.56
-0.2307692 0.1923077 -0.48
-0.2692308 0.1923077 -0.48
-0.3076923 0.1153846 -0.44
-0.4230769 0.07692308 -0.4
-0.5 0 -0.36
-0.5769231 -0.03846154 -0.36
-0.6153846 -0.03846154 -0.32
-0.6538461 -0.07692308 -0.28
-0.7307692 -0.07692308 -0.24
-0.8076923 -0.07692308 -0.2
-0.8461539 -0.07692308 -0.12
-0.8846154 0 -0.04
-0.9230769 0 0.04
-1 0.03846154 0.12
-1.038462 0.07692308 0.2
-1.115385 0.07692308 0.32
-1.192308 0.07692308 0.44
-1.269231 0.1153846 0.52
-1.346154 0.1153846 0.6
-1.423077 0.1153846 0.76
-1.461538 0.1153846 0.96
-1.5 0.1153846 1.16
-1.5 0.1538462 1.4
-1.5 0.2307692 1.68
-1.423077 0.2692308 1.96
-1.384615 0.3076923 2.24
-1.269231 0.3846154 2.4
-1.115385 0.5 2.52
-0.8846154 0.5769231 2.52
-0.6538461 0.6923077 2.52
