-0.03846154 -0.3846154 0.84
-0.03846154 -0.3846154 0.84
-0.03846154 -0.3846154 0.84
-0.03846154 -0.3846154 0.84
-0.03846154 -0.3846154 0.84
-0.03846154 -0.3846154 0.84
-0.03846154 -0.3846154 0.84
-0.03846154 -0.3846154 0.84
-0.03846154 -0.3846154 0.84
-0.03846154 -0.3846154 0.84
-0.03846154 -0.3846154 0.84
-0.03846154 -0.3846154 0.84
-0.03846154 -0.3846154 0.84
-0.03846154 -0.3846154 0.92
-0.03846154 -0.3846154 0.96
-0.03846154 -0.4230769 1.04
0 -0.4615385 1.04
0 -0.4615385 1.08
0 -0.4615385 1.08
-0.03846154 -0.4615385 1.08
-0.07692308 -0.5 1.12
-0.1153846 -0.5 1.16
-0.1538462 -0.5 1.2
-0.1923077 -0.5 1.16
-0.2307692 -0.5 1.16
-0.2692308 -0.4615385 1.12
-0.3076923 -0.4230769 1.12
-0.3076923 -0.3846154 1.08
-0.3461539 -0.3846154 1.04
-0.3846154 -0.3461539 1
-0.4230769 -0.3461539 0.96
-0.4230769 -0.3846154 0.92
-0.4615385 -0.3846154 0.92
-0.5 -0.4230769 0.92
-0.4615385 -0.3846154 0.88
-0.4615385 -0.4230769 0.88
-0.4615385 -0.4230769 0.88
-0.4615385 -0.3846154 0.88
-0.4230769 -0.3846154 0.88
-0.3846154 -0.3461539 0.88
-0.3846154 -0.3461539 0.88
-0.3461539 -0.3076923 0.88
-0.3076923 -0.3076923 0.88
-0.2692308 -0.3076923 0.92
-0.2692308 -0.3076923 0.92
-0.2692308 -0.3076923 0.92
-0.2307692 -0.3076923 0.92
-0.1538462 -0.3076923 0.92
-0.07692308 -0.2692308 0.92
0 -0.2692308 0.96
0.07692308 -0.2307692 0.96
0.1538462 -0.1923077 1
0.2692308 -0.1153846 1.04
0.8076923 0.1923077 1.16
1 0.3076923 1.16
1.192308 0.3461539 1.16
1.269231 0.3461539 1.08
1.230769 0.3076923 1
1.192308 0.2692308 0.92
1.115385 0.1538462 0.88
1.076923 0.07692308 0.84
1.038462 0.03846154 0.84
1 0 0.8
0.9615384 -0.07692308 0.8
0.9230769 -0.1153846 0.76
0.8846154 -0.1538462 0.76
0.7692308 -0.2307692 0.76
0.7307692 -0.2692308 0.8
0.6538461 -0.3076923 0.8
0.6153846 -0.3076923 0.84
0.5769231 -0.3461539 0.84
0.5384616 -0.3461539 0.84
0.5 -0.3461539 0.84
0.4615385 -0.3461539 0.84
0.4230769 -0.3461539 0.84
0.3846154 -0.3846154 0.84
0.3461539 -0.3846154 0.84
0.3461539 -0.3846154 0.84
0.3461539 -0.3846154 0.84
0.2692308 -0.3846154 0.84
0.2692308 -0.3846154 0.8
0.2307692 -0.3846154 0.84
0.2307692 -0.3846154 0.8
0.2307692 -0.3846154 0.8
0.2307692 -0.3846154 0.8
0.2307692 -0.3461539 0.8
0.1923077 -0.3461539 0.8
0.1923077 -0.3461539 0.76
0.2307692 -0.3461539 0.8
0.1923077 -0.3461539 0.8
0.1923077 -0.3461539 0.8
0.1923077 -0.3461539 0.84
0.1538462 -0.3076923 0.88
0.1923077 -0.3461539 0.88
0.1538462 -0.3076923 0.88
0.1538462 -0.3461539 0.88
