0.03846154 -0.3076923 1.16
0.03846154 -0.3076923 1.16
0.03846154 -0.3076923 1.16
0.03846154 -0.3076923 1.16
0.03846154 -0.3076923 1.16
0.03846154 -0.3076923 1.16
0.03846154 -0.3076923 1.12
0.03846154 -0.3076923 1.12
0.03846154 -0.3076923 1.12
0.03846154 -0.3076923 1.12
0.03846154 -0.3076923 1.12
0.03846154 -0.3076923 1.12
0.03846154 -0.3076923 1.12
0.03846154 -0.3076923 1.16
0 -0.3461539 1.16
-0.03846154 -0.3461539 1.16
-0.07692308 -0.3846154 1.16
-0.1538462 -0.4230769 1.12
-0.2307692 -0.4230769 1.16
-0.2692308 -0.4230769 1.12
-0.3461539 -0.4615385 1.12
-0.4230769 -0.4615385 1.12
-0.4615385 -0.4615385 1.12
-0.4615385 -0.4615385 1.08
-0.5 -0.4230769 1.04
-0.4615385 -0.4230769 1.04
-0.4615385 -0.3846154 1.04
-0.4615385 -0.3461539 1
-0.4230769 -0.3076923 1
-0.4230769 -0.3076923 1
-0.4230769 -0.2692308 1
-0.4230769 -0.2692308 1
-0.4230769 -0.2692308 1.04
-0.4230769 -0.2307692 1.04
-0.3846154 -0.2307692 1
-0.3846154 -0.2307692 1
-0.3461539 -0.1923077 1
-0.3076923 -0.1923077 1
-0.3076923 -0.1923077 1
-0.2692308 -0.1538462 1.04
-0.2307692 -0.1153846 1
-0.1923077 -0.1153846 1
-0.1538462 -0.07692308 1
-0.1153846 -0.07692308 1
-0.07692308 -0.07692308 1
-0.03846154 -0.03846154 1
0 -0.03846154 1.04
0.03846154 -0.03846154 1.04
0.1538462 0 0.96
0.2692308 0.03846154 0.92
0.3846154 0.07692308 0.92
0.5384616 0.1153846 0.92
0.6538461 0.1538462 0.88
0.7307692 0.1538462 0.92
0.8076923 0.1923077 0.92
0.8846154 0.1923077 0.92
0.9230769 0.1538462 0.96
1 0.1538462 0.96
1 0.1538462 1
1 0.1153846 1
1 0.1153846 0.96
1 0.07692308 0.92
1 0.03846154 0.84
0.9615384 0 0.84
0.9615384 -0.03846154 0.8
0.9230769 -0.07692308 0.8
0.8846154 -0.1153846 0.76
0.8461539 -0.1538462 0.76
0.8461539 -0.1923077 0.72
0.7692308 -0.2307692 0.76
0.7307692 -0.2692308 0.8
0.6538461 -0.2692308 0.8
0.5769231 -0.3076923 0.8
0.5384616 -0.3076923 0.8
0.5384616 -0.3076923 0.8
0.5 -0.3076923 0.8
0.5 -0.3461539 0.84
0.4615385 -0.3461539 0.88
0.4230769 -0.3461539 0.84
0.3846154 -0.3461539 0.8
0.3846154 -0.3461539 0.8
0.3461539 -0.3461539 0.8
0.3461539 -0.3076923 0.8
0.3846154 -0.2692308 0.8
0.3846154 -0.2692308 0.84
0.3461539 -0.2692308 0.84
0.3076923 -0.2307692 0.8
0.3076923 -0.2307692 0.72
0.2692308 -0.2307692 0.72
