0.2692308 -0.07692308 0.32
0.2692308 -0.07692308 0.32
0.2692308 -0.07692308 0.32
0.2692308 -0.07692308 0.32
0.2692308 -0.07692308 0.32
0.2692308 -0.07692308 0.32
0.3076923 0 0.4
0.3076923 0 0.4
0.3076923 0 0.4
0.3076923 0 0.4
0.3076923 0 0.4
0.3461539 0.07692308 0.48
0.4615385 0.1923077 0.56
0.5384616 0.2307692 0.64
0.6153846 0.2307692 0.68
0.6538461 0.2307692 0.76
0.6923077 0.1923077 0.76
0.6538461 0.1538462 0.76
0.6153846 0.07692308 0.76
0.6153846 0.07692308 0.76
0.6153846 0.03846154 0.72
0.6538461 0.03846154 0.72
0.6538461 0 0.72
0.6923077 0.03846154 0.72
0.7307692 0.03846154 0.76
0.7307692 0.03846154 0.72
0.7692308 0.03846154 0.72
0.7692308 0.07692308 0.68
0.8076923 0.07692308 0.68
0.8461539 0.07692308 0.68
0.8846154 0.07692308 0.72
0.8846154 0.07692308 0.72
0.9230769 0.1153846 0.72
0.9615384 0.1153846 0.72
1.038462 0.1538462 0.72
1.038462 0.1923077 0.68
1.038462 0.1923077 0.68
1.038462 0.2307692 0.64
1 0.2692308 0.6
0.9615384 0.2692308 0.64
0.9230769 0.2692308 0.72
0.8846154 0.2692308 0.76
0.8461539 0.2692308 0.8
0.8461539 0.2692308 0.8
0.8076923 0.3076923 0.84
0.7692308 0.3461539 0.88
0.7307692 0.3461539 0.92
0.6538461 0.3461539 0.92
0.5769231 0.3846154 0.92
0.5 0.4230769 0.88
0.4615385 0.4615385 0.88
0.3846154 0.5 0.84
0.3461539 0.5384616 0.84
0.1923077 0.5 0.84
-0.03846154 0.4615385 0.96
-0.1538462 0.4615385 1.04
-0.2307692 0.4615385 1.08
-0.2692308 0.4615385 1.12
-0.3076923 0.4615385 1.16
-0.4230769 0.4615385 1.24
-0.5384616 0.4230769 1.28
-0.6538461 0.3461539 1.28
-0.7307692 0.2307692 1.2
-0.8846154 0.1538462 1.16
-1 0.07692308 1.12
-1.038462 0.03846154 1.08
-1.038462 0 1.04
-1 0 1.04
-1 0 1.04
-0.9615384 0 1.04
-0.9615384 0 1.08
-0.9615384 -0.03846154 1.04
-0.9615384 -0.07692308 1.04
-0.9615384 -0.07692308 1.04
-0.9230769 -0.1153846 1.04
-0.8846154 -0.07692308 1
-0.8076923 -0.03846154 0.96
-0.7692308 -0.03846154 0.96
-0.6923077 -0.03846154 0.92
-0.6538461 -0.07692308 0.88
-0.6153846 -0.1153846 0.88
-0.6153846 -0.1538462 0.88
-0.6538461 -0.1923077 0.84
-0.6538461 -0.2307692 0.84
-0.6538461 -0.2307692 0.8
-0.6538461 -0.2307692 0.8
-0.6153846 -0.1923077 0.84
-0.5384616 -0.1538462 0.84
-0.5 -0.1538462 0.92
-0.4615385 -0.1153846 1
