0.1538462 0.1153846 0.36
0.1538462 0.1153846 0.36
0.1538462 0.1153846 0.36
0.1538462 0.1153846 0.36
0.1538462 0.1153846 0.36
0.1538462 0.1153846 0.36
0.1538462 0.1153846 0.36
0.1538462 0.1153846 0.36
0.1923077 0.1538462 0.36
0.1923077 0.1538462 0.36
0.1923077 0.1538462 0.36
0.2307692 0.1538462 0.36
0.2692308 0.1923077 0.4
0.3076923 0.2307692 0.44
0.3461539 0.2692308 0.56
0.3461539 0.3076923 0.68
0.3461539 0.3076923 0.8
0.3076923 0.3461539 0.92
0.2307692 0.3076923 1.08
0.1153846 0.2692308 1.28
0.03846154 0.2307692 1.44
-0.07692308 0.1923077 1.64
-0.1538462 0.1923077 1.8
-0.2307692 0.1923077 1.96
-0.3076923 0.1538462 2.08
-0.4615385 0.07692308 2.2
-0.5769231 0.07692308 2.24
-0.6923077 0.03846154 2.32
-0.8076923 0.07692308 2.4
-0.9230769 0.03846154 2.4
-1.038462 0.03846154 2.4
-1.192308 0.03846154 2.36
-1.307692 0.03846154 2.28
-1.384615 0.03846154 2.16
-1.461538 0.07692308 2.04
-1.5 0.1538462 1.92
-1.538462 0.1538462 1.8
-1.576923 0.1538462 1.64
-1.653846 0.1923077 1.56
-1.730769 0.1923077 1.44
-1.769231 0.1923077 1.36
-1.769231 0.1923077 1.24
-1.769231 0.2307692 1.16
-1.692308 0.3076923 1.04
-1.615385 0.3461539 0.92
-1.538462 0.3846154 0.8
-1.5 0.3846154 0.68
-1.423077 0.3846154 0.52
-1.346154 0.3461539 0.4
-1.307692 0.3461539 0.28
-1.230769 0.3461539 0.16
-1.192308 0.3461539 0.08
-1.115385 0.3076923 0
-1.038462 0.3076923 -0.04
-0.9615384 0.3076923 -0.08
-0.8846154 0.3461539 -0.08
-0.7692308 0.3461539 -0.16
-0.6538461 0.3461539 -0.2
-0.5769231 0.3076923 -0.28
-0.5 0.2692308 -0.32
-0.4615385 0.2692308 -0.36
-0.4230769 0.2307692 -0.44
-0.3461539 0.1923077 -0.48
-0.2692308 0.1923077 -0.52
-0.1923077 0.1923077 -0.56
-0.07692308 0.2307692 -0.56
0.03846154 0.2692308 -0.56
0.1538462 0.3076923 -0.56
0.2307692 0.2692308 -0.52
0.2692308 0.2692308 -0.52
0.2307692 0.2307692 -0.52
0.1923077 0.1923077 -0.48
0.1923077 0.1923077 -0.48
0.1923077 0.1923077 -0.44
0.2307692 0.1923077 -0.44
0.2692308 0.1923077 -0.4
0.3076923 0.2307692 -0.36
0.3846154 0.2692308 -0.24
0.4230769 0.3461539 -0.2
0.4615385 0.4230769 -0.04
0.5384616 0.5 0.12
0.5384616 0.5384616 0.32
0.5384616 0.6153846 0.56
0.5 0.6923077 0.76
0.3846154 0.7307692 1
0.3461539 0.7692308 1.24
0.2307692 0.8076923 1.48
0.1538462 0.8461539 1.72
0.1153846 0.8461539 1.92
0.03846154 0.8076923 2.08
-0.07692308 0.8461539 2.2
-0.1923077 0.8076923 2.32
-0.3461539 0.7692308 2.4
-0.8461539 0.4615385 2.48
-0.8461539 0.4615385 2.48
-0.9230769 0.3461539 2.48
-1 0.3076923 2.4
-1 0.2692308 2.36
-1.038462 0.2692308 2.32
-1.115385 0.2692308 2.28
-1.115385 0.3076923 2.24
-1.153846 0.3076923 2.08
-1.153846 0.3076923 1.96
-1.153846 0.3461539 1.92
-1.192308 0.3076923 1.92
-1.230769 0.2692308 1.88
