0.1538462 -0.07692308 1.24
0.1538462 -0.07692308 1.24
0.1538462 -0.07692308 1.24
0.1538462 -0.07692308 1.24
0.1538462 -0.07692308 1.24
0.1538462 -0.07692308 1.24
0.1538462 -0.07692308 1.24
0.1538462 -0.07692308 1.24
0.1538462 -0.07692308 1.24
0.1923077 -0.07692308 1.28
0.1923077 -0.07692308 1.28
0.1923077 -0.07692308 1.28
0.1923077 -0.07692308 1.32
0.2307692 -0.07692308 1.4
0.2692308 -0.07692308 1.52
0.3076923 -0.07692308 1.72
0.3076923 -0.07692308 1.88
0.3076923 -0.07692308 2.08
0.2692308 -0.1153846 2.24
0.2307692 -0.07692308 2.4
0.2692308 -0.07692308 2.4
0.3461539 0 2.36
0.4230769 0.07692308 2.24
0.5 0.1923077 2.08
0.4615385 0.2307692 2.08
0.4230769 0.2692308 2.12
0.3846154 0.3076923 2.08
0.3846154 0.3461539 2.08
0.3846154 0.3461539 1.96
0.3461539 0.3846154 1.84
0.3076923 0.3846154 1.68
0.2307692 0.3846154 1.52
0.1923077 0.3846154 1.4
0.1153846 0.3846154 1.28
0.1153846 0.3461539 1.16
0.03846154 0.3076923 1.04
0.03846154 0.3076923 1
0.07692308 0.3076923 0.88
0.07692308 0.3076923 0.76
0.03846154 0.2692308 0.64
0 0.2692308 0.52
-0.03846154 0.1923077 0.44
-0.03846154 0.1923077 0.32
-0.03846154 0.1538462 0.2
-0.07692308 0.1153846 0.12
-0.03846154 0.03846154 0.04
-0.03846154 0 -0.04
-0.03846154 0 -0.08
0 -0.03846154 -0.12
0 -0.07692308 -0.16
0 -0.07692308 -0.2
0.03846154 -0.1153846 -0.2
0.03846154 -0.1538462 -0.24
0.03846154 -0.1923077 -0.28
0.03846154 -0.1923077 -0.28
0.03846154 -0.2307692 -0.28
0.03846154 -0.2692308 -0.32
0.03846154 -0.3076923 -0.4
0 -0.3461539 -0.48
0.03846154 -0.3846154 -0.56
0 -0.4230769 -0.56
0.03846154 -0.4230769 -0.56
0 -0.4230769 -0.56
0.03846154 -0.4615385 -0.6
0 -0.5 -0.64
