1384249276800 98517362534339 1280941000000 7.508216 -4.903325 4.137181
1384249276912 98517474320228 1281051000000 8.121132 -4.290410 4.290410
1384249277024 98517586350257 1281161000000 8.121132 -4.903325 4.596867
1384249277135 98517697403724 1281271000000 8.887277 -3.983952 7.354988
1384249277250 98517812149817 1281381000000 20.379444 -12.717999 23.597252
1384249277362 98517924759681 1281491000000 21.298819 -13.484144 6.129157
1384249277473 98518034928138 1281601000000 5.209783 -4.596867 -6.435614
1384249277584 98518146897132 1281711000000 -1.685518 2.145205 0.000000
1384249277695 98518257248694 1281821000000 -2.145205 10.879252 10.266337
1384249277806 98518368546302 1281931000000 -3.830723 4.903325 6.742072
1384249277917 98518479660804 1282041000000 -3.830723 -8.427590 8.121132
1384249278028 98518590897376 1282151000000 -7.048530 -1.379060 7.354988
1384249278140 98518702194983 1282261000000 -7.048530 0.766145 7.201759
1384249278251 98518813553626 1282371000000 -8.121132 1.685518 5.822699
1384249278362 98518924729163 1282481000000 -7.354988 1.072602 5.975927
1384249278474 98519036240394 1282591000000 -12.871228 13.177687 3.983952
1384249278576 98519138321692 1282701000000 -8.121132 0.919373 6.435614
