1385109799026 89873479791117 588832000000 8.580819 -2.604892 5.209783
1385109799117 89873570733500 588942000000 8.734048 -2.604892 5.056554
1385109799230 89873683495951 589052000000 12.717999 1.072602 7.967903
1385109799347 89873800683451 589162000000 24.976313 4.137181 21.298819
1385109799457 89873910729838 589272000000 23.750481 -11.492168 10.113108
1385109799565 89874018395853 589382000000 12.871228 -8.734048 -3.677494
1385109799678 89874131402445 589492000000 -3.677494 2.604892 -13.790602
1385109799791 89874244348002 589602000000 -0.766145 2.451663 -7.814674
1385109799880 89874333367777 589712000000 7.508216 -2.298434 -3.217807
1385109799990 89874443749857 589822000000 23.750481 -13.943830 11.645397
1385109800103 89874556878519 589932000000 22.677879 -8.121132 19.153614
1385109800217 89874670587015 590042000000 14.250289 14.403518 28.194118
1385109800331 89874784600687 590152000000 8.427590 -3.677494 -0.153229
1385109800448 89874901360941 590262000000 9.193734 -3.064578 3.064578
1385109800558 89875011681986 590372000000 9.806650 -4.137181 3.064578
1385109800673 89875126092387 590482000000 9.193734 -2.298434 2.604892
1385109800763 89875217004252 590592000000 9.500193 -2.758120 3.830723
1385109800882 89875335778666 590702000000 8.580819 -3.064578 2.145205
1385109800987 89875440545511 590812000000 9.653421 -1.991976 2.604892
