1384187234421 80132710365713 2633082000000 -5.209783 2.145205 8.580819
1384187234531 80132821175040 2633192000000 -5.209783 2.298434 8.274362
1384187234643 80132932259024 2633302000000 -3.983952 1.838747 7.048530
1384187234754 80133043617667 2633412000000 -0.306458 1.072602 3.524265
1384187234863 80133152382315 2633522000000 1.072602 -0.612916 1.685518
1384187234974 80133263527335 2633632000000 3.830723 -2.758120 13.330915
1384187235085 80133374702872 2633742000000 9.346964 -6.129157 24.823084
1384187235197 80133486214102 2633852000000 8.274362 -1.379060 16.089035
1384187235308 80133597389639 2633962000000 6.435614 -5.822699 14.097059
1384187235419 80133708443106 2634072000000 0.766145 -4.443638 3.677494
1384187235505 80133794807852 2634182000000 -3.217807 -1.225831 0.612916
1384187235616 80133906135977 2634292000000 -5.669470 -1.379060 4.137181
1384187235728 80134017433585 2634402000000 -7.354988 -0.919373 6.282385
1384187235839 80134128334464 2634512000000 -7.048530 -0.306458 6.895301
1384187235950 80134239845694 2634622000000 -7.201759 -1.225831 7.048530
1384187236063 80134352364005 2634732000000 -7.814674 -0.766145 7.661446
1384187236174 80134463539542 2634842000000 -7.201759 -0.459687 7.201759
