1387382989207 599273227461721 1866206000000 1.072602 -2.145205 9.346964
1387382989319 599273338576223 1866316000000 1.072602 -3.371036 9.346964
1387382989430 599273449812795 1866426000000 2.604892 -7.967903 8.427590
1387382989516 599273536299612 1866536000000 3.677494 -6.895301 8.274362
1387382989627 599273647536184 1866646000000 5.056554 2.604892 10.879252
1387382989735 599273755110647 1866756000000 3.217807 2.298434 10.266337
1387382989846 599273866042043 1866866000000 1.532289 -1.225831 9.959879
1387382989957 599273977309133 1866976000000 1.072602 -2.145205 10.266337
1387382990069 599274088698293 1867086000000 1.532289 -1.532289 10.113108
1387382990177 599274197554495 1867196000000 0.919373 -1.838747 9.806650
1387382990300 599274319777395 1867306000000 1.072602 -2.604892 9.040505
1387382990412 599274431685354 1867416000000 0.153229 -0.919373 9.959879
1387382990513 599274532637503 1867526000000 0.306458 -0.612916 10.572795
1387382990629 599274648848440 1867636000000 0.459687 -1.532289 9.806650
