0.2692308 0.03846154 0.96
0.2692308 0.03846154 0.96
0.2692308 0.03846154 0.96
0.2692308 0.03846154 0.96
0.2692308 0.03846154 0.96
0.2692308 0.03846154 0.96
0.3076923 0.03846154 0.96
0.3076923 0.03846154 0.96
0.3076923 0.03846154 0.96
0.3076923 0.03846154 0.96
0.3076923 0.03846154 0.96
0.3076923 0.03846154 0.96
0.3076923 0.03846154 0.96
0.3076923 0.03846154 0.96
0.3076923 0.03846154 0.96
0.3076923 0.07692308 0.96
0.3461539 0.07692308 0.96
0.3461539 0.07692308 0.96
0.3461539 0.07692308 1
0.3076923 0.07692308 1
0.2692308 0.03846154 0.96
0.2307692 0.03846154 0.96
0.1923077 0.03846154 1
0.1923077 0 1
0.1923077 0.03846154 0.96
0.2307692 0.03846154 1
0.2692308 0.03846154 1
0.2692308 0.07692308 1.04
0.2307692 0.03846154 1.04
0.1923077 0.03846154 1.04
0.1538462 0.03846154 1.04
0.1538462 0.03846154 1.08
0.1538462 0.03846154 1.04
0.2307692 0.03846154 1.04
0.1538462 0.07692308 1
0.1923077 0.07692308 1.04
0.1923077 0.1153846 1.08
0.2307692 0.1538462 1.04
0.1923077 0.1153846 1.04
0.1538462 0.1153846 1.04
0.07692308 0.1153846 1.04
0.07692308 0.07692308 1.04
0.03846154 0.07692308 1.04
0.07692308 0.07692308 1.08
0.03846154 0.07692308 1.08
0.07692308 0.1153846 1.08
0.07692308 0.1153846 1.08
0.07692308 0.1153846 1.08
0.07692308 0.1153846 1.04
0.03846154 0.1153846 1.04
0.03846154 0.1153846 1
0 0.07692308 0.96
-0.03846154 0.07692308 0.96
-0.03846154 0.07692308 1
-0.07692308 0.03846154 1.04
-0.07692308 0 1
-0.03846154 0 1
0 0 0.96
0 0 0.96
0.03846154 0.03846154 0.96
0.03846154 0.03846154 0.96
0.03846154 0.07692308 0.96
0.03846154 0.03846154 0.96
0 0 1
-0.03846154 0 1
-0.07692308 0 1
-0.07692308 0 1
-0.07692308 0 0.96
-0.03846154 0.03846154 1
-0.07692308 0.07692308 1
-0.07692308 0.07692308 1
-0.1153846 0.03846154 1
-0.1153846 0.03846154 1
-0.1153846 0.03846154 1
-0.1153846 0.03846154 1
-0.1153846 0.03846154 0.96
-0.1153846 0.07692308 0.96
-0.1538462 0.03846154 1
-0.1923077 0.03846154 1
-0.1538462 0.03846154 1
-0.1538462 0.03846154 1
-0.1153846 0.03846154 0.96
-0.1153846 0.03846154 0.96
-0.1153846 0.03846154 0.96
-0.1153846 0.07692308 0.96
-0.1538462 0.07692308 1
-0.1538462 0.03846154 1.04
-0.2307692 0.03846154 1.08
-0.2307692 0 1.08
-0.2692308 0.03846154 1.08
-0.2692308 0.03846154 1.12
-0.3076923 0.03846154 1.2
-0.2692308 0.07692308 1.2
-0.2692308 0.07692308 1.2
-0.2307692 0.1153846 1.2
