0.1923077 0.7307692 1.56
0.1923077 0.7307692 1.56
0.1923077 0.7307692 1.56
0.1923077 0.7307692 1.56
0.1923077 0.7307692 1.56
0.1923077 0.7307692 1.56
0.1923077 0.7307692 1.56
0.1923077 0.7307692 1.56
0.1923077 0.7307692 1.56
0.1923077 0.7307692 1.56
0.1923077 0.7307692 1.56
0.1923077 0.7307692 1.56
0.1923077 0.7307692 1.56
0.3461539 0.8076923 1.56
0.4230769 0.8846154 1.52
0.4230769 0.8846154 1.52
0.5 0.9230769 1.48
0.5 0.8846154 1.4
0.4230769 0.8461539 1.36
0.3461539 0.7692308 1.32
0.2307692 0.6538461 1.32
0.1538462 0.6153846 1.28
0.1538462 0.5384616 1.24
0.1538462 0.5 1.2
0.1923077 0.4615385 1.16
0.2307692 0.4615385 1.12
0.2692308 0.4230769 1.08
0.2692308 0.4230769 1
0.2692308 0.3846154 0.96
0.2692308 0.3461539 0.92
0.2307692 0.3076923 0.84
0.2307692 0.2692308 0.8
0.2692308 0.1923077 0.72
0.2307692 0.1538462 0.68
0.2307692 0.1153846 0.64
0.1923077 0.03846154 0.6
0.1538462 0 0.56
0.1153846 -0.03846154 0.56
0.07692308 -0.07692308 0.56
0.07692308 -0.1153846 0.56
0.1153846 -0.1153846 0.52
0.1538462 -0.1538462 0.52
0.1538462 -0.1538462 0.48
0.1538462 -0.1538462 0.44
0.1923077 -0.1923077 0.4
0.1538462 -0.1923077 0.36
0.1538462 -0.2307692 0.28
0.1153846 -0.2692308 0.24
0.07692308 -0.3461539 0.2
0.03846154 -0.3846154 0.16
0 -0.4230769 0.16
0 -0.5 0.12
-0.03846154 -0.5 0.12
-0.1153846 -0.5769231 0.12
-0.1538462 -0.6153846 0.12
-0.1923077 -0.6538461 0.16
-0.2307692 -0.6923077 0.2
-0.2692308 -0.6538461 0.28
-0.2692308 -0.6923077 0.24
-0.2307692 -0.6923077 0.16
-0.1923077 -0.6153846 0.08
