0.1153846 0.6538461 1.28
0.1153846 0.6538461 1.28
0.1153846 0.6538461 1.28
0.1153846 0.6538461 1.28
0.1153846 0.6538461 1.28
0.1538462 0.6923077 1.32
0.1538462 0.6923077 1.32
0.1538462 0.6923077 1.32
0.1923077 0.6923077 1.36
0.1923077 0.6923077 1.36
0.1923077 0.6923077 1.36
0.1923077 0.6923077 1.36
0.1923077 0.6923077 1.36
0.1923077 0.6923077 1.36
0.1923077 0.7307692 1.36
0.1923077 0.7307692 1.4
0.2307692 0.7692308 1.4
0.2307692 0.7692308 1.44
0.2307692 0.7692308 1.44
0.2307692 0.7692308 1.48
0.2692308 0.7692308 1.48
0.2307692 0.7692308 1.48
0.2307692 0.7307692 1.44
0.2307692 0.7307692 1.36
0.2307692 0.7307692 1.32
0.2307692 0.6923077 1.32
0.2692308 0.6538461 1.28
0.2307692 0.6538461 1.24
0.2692308 0.6538461 1.2
0.2692308 0.6153846 1.16
0.2692308 0.5769231 1.16
0.2307692 0.5384616 1.12
0.2307692 0.5 1.08
0.1923077 0.4615385 1
0.1923077 0.4230769 0.96
0.1538462 0.3461539 0.92
0.1153846 0.2692308 0.84
0.1153846 0.2307692 0.84
0.1153846 0.1923077 0.72
0.07692308 0.1538462 0.64
0.1153846 0.1153846 0.6
0.1538462 0.1153846 0.6
0.1538462 0.1153846 0.56
0.1153846 0.07692308 0.48
0.1153846 0.03846154 0.44
0.1153846 0 0.48
0.1538462 -0.03846154 0.44
0.1538462 -0.03846154 0.44
0.1538462 -0.07692308 0.44
0.1538462 -0.1153846 0.44
0.1153846 -0.1538462 0.44
0.07692308 -0.1538462 0.44
0.07692308 -0.2307692 0.4
0.03846154 -0.2307692 0.36
0.03846154 -0.2692308 0.36
0 -0.3076923 0.36
0 -0.3461539 0.4
0 -0.3461539 0.4
0 -0.3461539 0.4
0 -0.3846154 0.4
0 -0.4230769 0.36
0 -0.4230769 0.32
-0.07692308 -0.4230769 0.32
-0.1153846 -0.5 0.36
-0.1538462 -0.5 0.4
-0.1538462 -0.5 0.48
-0.1538462 -0.5 0.52
-0.1153846 -0.5 0.52
-0.1153846 -0.4615385 0.52
-0.1153846 -0.4615385 0.52
-0.07692308 -0.4230769 0.52
-0.07692308 -0.4230769 0.6
-0.03846154 -0.3846154 0.6
