0.07692308 -0.5 0.36
0.07692308 -0.5 0.36
0.07692308 -0.5 0.36
0.07692308 -0.5 0.36
0.07692308 -0.5 0.36
0.07692308 -0.5 0.36
0.07692308 -0.5 0.36
0 -0.5384616 0.4
-0.07692308 -0.5769231 0.32
-0.07692308 -0.5769231 0.32
-0.07692308 -0.5769231 0.32
-0.07692308 -0.5769231 0.32
-0.1153846 -0.6153846 0.24
-0.1153846 -0.6153846 0.24
-0.1153846 -0.6153846 0.24
-0.1153846 -0.6153846 0.24
-0.1538462 -0.6153846 0.24
-0.1538462 -0.5769231 0.24
-0.07692308 -0.4615385 0.36
0.03846154 -0.3076923 0.56
0.1153846 -0.2307692 0.68
0.07692308 -0.1923077 0.76
0.03846154 -0.1923077 0.8
-0.03846154 -0.1538462 0.8
-0.03846154 -0.07692308 0.8
-0.03846154 -0.03846154 0.84
0 0.03846154 0.84
0 0.07692308 0.84
-0.03846154 0.1538462 0.92
-0.03846154 0.1923077 1
-0.07692308 0.2307692 1.04
-0.03846154 0.2692308 1.08
0 0.3461539 1.16
0.03846154 0.3846154 1.2
0.07692308 0.4230769 1.24
0.07692308 0.4615385 1.24
0.1153846 0.5 1.2
0.07692308 0.5 1.16
0.03846154 0.5 1.16
0 0.5 1.12
-0.03846154 0.5 1.08
-0.03846154 0.5 1.04
-0.03846154 0.5384616 1
0 0.5769231 1.04
0.03846154 0.6153846 1.12
0.07692308 0.6538461 1.12
0.07692308 0.6923077 1.12
0.07692308 0.6923077 1.12
0.07692308 0.7307692 1.08
0.1153846 0.7692308 1.12
0.1538462 0.7692308 1.08
0.1538462 0.7692308 1.04
0.1538462 0.7692308 1
0.1153846 0.7307692 1
0.07692308 0.7307692 1
0 0.7307692 1.04
0 0.7307692 1.12
0 0.8076923 1.2
0.03846154 0.8461539 1.2
0.07692308 0.8846154 1.2
0.07692308 0.8846154 1.2
0.07692308 0.8846154 1.24
0.03846154 0.8461539 1.28
0.03846154 0.8846154 1.32
0.07692308 0.8461539 1.28
0.07692308 0.8461539 1.24
0.03846154 0.8076923 1.16
0 0.7692308 1.12
0 0.7307692 1.12
-0.03846154 0.6923077 1.08
-0.03846154 0.6923077 1.04
-0.07692308 0.6923077 1
-0.07692308 0.6538461 1
-0.07692308 0.6538461 1
-0.07692308 0.6153846 0.96
-0.07692308 0.6538461 0.96
-0.03846154 0.6538461 1
-0.07692308 0.6538461 1
-0.07692308 0.6538461 1
-0.07692308 0.6153846 1
-0.07692308 0.6153846 1
-0.07692308 0.6153846 0.96
