0 0.3846154 1.52
0 0.3846154 1.52
0 0.3846154 1.52
0 0.4230769 1.6
0 0.4230769 1.6
0 0.4230769 1.6
0 0.4230769 1.6
-0.07692308 0.4615385 1.64
-0.07692308 0.4615385 1.64
-0.07692308 0.4615385 1.64
-0.07692308 0.4615385 1.64
-0.07692308 0.4615385 1.64
-0.07692308 0.4615385 1.64
-0.07692308 0.4615385 1.64
-0.07692308 0.4615385 1.64
-0.07692308 0.4615385 1.68
-0.1538462 0.4230769 1.72
-0.2307692 0.4230769 1.76
-0.3076923 0.3846154 1.8
-0.3461539 0.3846154 1.8
-0.3461539 0.3846154 1.8
-0.3461539 0.4230769 1.8
-0.3076923 0.4230769 1.76
-0.2692308 0.4230769 1.68
-0.2692308 0.4230769 1.6
-0.2692308 0.4230769 1.56
-0.2692308 0.3846154 1.6
-0.2692308 0.4230769 1.6
-0.2692308 0.4230769 1.52
-0.2692308 0.4230769 1.48
-0.3076923 0.4230769 1.36
-0.3461539 0.3846154 1.28
-0.3846154 0.3461539 1.32
-0.4230769 0.3461539 1.36
-0.4615385 0.3461539 1.32
-0.4615385 0.3076923 1.28
-0.4615385 0.3076923 1.24
-0.4230769 0.3461539 1
-0.4230769 0.3076923 0.84
-0.4230769 0.2307692 0.76
-0.4230769 0.1538462 0.72
-0.3846154 0.1153846 0.68
-0.3846154 0.07692308 0.64
-0.3846154 0.03846154 0.6
-0.3461539 0.03846154 0.52
-0.3076923 0.03846154 0.52
-0.2692308 0 0.48
-0.1923077 0 0.44
-0.1153846 0 0.4
-0.07692308 -0.03846154 0.4
-0.03846154 -0.03846154 0.32
0 -0.07692308 0.16
0.03846154 -0.1153846 0.12
0.07692308 -0.1538462 0.12
0.03846154 -0.1923077 0.2
0 -0.2307692 0.24
0 -0.3076923 0.24
0 -0.3461539 0.2
0 -0.3461539 0.16
0.07692308 -0.3461539 0.16
0.1153846 -0.3461539 0.12
0.1923077 -0.3461539 0.12
0.1923077 -0.3461539 0.12
0.2307692 -0.3846154 0.16
0.1923077 -0.3846154 0.2
0.1923077 -0.3846154 0.24
0.1538462 -0.3846154 0.24
0.1538462 -0.3846154 0.24
0.1538462 -0.3846154 0.2
0.1923077 -0.3846154 0.16
0.1923077 -0.3461539 0.24
0.2692308 -0.3076923 0.24
0.3846154 -0.2307692 0.28
0.4615385 -0.1923077 0.32
0.5384616 -0.1923077 0.32
0.5769231 -0.1538462 0.28
0.6153846 -0.1538462 0.24
0.6153846 -0.1153846 0.28
0.6153846 -0.07692308 0.28
0.6153846 -0.07692308 0.32
0.5384616 -0.1153846 0.4
0.4615385 -0.07692308 0.44
0.4615385 -0.07692308 0.52
0.4230769 -0.03846154 0.6
0.4615385 0 0.6
0.5 0.07692308 0.64
0.5384616 0.07692308 0.64
0.5769231 0.1153846 0.64
0.6153846 0.1923077 0.68
0.6538461 0.2307692 0.68
0.6923077 0.2692308 0.72
0.6923077 0.3461539 0.76
0.6538461 0.3461539 0.84
0.6153846 0.3461539 0.96
0.5384616 0.3461539 1.08
0.5 0.3461539 1.12
0.5 0.3461539 1.16
0.5 0.3846154 1.16
0.5384616 0.4230769 1.12
0.6153846 0.4615385 1.16
0.6153846 0.5 1.2
0.6153846 0.5384616 1.28
0.6153846 0.5769231 1.36
0.5769231 0.5769231 1.36
0.5769231 0.5769231 1.36
0.5384616 0.5769231 1.4
0.5384616 0.5769231 1.4
0.5 0.5769231 1.44
0.5 0.5769231 1.4
0.4615385 0.6153846 1.48
0.4230769 0.6538461 1.68
0.3846154 0.6538461 1.64
0.3461539 0.6538461 1.6
0.3461539 0.6923077 1.56
0.3461539 0.6923077 1.48
0.3461539 0.6923077 1.44
0.3846154 0.7307692 1.4
0.4230769 0.7692308 1.4
0.4230769 0.7692308 1.36
0.3461539 0.7692308 1.36
0.2692308 0.7692308 1.36
0.1923077 0.6923077 1.36
0.1153846 0.6538461 1.4
0 0.6153846 1.44
-0.07692308 0.5384616 1.44
-0.1153846 0.5 1.44
-0.1538462 0.4615385 1.4
-0.1923077 0.4230769 1.32
-0.1538462 0.4230769 1.24
-0.1153846 0.4230769 1.12
-0.07692308 0.4230769 1.08
-0.07692308 0.3846154 1.04
-0.07692308 0.3846154 0.96
-0.07692308 0.3461539 0.92
-0.07692308 0.3461539 0.88
-0.07692308 0.3076923 0.88
-0.07692308 0.2692308 0.92
0 0.3076923 0.88
0.07692308 0.3076923 0.8
0.1153846 0.3076923 0.76
0.1538462 0.2692308 0.68
0.1923077 0.2692308 0.64
0.1923077 0.1923077 0.6
0.1923077 0.1538462 0.56
0.1923077 0.1153846 0.52
0.1923077 0.07692308 0.52
0.1923077 0.07692308 0.56
0.2307692 0.07692308 0.56
0.2692308 0.07692308 0.56
0.3076923 0.07692308 0.56
0.3076923 0.07692308 0.56
0.3076923 0.03846154 0.6
0.3076923 0.03846154 0.64
0.3076923 0 0.72
0.3076923 0.03846154 0.76
0.3076923 0 0.8
0.2692308 0 0.84
0.2692308 0 0.84
0.3076923 0 0.84
0.3076923 0 0.84
