0.5 -0.07692308 0.92
0.5 -0.07692308 0.92
0.5 -0.07692308 0.92
0.5 -0.07692308 0.92
0.5 -0.07692308 0.92
0.5 -0.07692308 0.92
0.5 -0.07692308 0.92
0.5 -0.07692308 0.92
0.5 -0.07692308 0.92
0.5 -0.07692308 0.92
0.5 -0.07692308 0.92
0.5 -0.07692308 0.92
0.7307692 0.03846154 0.96
1.115385 0.1923077 1
1.576923 0.4230769 0.96
2.076923 0.6538461 0.88
2.346154 0.8076923 0.88
2.5 0.8461539 0.92
2.461539 0.8461539 0.96
2.384615 0.8076923 1.12
2.346154 0.8076923 1.12
2.269231 0.9230769 1.08
2.153846 1 1.04
1.923077 1.115385 1.08
1.615385 1.153846 1.16
1.307692 1.076923 1.2
0.9615384 1 1.24
0.6923077 0.8846154 1.32
0.5 0.8076923 1.36
0.3461539 0.8076923 1.4
0.1923077 0.7692308 1.4
0 0.7307692 1.36
-0.1153846 0.6923077 1.24
-0.3076923 0.6153846 1.24
-0.5 0.5769231 1.2
-0.6923077 0.5 1.16
-0.8076923 0.5 1.16
-0.8461539 0.5 1.16
-0.8076923 0.5769231 1.04
-0.8076923 0.6923077 0.88
-0.8076923 0.7692308 0.84
-0.8461539 0.8461539 0.88
-0.9230769 0.8846154 0.92
-1.076923 0.8461539 0.96
-1.076923 0.8461539 1
-1 0.8846154 1
-0.9230769 0.9230769 1.08
-0.6923077 1 1.2
-0.5384616 1.038462 1.24
-0.5384616 0.9615384 1.28
-0.6153846 0.8461539 1.24
-0.7692308 0.6538461 1.12
-0.9230769 0.5 1.04
-0.9615384 0.4230769 1
-0.8461539 0.3846154 1.04
-0.7307692 0.3846154 1.04
-0.6153846 0.4230769 1.08
-0.5 0.4615385 1.08
-0.4230769 0.4230769 1.12
-0.4230769 0.4230769 1.12
-0.4230769 0.3846154 1.16
-0.4615385 0.3461539 1.08
-0.5 0.3461539 1.08
-0.4615385 0.3846154 1.16
-0.4615385 0.3846154 1.24
-0.4615385 0.3461539 1.28
-0.5384616 0.3461539 1.28
-0.6538461 0.3076923 1.28
-0.6923077 0.2692308 1.28
-0.6923077 0.2692308 1.28
-0.7307692 0.3076923 1.24
