0.7692308 0.7692308 1.4
0.7692308 0.7692308 1.4
0.7692308 0.7692308 1.4
0.7692308 0.7692308 1.4
0.7692308 0.7692308 1.4
0.7692308 0.7692308 1.4
0.7692308 0.7692308 1.4
0.7692308 0.7692308 1.4
0.7692308 0.7692308 1.4
0.7692308 0.7692308 1.4
0.7692308 0.7692308 1.4
0.7692308 0.7692308 1.4
0.7692308 0.7692308 1.4
0.7307692 0.8076923 1.6
0.7692308 0.8461539 1.88
0.7692308 0.8461539 2.2
0.7307692 0.8461539 2.48
0.7307692 0.8461539 2.64
0.7692308 0.8461539 2.68
0.8846154 0.8846154 2.72
1.038462 1 2.76
1.153846 1.038462 2.76
1.192308 1.115385 2.68
1.115385 1.076923 2.48
0.8846154 1.038462 2.24
0.6153846 1 2
0.5 0.9615384 1.8
0.3846154 0.9230769 1.76
0.3076923 0.8461539 1.76
0.1923077 0.8846154 1.84
0.1923077 0.8846154 1.84
0.1153846 0.8846154 1.84
-0.03846154 0.9615384 1.88
-0.2307692 1 1.92
-0.5769231 0.9615384 2.12
-0.9615384 0.8846154 2.16
-1.269231 0.8461539 2.04
-1.423077 0.7692308 1.84
-1.461538 0.7692308 1.64
-1.423077 0.7692308 1.48
-1.307692 0.7692308 1.32
-1.230769 0.8076923 1.12
-1.153846 0.7692308 0.92
-1.115385 0.6923077 0.76
-1.076923 0.6538461 0.6
-0.9615384 0.5769231 0.48
-0.8461539 0.5 0.4
-0.7692308 0.4615385 0.36
-0.7307692 0.4230769 0.32
-0.6538461 0.3846154 0.28
-0.6153846 0.3461539 0.16
-0.5384616 0.3076923 0.12
-0.4615385 0.2692308 0.12
-0.3846154 0.2692308 0.12
-0.3076923 0.3076923 0.16
-0.3461539 0.2692308 0.16
-0.3461539 0.1923077 0.12
-0.3076923 0.1538462 0.04
-0.3076923 0.1153846 0.04
-0.3846154 0.07692308 0.04
-0.4615385 0 0.04
-0.4615385 -0.03846154 0.04
-0.3461539 -0.03846154 0.04
-0.2307692 -0.03846154 0
-0.1153846 0 -0.04
-0.03846154 0 -0.08
0 -0.03846154 -0.2
0.03846154 -0.07692308 -0.24
0.1153846 -0.07692308 -0.32
0.1153846 -0.1153846 -0.32
0.07692308 -0.1538462 -0.36
0.07692308 -0.1538462 -0.4
0.07692308 -0.1538462 -0.44
0.1153846 -0.07692308 -0.48
0.2692308 -0.03846154 -0.52
0.3461539 0 -0.48
0.4230769 0.03846154 -0.48
0.4615385 0.03846154 -0.44
0.4615385 0.07692308 -0.4
0.4230769 0.1538462 -0.36
0.4230769 0.1923077 -0.36
0.3461539 0.2307692 -0.36
0.3461539 0.2692308 -0.32
0.3461539 0.3461539 -0.24
0.4230769 0.4230769 -0.12
0.5384616 0.4615385 0
0.5769231 0.4615385 0.08
0.5769231 0.4230769 0.08
0.5384616 0.3461539 0.04
0.5384616 0.3076923 -0.04
0.6153846 0.3461539 -0.04
0.6923077 0.3076923 0.04
0.7692308 0.3076923 0.08
0.8461539 0.3461539 0.12
0.9230769 0.4230769 0.24
0.8461539 0.3846154 0.44
0.7307692 0.3461539 0.72
0.6538461 0.2307692 0.84
0.6538461 0.2307692 0.92
0.7307692 0.2692308 1
0.8846154 0.3846154 1.12
0.9615384 0.5 1.36
0.9615384 0.5384616 1.6
0.8461539 0.5769231 1.8
0.6923077 0.5769231 1.96
0.5769231 0.5384616 2.08
0.6538461 0.6153846 2.12
0.8076923 0.6923077 2.16
0.8076923 0.7307692 2.24
0.6923077 0.6923077 2.32
0.5384616 0.7307692 2.48
0.5 0.8076923 2.56
0.5384616 0.8461539 2.72
0.5769231 0.9230769 2.84
0.5384616 1.076923 2.88
0.5 1.192308 2.8
0.4615385 1.269231 2.68
0.3846154 1.192308 2.76
0.2307692 1.115385 2.92
0.07692308 1.076923 2.84
-0.1538462 1.038462 2.68
-0.3846154 1 2.52
-0.5384616 0.9615384 2.4
-0.6538461 0.9230769 2.16
-0.7692308 0.8461539 1.96
-0.8461539 0.7692308 1.8
-0.9230769 0.6923077 1.64
-0.9615384 0.6153846 1.48
-0.9615384 0.5769231 1.4
-0.9615384 0.5384616 1.36
-0.8846154 0.5 1.24
-0.8461539 0.5 1.2
-0.7692308 0.4615385 1.2
-0.6153846 0.4615385 1.04
-0.5769231 0.4230769 0.92
-0.5384616 0.3846154 0.92
