0.07692308 0.3846154 0.84
0.07692308 0.3846154 0.84
0.07692308 0.3846154 0.84
0.07692308 0.3846154 0.84
0.07692308 0.3846154 0.84
0 0.3461539 0.92
0 0.3461539 0.92
0 0.3461539 0.92
0 0.3461539 0.92
0 0.3461539 0.92
0 0.3461539 0.92
0 0.3461539 0.92
-0.1153846 0.3461539 1.12
-0.1153846 0.3846154 1.32
-0.07692308 0.3846154 1.52
0 0.3846154 1.64
0.07692308 0.4230769 1.76
0.07692308 0.3846154 1.92
0.03846154 0.3461539 2.08
-0.03846154 0.3461539 2.32
-0.1153846 0.3076923 2.64
-0.1923077 0.1923077 2.92
-0.2307692 0.1923077 3.12
-0.1923077 0.2307692 3.32
-0.1538462 0.3076923 3.6
0 0.3846154 3.76
0.07692308 0.5384616 3.84
0.03846154 0.7307692 3.8
0 0.9230769 3.72
-0.03846154 1.076923 3.56
-0.03846154 1.192308 3.28
-0.1153846 1.307692 2.96
-0.2307692 1.346154 2.52
-0.3076923 1.384615 2
-0.3076923 1.384615 1.48
-0.2307692 1.346154 1.04
-0.1153846 1.269231 0.6
0 1.115385 0.24
0 0.8461539 -0.12
-0.07692308 0.5769231 -0.4
-0.1538462 0.3461539 -0.64
-0.2692308 0.1923077 -0.72
-0.3846154 0.07692308 -0.76
-0.3846154 0.03846154 -0.76
-0.3076923 0.03846154 -0.64
-0.1153846 0.07692308 -0.56
0 0.1538462 -0.48
0.1153846 0.1538462 -0.44
0.1538462 0.1923077 -0.32
0.1538462 0.1153846 -0.2
0.07692308 0.07692308 0
0 -0.03846154 0.04
-0.03846154 -0.07692308 0.08
-0.07692308 -0.1538462 0.12
-0.07692308 -0.1923077 0.12
-0.07692308 -0.2307692 0.16
-0.07692308 -0.2307692 0.2
-0.07692308 -0.2692308 0.28
-0.07692308 -0.2692308 0.36
-0.1153846 -0.3076923 0.4
-0.1923077 -0.3076923 0.4
-0.2307692 -0.3076923 0.44
-0.2307692 -0.2692308 0.44
-0.2307692 -0.3076923 0.48
-0.2307692 -0.3076923 0.56
-0.2307692 -0.3076923 0.56
-0.2692308 -0.2692308 0.6
-0.3461539 -0.3076923 0.68
-0.4230769 -0.3076923 0.76
-0.5384616 -0.3461539 0.84
-0.6538461 -0.3461539 0.88
-0.8076923 -0.3076923 0.96
-0.8846154 -0.3461539 1.08
-0.9615384 -0.3846154 1.2
-1.038462 -0.4230769 1.24
-1.115385 -0.4615385 1.24
-1.192308 -0.5 1.24
-1.230769 -0.5 1.16
-1.269231 -0.4615385 1.08
-1.269231 -0.5 0.96
-1.230769 -0.4230769 0.84
-1.115385 -0.3461539 0.76
-0.9230769 -0.2692308 0.68
-0.6538461 -0.1153846 0.6
-0.4230769 0.03846154 0.56
-0.2692308 0.1153846 0.48
-0.1538462 0.1538462 0.44
-0.03846154 0.1923077 0.44
0.1538462 0.2307692 0.52
0.3076923 0.2692308 0.56
0.4615385 0.2307692 0.64
0.5769231 0.2307692 0.76
0.7307692 0.1923077 0.84
0.8076923 0.1538462 1
0.9230769 0.1538462 1.16
1.038462 0.1538462 1.24
1.153846 0.1538462 1.2
1.230769 0.1538462 1.12
1.230769 0.1153846 1
1.192308 0.03846154 0.96
1.153846 0 0.88
1.076923 -0.07692308 0.84
0.9615384 -0.1153846 0.8
0.8461539 -0.1923077 0.76
0.7307692 -0.2307692 0.72
0.5769231 -0.3076923 0.72
0.5 -0.3461539 0.72
0.4230769 -0.3846154 0.8
0.4230769 -0.3461539 0.8
0.4230769 -0.3076923 0.76
0.3846154 -0.3076923 0.72
0.3846154 -0.3076923 0.68
0.3461539 -0.2692308 0.68
0.3076923 -0.2692308 0.68
0.2307692 -0.2692308 0.68
0.1923077 -0.2307692 0.68
0.1923077 -0.1923077 0.64
0.2307692 -0.1538462 0.6
0.2692308 -0.1153846 0.6
0.3076923 -0.07692308 0.52
0.3076923 -0.03846154 0.44
0.3076923 0 0.32
0.3076923 0.03846154 0.24
0.2692308 0.07692308 0.12
0.2307692 0.07692308 0
0.2307692 0.03846154 -0.16
0.1923077 0.03846154 -0.36
0.1538462 0.07692308 -0.56
0.1153846 0.07692308 -0.8
0.1538462 0.1153846 -1
0.1538462 0.1153846 -1.16
0.1153846 0.1538462 -1.16
0.1153846 0.2692308 -1.08
0.03846154 0.5 -0.8
-0.2307692 1 0.56
-0.2307692 1 0.56
-0.3846154 1.269231 1.44
-0.6538461 1.346154 2.32
-0.9615384 1.307692 3.04
-1.230769 1.153846 3.52
-1.423077 0.9230769 3.68
-1.5 0.6923077 3.52
-1.461538 0.5384616 3.24
-1.346154 0.4615385 2.92
-1.115385 0.4230769 2.64
-0.8846154 0.4615385 2.36
-0.6538461 0.5769231 2.12
-0.4615385 0.6538461 1.92
-0.3461539 0.6153846 1.84
-0.3461539 0.5769231 1.84
-0.3461539 0.5769231 1.84
-0.3461539 0.5769231 1.76
-0.3076923 0.5769231 1.72
-0.2307692 0.5769231 1.64
-0.1538462 0.5769231 1.56
-0.07692308 0.5769231 1.44
-0.03846154 0.5769231 1.36
0 0.5769231 1.28
0.03846154 0.5769231 1.24
0 0.5 1.2
-0.03846154 0.5 1.2
-0.03846154 0.4615385 1.24
-0.07692308 0.4230769 1.28
-0.07692308 0.3846154 1.28
-0.03846154 0.3461539 1.2
0.07692308 0.3461539 1.08
0.1538462 0.3846154 0.92
0.1923077 0.4230769 0.8
0.2692308 0.3846154 0.72
0.3461539 0.3461539 0.64
0.4230769 0.3461539 0.56
0.5384616 0.3461539 0.48
0.6153846 0.3846154 0.44
0.6923077 0.4230769 0.44
0.8076923 0.3846154 0.4
0.8461539 0.3461539 0.48
0.8076923 0.3461539 0.52
0.7692308 0.3461539 0.56
0.7307692 0.4230769 0.64
0.6923077 0.4615385 0.68
0.6923077 0.5769231 0.64
0.6153846 0.6923077 0.56
0.3846154 0.7307692 0.48
0.03846154 0.7307692 0.6
-0.4615385 0.6153846 0.96
-0.8461539 0.5384616 1.28
-1.192308 0.4615385 1.44
-1.384615 0.4230769 1.52
-1.423077 0.4615385 1.44
-1.384615 0.5 1.32
-1.269231 0.5384616 1.2
-1.192308 0.5769231 1.08
-1.076923 0.5769231 1
-1 0.5769231 0.92
-1 0.5769231 0.96
-0.9615384 0.5384616 0.96
-0.9230769 0.5384616 0.96
-0.8846154 0.5384616 1.04
-0.8461539 0.5 1.08
-0.8461539 0.4615385 1.12
-0.8076923 0.3846154 1.12
-0.7307692 0.3461539 1.08
-0.6153846 0.3076923 1.04
-0.5384616 0.3076923 1
