0.03846154 0.1538462 1.28
0.03846154 0.1538462 1.28
0.03846154 0.1538462 1.28
0.03846154 0.1538462 1.28
0.03846154 0.1538462 1.28
0.03846154 0.1538462 1.28
0.03846154 0.1538462 1.28
0.03846154 0.1538462 1.28
0.03846154 0.1538462 1.28
0.03846154 0.1538462 1.28
0.03846154 0.1538462 1.28
0.03846154 0.1538462 1.28
0.03846154 0.1923077 1.44
0.03846154 0.1923077 1.44
0.07692308 0.1923077 1.68
0.1153846 0.2307692 1.96
0.1153846 0.2307692 2.16
0.07692308 0.1923077 2.28
0 0.1923077 2.32
-0.1153846 0.1153846 2.36
-0.2307692 0 2.4
-0.2307692 0 2.52
-0.2307692 0.03846154 2.68
-0.2307692 0.1153846 2.8
-0.1923077 0.2692308 2.84
-0.1923077 0.3461539 2.72
-0.2307692 0.5384616 2.52
-0.2307692 0.6538461 2.32
-0.2692308 0.6923077 2.08
-0.2692308 0.7692308 1.8
-0.1538462 0.8076923 1.48
0 0.8076923 1.04
0.1923077 0.7307692 0.64
0.1923077 0.6538461 0.4
0.07692308 0.5 0.28
-0.07692308 0.3846154 0.2
-0.1923077 0.3076923 0.16
-0.1923077 0.2307692 0.04
-0.1538462 0.1923077 -0.08
-0.1153846 0.1538462 -0.12
-0.1538462 0.1153846 -0.12
-0.1538462 0.07692308 -0.12
-0.1538462 0.07692308 -0.12
-0.07692308 0.03846154 -0.12
0 0.03846154 -0.12
0.03846154 0.03846154 -0.12
0.07692308 0 -0.04
0.1153846 0 0
0.1923077 0 0.08
0.1923077 -0.03846154 0.12
0.1153846 -0.07692308 0.16
0 -0.1538462 0.2
-0.07692308 -0.2307692 0.2
-0.1153846 -0.2692308 0.28
-0.07692308 -0.2692308 0.32
0 -0.2692308 0.4
0.07692308 -0.2692308 0.44
0.07692308 -0.3076923 0.56
0.07692308 -0.3076923 0.6
0.03846154 -0.3076923 0.68
0 -0.3076923 0.72
-0.07692308 -0.3076923 0.76
-0.1538462 -0.3076923 0.8
-0.1153846 -0.3461539 0.8
-0.1153846 -0.3461539 0.8
-0.1153846 -0.3461539 0.92
-0.1538462 -0.3461539 1
-0.2307692 -0.3461539 1.04
-0.3076923 -0.3461539 1.12
-0.4615385 -0.3076923 1.16
-0.5 -0.2692308 1.12
-0.6153846 -0.2692308 1
-0.6923077 -0.3076923 0.96
-0.7692308 -0.3461539 1
-0.8076923 -0.3846154 1
-0.8461539 -0.3846154 0.96
-0.8846154 -0.4230769 0.96
-0.9230769 -0.4230769 0.92
-0.9615384 -0.4230769 0.92
-1 -0.3846154 0.88
-1 -0.3461539 0.84
-1.038462 -0.3461539 0.92
-0.9615384 -0.3076923 0.96
-0.8076923 -0.2307692 0.96
-0.6538461 -0.1538462 0.96
-0.5 -0.07692308 0.96
-0.4230769 -0.07692308 0.92
-0.3846154 -0.03846154 0.84
-0.2692308 0 0.8
-0.1538462 0.03846154 0.76
0 0.1153846 0.8
0.1923077 0.1923077 0.88
0.3846154 0.3076923 1
0.5769231 0.3461539 1.04
0.7692308 0.3461539 1.04
0.8076923 0.2692308 1.08
0.8461539 0.1923077 1.16
0.8461539 0.1153846 1.24
0.8076923 0.07692308 1.36
0.8461539 0.03846154 1.4
0.9615384 0.03846154 1.36
1.038462 0 1.24
1 -0.03846154 1.12
0.9230769 -0.07692308 1.04
0.8076923 -0.1538462 1
0.7307692 -0.1923077 1
0.6538461 -0.2307692 0.92
0.6538461 -0.2692308 0.92
0.5 -0.2692308 0.88
0.5 -0.2692308 0.84
0.5 -0.2307692 0.8
0.5384616 -0.2307692 0.8
0.5 -0.2692308 0.76
0.4230769 -0.2692308 0.64
0.3846154 -0.2692308 0.56
0.3461539 -0.2692308 0.48
0.3461539 -0.2692308 0.36
0.3076923 -0.2307692 0.28
0.3461539 -0.1923077 0.28
0.4230769 -0.1538462 0.24
0.4230769 -0.1153846 0.2
0.3846154 -0.07692308 0.16
0.3846154 -0.03846154 0.16
0.3461539 -0.03846154 0.12
0.3461539 0 0.04
0.3461539 0.03846154 -0.04
0.3846154 0.07692308 -0.2
0.3846154 0.07692308 -0.4
0.3461539 0.07692308 -0.52
0.3461539 0.03846154 -0.56
0.2692308 0.03846154 -0.56
0.1923077 0.07692308 -0.48
-0.1153846 0.07692308 -0.36
-0.4230769 0.07692308 -0.16
-0.5769231 0.1153846 0.16
-0.5 0.1538462 0.56
-0.3461539 0.3461539 0.96
-0.2307692 0.5 1.44
-0.3461539 0.4615385 1.88
-0.6153846 0.3076923 2.28
-0.9230769 0.07692308 2.56
-1 -0.07692308 2.68
-0.9615384 -0.07692308 2.68
-0.8076923 0 2.6
-0.5769231 0.1923077 2.44
-0.4230769 0.2692308 2.24
-0.2307692 0.3076923 2.08
-0.1538462 0.3076923 1.88
-0.1153846 0.2692308 1.68
-0.1538462 0.2307692 1.56
-0.1923077 0.1923077 1.48
-0.2692308 0.1923077 1.52
-0.3846154 0.1538462 1.64
-0.4230769 0.1153846 1.72
-0.3846154 0.1153846 1.8
-0.3461539 0.1538462 1.76
-0.2307692 0.1923077 1.64
-0.1153846 0.2307692 1.44
-0.03846154 0.2692308 1.28
0 0.3076923 1.16
0 0.3076923 1.08
0 0.3076923 1.04
0 0.3076923 1.04
0 0.3076923 1.08
0.03846154 0.3461539 1.12
0.03846154 0.3461539 1.12
0.03846154 0.3461539 1.12
0.07692308 0.3846154 1.08
0.07692308 0.3846154 1.04
0.07692308 0.4230769 0.96
0.1153846 0.4615385 0.92
0.2692308 0.5 0.8
0.5 0.5769231 0.72
0.8076923 0.6153846 0.6
1.115385 0.5769231 0.44
1.269231 0.5384616 0.36
1.346154 0.6153846 0.4
1.346154 0.6923077 0.56
1.269231 0.6923077 0.8
1.115385 0.6923077 1.12
0.8846154 0.6153846 1.16
0.6153846 0.6153846 1.08
0.3076923 0.6153846 0.92
-0.07692308 0.4615385 0.96
-0.5 0.3461539 1.2
-0.8846154 0.1923077 1.4
-1.153846 0 1.52
-1.384615 -0.03846154 1.52
-1.423077 0 1.48
-1.384615 0.1153846 1.44
-1.269231 0.2307692 1.4
-1.153846 0.3461539 1.32
-1.038462 0.4615385 1.24
-0.8846154 0.5769231 1.12
-0.7692308 0.6153846 1.04
-0.7307692 0.6153846 1
-0.7692308 0.6153846 0.96
-0.9230769 0.4615385 0.96
-0.8846154 0.4230769 0.96
-0.8461539 0.4230769 0.96
-0.8076923 0.4230769 0.92
-0.7307692 0.3846154 0.92
-0.6538461 0.3846154 0.88
-0.5769231 0.3461539 0.88
-0.5 0.3461539 0.88
-0.3846154 0.3846154 0.92
-0.3461539 0.3846154 1
-0.3846154 0.3846154 1.12
-0.4230769 0.3461539 1.16
-0.4230769 0.2692308 1.08
-0.4615385 0.3076923 1.04
-0.4615385 0.3076923 1.12
-0.3846154 0.2692308 1.16
