0.8076923 0.4615385 0.84
0.8076923 0.4615385 0.84
0.8076923 0.4615385 0.84
0.8076923 0.4615385 0.84
0.8076923 0.4615385 0.84
0.8076923 0.4615385 0.84
0.8076923 0.4615385 0.84
0.8076923 0.4615385 0.84
0.8076923 0.4615385 0.84
0.8461539 0.4615385 1
0.8461539 0.4615385 1
0.8461539 0.4615385 1
0.8076923 0.4615385 1.2
0.7307692 0.4615385 1.48
0.6538461 0.4230769 1.68
0.5769231 0.4615385 1.88
0.6153846 0.4615385 2.04
0.6153846 0.5384616 2.16
0.6153846 0.5769231 2.24
0.5769231 0.6153846 2.24
0.5384616 0.6153846 2.24
0.5 0.5769231 2.16
0.5 0.6153846 2
0.5384616 0.6538461 1.84
0.6538461 0.7692308 1.76
0.8076923 0.9615384 1.76
1 1.192308 1.88
1.076923 1.384615 2.08
1 1.576923 2.28
0.7692308 1.653846 2.32
0.4615385 1.653846 2.2
0.1538462 1.538462 2
-0.1153846 1.423077 1.8
-0.3076923 1.269231 1.64
-0.4230769 1.153846 1.64
-0.4615385 1.038462 1.64
-0.5 0.9615384 1.76
-0.5769231 0.8461539 1.88
-0.7307692 0.7692308 1.88
-0.8076923 0.7692308 1.8
-0.8076923 0.6923077 1.64
-0.8461539 0.6923077 1.52
-0.8461539 0.6153846 1.36
-0.8846154 0.5769231 1.24
-0.9230769 0.5 1.12
-0.9230769 0.4615385 1.08
-0.8461539 0.3846154 0.96
-0.7692308 0.3076923 0.84
-0.7692308 0.1923077 0.76
-0.8076923 0.07692308 0.64
-0.8461539 0.03846154 0.52
-0.8461539 0 0.4
-0.8076923 0 0.24
-0.7692308 0 0.2
-0.5384616 0.07692308 0.12
-0.4230769 0.1153846 0.04
-0.3461539 0.07692308 0
-0.2692308 0.07692308 -0.08
-0.3076923 0 -0.12
-0.3076923 -0.03846154 -0.2
-0.3461539 -0.07692308 -0.28
-0.3846154 -0.1153846 -0.32
-0.3461539 -0.1538462 -0.32
-0.3076923 -0.1538462 -0.36
-0.2692308 -0.1153846 -0.4
-0.2307692 -0.07692308 -0.4
-0.1538462 -0.03846154 -0.4
-0.1538462 0 -0.4
-0.07692308 0.03846154 -0.36
0 0.07692308 -0.4
0 0.07692308 -0.4
0 0.07692308 -0.4
0 0.07692308 -0.4
0 0.07692308 -0.36
0 0.1153846 -0.32
-0.03846154 0.1538462 -0.24
0.1153846 0.1923077 -0.16
0.1923077 0.1923077 -0.12
0.2307692 0.2307692 -0.08
0.2692308 0.2692308 0
0.2692308 0.3076923 0.08
0.3461539 0.4230769 0.16
0.3846154 0.4615385 0.2
0.4230769 0.5 0.24
0.5 0.5 0.24
0.6923077 0.5769231 0.2
0.8076923 0.6538461 0.2
1 0.7692308 0.24
1.230769 0.8461539 0.36
1.384615 0.9230769 0.6
1.461538 0.9230769 0.84
1.423077 0.9615384 1.04
1.461538 1.038462 1.16
1.5 1.076923 1.24
1.615385 1.153846 1.32
1.615385 1.192308 1.44
1.615385 1.230769 1.52
1.5 1.269231 1.52
1.423077 1.230769 1.56
1.230769 1.192308 1.6
1 1.153846 1.72
0.7307692 1.076923 1.8
0.6153846 1.038462 1.84
0.6153846 1.038462 1.76
0.6153846 1 1.76
0.6153846 0.9615384 1.72
0.4230769 0.9230769 1.76
0.2307692 0.8076923 1.76
-0.03846154 0.7307692 1.68
-0.3461539 0.5769231 1.72
-0.5 0.5384616 1.84
-0.5384616 0.5384616 1.92
-0.5 0.6153846 2.04
-0.4615385 0.7692308 2.12
-0.4230769 0.8846154 2.16
-0.4230769 0.9230769 2.16
-0.4615385 0.9615384 2.16
-0.4615385 0.9230769 2.08
-0.5384616 0.8846154 2
-0.5384616 0.8461539 1.88
-0.5769231 0.7692308 1.76
-0.5769231 0.7307692 1.68
-0.6153846 0.6538461 1.72
-0.5769231 0.5769231 1.72
-0.5769231 0.5 1.68
