-0.1538462 -0.1923077 -0.44
-0.1538462 -0.1923077 -0.44
-0.1538462 -0.1923077 -0.44
-0.1538462 -0.1923077 -0.44
-0.1538462 -0.1923077 -0.44
-0.1538462 -0.1923077 -0.44
-0.1538462 -0.1923077 -0.44
-0.1538462 -0.1923077 -0.44
-0.1538462 -0.1923077 -0.44
-0.1538462 -0.1923077 -0.44
-0.1538462 -0.1923077 -0.44
-0.1538462 -0.1923077 -0.44
-0.1923077 -0.1153846 -0.48
-0.2692308 0 -0.56
-0.2692308 0.1538462 -0.64
-0.2307692 0.3461539 -0.8
-0.07692308 0.5769231 -1
0.1538462 0.7307692 -1.08
0.2692308 0.8461539 -1.08
0.2307692 0.8076923 -1.04
0.1153846 0.6923077 -1
0.03846154 0.6538461 -0.88
-0.03846154 0.6538461 -0.64
-0.1153846 0.6923077 -0.32
-0.1538462 0.6923077 -0.04
-0.2307692 0.7307692 0.24
-0.3461539 0.7692308 0.6
-0.4615385 0.7692308 1
-0.5384616 0.7692308 1.48
-0.5769231 0.7692308 1.92
-0.5 0.7692308 2.16
-0.4615385 0.8461539 2.24
-0.2692308 0.8846154 2.24
-0.1153846 1 2.4
0 1.076923 2.6
-0.03846154 1.076923 2.64
-0.1538462 1 2.52
-0.3461539 0.9230769 2.24
-0.3846154 0.8461539 1.96
-0.3461539 0.8461539 1.88
-0.2692308 0.9230769 2.04
-0.2307692 0.9230769 2.32
-0.3076923 0.9230769 2.52
-0.3846154 0.8461539 2.64
-0.4230769 0.7692308 2.72
-0.3846154 0.6923077 2.72
-0.2692308 0.7307692 2.64
-0.1538462 0.7692308 2.48
-0.1538462 0.7307692 2.4
-0.1538462 0.6923077 2.36
-0.07692308 0.6153846 2.28
-0.07692308 0.6153846 2.2
-0.07692308 0.5384616 2.12
-0.1538462 0.5 2.08
-0.1923077 0.5 2.04
-0.2692308 0.5 2
-0.3076923 0.5 1.88
-0.3076923 0.5 1.8
-0.2692308 0.5384616 1.68
-0.1538462 0.6153846 1.52
-0.1153846 0.6153846 1.48
-0.1538462 0.6153846 1.48
-0.1923077 0.5769231 1.56
-0.1923077 0.6153846 1.64
-0.1538462 0.6538461 1.76
-0.1923077 0.6538461 1.8
-0.1538462 0.7307692 1.84
-0.1153846 0.7307692 1.84
-0.1153846 0.6923077 1.84
-0.1538462 0.6538461 1.84
-0.2307692 0.7307692 1.92
-0.07692308 0.6153846 1.88
-0.07692308 0.6153846 1.88
-0.07692308 0.5769231 1.88
