-0.8846154 0.5384616 0.96
-0.8846154 0.5384616 0.96
-0.8846154 0.5384616 0.96
-0.8846154 0.5384616 0.96
-1.038462 0.5 1.28
-1.038462 0.5 1.28
-1.038462 0.5 1.28
-1.038462 0.5 1.28
-1.038462 0.5 1.28
-1.038462 0.5 1.28
-1.038462 0.5 1.28
-1.038462 0.5 1.28
-1.153846 0.4615385 1.52
-1.153846 0.4230769 1.64
-1.115385 0.4230769 1.92
-1.038462 0.4230769 2.24
-0.8461539 0.5384616 2.52
-0.4230769 0.8461539 2.88
-0.1923077 1 3
0 1.038462 3.08
0 1.038462 3.16
-0.03846154 1 3.2
-0.03846154 0.9615384 3.2
-0.03846154 0.9615384 3.16
0 1.038462 3.04
0 1.076923 2.88
0 1.076923 2.68
0.03846154 1.076923 2.44
0.1153846 1 2.2
0.2307692 1.076923 2.2
0.3846154 1.038462 2.16
0.5384616 1.076923 2.2
0.6923077 1.076923 2.08
0.8076923 1.076923 1.92
0.9615384 1.115385 1.8
1.153846 1.153846 1.72
1.384615 1.153846 1.6
1.538462 1.115385 1.48
1.653846 1 1.28
1.769231 0.9230769 1.12
1.884615 0.8846154 1
1.923077 0.8076923 1
1.961538 0.7692308 1.04
1.923077 0.6923077 1
1.884615 0.6923077 0.92
1.807692 0.6923077 0.8
1.730769 0.6923077 0.68
1.615385 0.6923077 0.6
1.5 0.6923077 0.56
1.346154 0.7307692 0.52
1.230769 0.7692308 0.44
1.115385 0.7692308 0.32
1.038462 0.7692308 0.16
0.8846154 0.8076923 0.08
0.6923077 0.7307692 0
0.5384616 0.6538461 -0.12
0.4615385 0.5769231 -0.28
0.4230769 0.5 -0.44
0.3461539 0.4230769 -0.6
0.2692308 0.3461539 -0.72
0.2307692 0.2692308 -0.8
0.2307692 0.2692308 -0.8
0.1923077 0.1923077 -0.8
0.1538462 0.1923077 -0.76
0.1153846 0.1923077 -0.72
0.1153846 0.2307692 -0.68
0.1538462 0.2692308 -0.64
0.1538462 0.2692308 -0.6
0.1153846 0.3076923 -0.56
0.03846154 0.3076923 -0.56
-0.03846154 0.3076923 -0.52
-0.1538462 0.2692308 -0.44
-0.2307692 0.2692308 -0.36
-0.3461539 0.1923077 -0.32
-0.4230769 0.1923077 -0.28
-0.4615385 0.1923077 -0.28
-0.4615385 0.2307692 -0.28
-0.4230769 0.2692308 -0.24
-0.4230769 0.3076923 -0.16
-0.4615385 0.2692308 -0.12
-0.5384616 0.2692308 -0.12
-0.5769231 0.2692308 -0.12
-0.6153846 0.3076923 -0.12
-0.6923077 0.3461539 -0.08
-0.7307692 0.3461539 -0.04
-0.7692308 0.3846154 0
-0.8076923 0.4230769 0
-0.8846154 0.4230769 0.04
-0.9615384 0.3846154 0.08
-1.038462 0.4230769 0.12
-1.076923 0.4615385 0.2
-1.038462 0.6153846 0.24
-0.9230769 0.7692308 0.32
-0.8846154 0.9230769 0.48
-0.9230769 0.9615384 0.64
-1.038462 0.9230769 0.84
-1.230769 0.8461539 1.2
-1.423077 0.7692308 1.4
-1.615385 0.5384616 1.6
-1.769231 0.2692308 1.72
-1.846154 0.03846154 1.84
-1.653846 0.07692308 1.96
-1.230769 0.5 2.36
-0.3461539 1.230769 2.96
0.8846154 1.884615 3.4
1.884615 2.153846 3.48
2.115385 2.038461 3.36
1.653846 1.5 3.04
1.153846 0.9230769 2.6
0.8076923 0.6153846 2.16
0.8461539 0.5384616 2.08
0.9615384 0.5384616 2.36
0.8846154 0.5 2.52
0.6923077 0.3461539 2.44
0.4615385 0.2307692 2.24
0.3461539 0.1923077 2.08
0.3461539 0.1923077 1.84
0.2692308 0.1923077 1.56
0.2307692 0.1538462 1.36
0.2692308 0.1923077 1.28
0.3461539 0.2692308 1.28
0.4230769 0.3846154 1.28
0.4615385 0.4615385 1.24
0.5 0.5384616 1.2
0.5 0.5769231 1.12
0.4615385 0.5769231 1.08
0.3846154 0.5 0.96
0.3461539 0.4615385 0.92
0.3076923 0.4230769 0.88
0.2692308 0.4230769 0.88
0.2692308 0.4230769 0.88
0.2692308 0.3846154 0.88
0.2307692 0.3846154 0.92
0.1538462 0.3461539 0.88
0.1153846 0.3461539 0.88
0.07692308 0.3076923 0.88
0.03846154 0.3076923 0.88
0.03846154 0.3076923 0.88
0.07692308 0.3461539 0.88
0.07692308 0.3461539 0.84
0.1153846 0.3846154 0.84
0.1153846 0.3846154 0.84
0.1153846 0.3846154 0.88
0.1153846 0.3846154 0.88
0.1153846 0.3846154 0.88
0.1153846 0.3846154 0.88
0.1153846 0.3461539 0.92
0.1153846 0.3846154 0.92
0.1923077 0.3846154 1
0.1923077 0.3846154 0.96
0.1538462 0.3846154 0.88
0.1153846 0.3846154 0.88
0.07692308 0.3846154 0.96
