0.2307692 0.3076923 -0.6
0.2307692 0.3076923 -0.6
0.2307692 0.3076923 -0.6
0.2307692 0.3076923 -0.6
0.2307692 0.3076923 -0.6
0.2307692 0.3076923 -0.6
0.2307692 0.3076923 -0.6
0.2307692 0.3076923 -0.6
0.2307692 0.3076923 -0.6
0.2307692 0.3076923 -0.6
0.2307692 0.3076923 -0.6
0.2307692 0.3076923 -0.6
0.1538462 0.3461539 -0.6
0.1153846 0.4615385 -0.52
0.03846154 0.5769231 -0.24
0 0.6153846 -0.04
-0.1153846 0.6538461 0.12
-0.1923077 0.6923077 0.28
-0.2307692 0.7307692 0.44
-0.2307692 0.7692308 0.6
-0.2692308 0.8076923 0.76
-0.3461539 0.8461539 0.96
-0.4615385 0.8846154 1.16
-0.6538461 0.8846154 1.44
-0.7692308 0.8461539 1.8
-0.8461539 0.8076923 2.08
-0.8846154 0.8076923 2.24
-0.8846154 0.7692308 2.28
-0.8846154 0.7307692 2.24
-0.8461539 0.7692308 2.2
-0.6923077 0.8846154 2.24
-0.5769231 1 2.24
-0.5384616 1.038462 2.28
-0.5 1.038462 2.36
-0.4615385 1.038462 2.44
-0.4230769 1 2.44
-0.4230769 0.9615384 2.44
-0.5 0.8846154 2.4
-0.5769231 0.8076923 2.36
-0.5769231 0.7307692 2.36
-0.5769231 0.6538461 2.36
-0.5 0.6153846 2.24
-0.3846154 0.6153846 2.16
-0.3846154 0.5769231 2.08
-0.3846154 0.5384616 2.04
-0.3846154 0.5 1.96
-0.3846154 0.5 1.92
-0.3846154 0.5 1.88
-0.3846154 0.5 1.8
-0.3461539 0.5769231 1.68
-0.3461539 0.6153846 1.56
-0.3076923 0.6153846 1.48
-0.2692308 0.6538461 1.44
-0.2692308 0.6538461 1.44
-0.2692308 0.6538461 1.48
-0.2692308 0.6538461 1.52
-0.3076923 0.6923077 1.6
-0.3076923 0.6538461 1.6
-0.3461539 0.6538461 1.56
-0.3461539 0.6538461 1.52
-0.3461539 0.6538461 1.48
-0.3076923 0.6538461 1.56
-0.3461539 0.6923077 1.72
