-0.03846154 -0.5769231 0.48
-0.07692308 -0.5769231 0.52
-0.07692308 -0.5769231 0.52
-0.07692308 -0.5769231 0.52
-0.07692308 -0.5769231 0.52
-0.07692308 -0.5769231 0.52
-0.07692308 -0.5769231 0.52
-0.07692308 -0.5769231 0.56
-0.07692308 -0.5769231 0.56
-0.07692308 -0.5769231 0.56
-0.07692308 -0.5769231 0.56
-0.07692308 -0.5769231 0.56
-0.07692308 -0.5384616 0.56
-0.07692308 -0.5769231 0.6
-0.03846154 -0.5769231 0.6
0 -0.5384616 0.6
0.03846154 -0.5384616 0.56
0.03846154 -0.5384616 0.52
0 -0.5769231 0.56
-0.07692308 -0.5769231 0.56
-0.1153846 -0.5769231 0.6
-0.1538462 -0.5769231 0.56
-0.1153846 -0.5 0.52
-0.1153846 -0.4615385 0.44
-0.1153846 -0.4230769 0.28
-0.1153846 -0.3846154 0.16
-0.07692308 -0.3461539 0
0 -0.2692308 -0.2
0.07692308 -0.1923077 -0.4
0.1538462 -0.07692308 -0.64
0.1538462 0 -0.76
0.1538462 0.1153846 -0.88
0.2307692 0.3076923 -1
0.3076923 0.5 -1.2
0.3461539 0.6538461 -1.32
0.4230769 0.7692308 -1.32
0.4230769 0.8076923 -1.28
0.3076923 0.7307692 -1.2
0.1153846 0.6538461 -1.08
-0.07692308 0.6538461 -0.88
-0.2307692 0.6538461 -0.6
-0.3076923 0.7307692 -0.24
-0.3461539 0.8076923 0.12
-0.3461539 0.8461539 0.48
-0.3076923 0.9230769 0.84
-0.3076923 1.038462 1.56
-0.3461539 1.076923 1.96
-0.4230769 1.038462 2.36
-0.5384616 0.9615384 2.8
-0.6538461 0.8846154 3.08
-0.5769231 0.8076923 3.08
-0.2692308 0.8461539 3.08
0.1153846 1.038462 3.04
0.3461539 1.115385 2.92
0.3846154 1.115385 2.84
0.2307692 1.038462 2.68
0.1153846 0.9615384 2.48
0.1153846 0.9230769 2.28
0.2307692 0.9230769 2.2
0.3461539 0.9615384 2.24
0.3846154 0.9230769 2.36
0.3461539 0.8461539 2.44
0.1923077 0.7692308 2.48
0.03846154 0.6538461 2.44
-0.1153846 0.5384616 2.32
-0.1923077 0.4615385 2.16
-0.1538462 0.4230769 1.92
-0.1538462 0.4230769 1.8
-0.07692308 0.4615385 1.72
-0.03846154 0.5 1.64
0.03846154 0.5769231 1.56
0.07692308 0.6153846 1.52
0.1153846 0.6153846 1.44
0.07692308 0.5769231 1.36
0.07692308 0.5769231 1.28
0.07692308 0.5769231 1.28
0.03846154 0.5384616 1.32
-0.03846154 0.5 1.32
-0.07692308 0.4230769 1.32
