1.538462 0.5384616 1.12
1.538462 0.5384616 1.12
1.538462 0.5384616 1.12
1.538462 0.5384616 1.12
1.538462 0.5384616 1.12
1.538462 0.5384616 1.12
1.538462 0.5384616 1.12
1.538462 0.5384616 1.12
1.538462 0.5384616 1.12
1.538462 0.5384616 1.12
1.538462 0.5384616 1.12
1.538462 0.5384616 1.12
1.615385 0.6153846 1.12
1.692308 0.7307692 1.16
1.769231 0.8076923 1.28
1.769231 0.9230769 1.36
1.730769 0.9615384 1.44
1.576923 1 1.4
1.346154 0.9230769 1.24
1.076923 0.8846154 1.12
0.9230769 0.8076923 1.04
0.7307692 0.7692308 0.96
0.6153846 0.7692308 0.92
0.5 0.8461539 0.96
0.3461539 0.9230769 1.08
0.1923077 0.9615384 1.2
-0.03846154 0.9615384 1.24
-0.2692308 0.9230769 1.16
-0.4230769 0.8076923 1.04
-0.5384616 0.6538461 1
-0.6153846 0.6153846 1
-0.6153846 0.6153846 1
-0.6538461 0.5769231 1
-0.7692308 0.5384616 1.08
-0.8076923 0.5 1.08
-0.8076923 0.5384616 1.08
-0.7692308 0.6153846 1.08
-0.7307692 0.6923077 1.12
-0.6923077 0.7307692 1.16
-0.6923077 0.7307692 1.16
-0.7692308 0.6923077 1.04
-0.7307692 0.6538461 0.96
-0.6538461 0.6153846 0.8
-0.6153846 0.5384616 0.68
-0.6538461 0.4230769 0.64
-0.6923077 0.3461539 0.68
-0.6538461 0.3076923 0.76
-0.6538461 0.3076923 0.84
-0.6538461 0.3076923 0.96
-0.6538461 0.3461539 1.08
-0.6538461 0.3461539 1.2
-0.6923077 0.3461539 1.28
-0.6923077 0.3461539 1.32
-0.6923077 0.3076923 1.32
-0.6538461 0.2692308 1.28
-0.6153846 0.2307692 1.28
-0.6153846 0.1538462 1.28
-0.5769231 0.1538462 1.32
-0.4615385 0.1538462 1.32
-0.3846154 0.1923077 1.32
-0.3846154 0.1923077 1.32
-0.4615385 0.1538462 1.28
