1384186650862 79549151771964 2049532000000 2.451663 -1.379060 9.653421
1384186650973 79549262947501 2049642000000 2.758120 -1.532289 9.653421
1384186651084 79549374214590 2049752000000 2.298434 -1.991976 10.113108
1384186651196 79549485786856 2049862000000 3.217807 0.919373 22.984337
1384186651308 79549597755850 2049972000000 5.363012 4.137181 18.693928
1384186651419 79549708992422 2050082000000 2.911349 -6.895301 -0.306458
1384186651532 79549821388663 2050192000000 0.919373 1.838747 -0.766145
1384186651644 79549933510245 2050302000000 -0.306458 10.113108 10.266337
1384186651730 79550019752921 2050412000000 -1.379060 3.677494 11.492168
1384186651842 79550131386221 2050522000000 -5.209783 -7.201759 8.580819
1384186651953 79550242348136 2050632000000 -5.209783 -4.290410 1.991976
1384186652064 79550354011954 2050742000000 -0.306458 -0.459687 -0.612916
1384186652193 79550482277335 2050852000000 1.225831 -0.306458 4.596867
1384186652304 79550593849600 2050962000000 2.604892 -4.290410 22.984337
1384186652390 79550680153311 2051072000000 0.766145 -7.814674 14.863204
1384186652503 79550792396964 2051182000000 3.830723 -9.040505 6.895301
1384186652612 79550901832999 2051292000000 7.814674 -4.443638 8.274362
1384186652723 79551013130606 2051402000000 7.201759 2.604892 10.419566
1384186652835 79551124336661 2051512000000 2.911349 -2.145205 10.572795
1384186652946 79551235847891 2051622000000 1.379060 -2.451663 9.346964
1384186653057 79551347053946 2051732000000 1.991976 -1.838747 9.653421
1384186653168 79551458107413 2051842000000 1.379060 -2.451663 9.959879
1384186653281 79551570473136 2051952000000 1.225831 -1.685518 9.959879
1384186653391 79551680580557 2052062000000 3.064578 -0.459687 10.419566
