1384186691162 79589451607169 2089822000000 1.685518 -1.685518 9.346964
1384186691273 79589562904776 2089932000000 2.298434 -1.379060 10.879252
1384186691369 79589658852042 2090042000000 1.532289 0.459687 20.379444
1384186691480 79589770119132 2090152000000 -1.685518 0.153229 17.008410
1384186691592 79589881264151 2090262000000 4.137181 -5.669470 1.685518
1384186691703 79589992622794 2090372000000 0.919373 1.991976 2.604892
1384186691838 79590127785147 2090482000000 -1.225831 8.274362 11.645397
1384186691924 79590213753165 2090592000000 -4.596867 1.685518 12.564771
1384186692035 79590324898184 2090702000000 -6.129157 -6.282385 5.363012
1384186692146 79590436043204 2090812000000 -1.838747 0.919373 -0.919373
1384186692257 79590546760977 2090922000000 0.766145 0.612916 2.145205
1384186692369 79590658638419 2091032000000 2.758120 -4.137181 21.145590
1384186692481 79590770332755 2091142000000 0.000000 -5.669470 19.153614
1384186692592 79590881294669 2091252000000 2.604892 -7.508216 9.500193
1384186692703 79590992805899 2091362000000 5.209783 -3.371036 7.967903
1384186692791 79591080269278 2091472000000 6.129157 4.596867 8.580819
1384186692903 79591193153799 2091582000000 1.838747 1.991976 11.492168
1384186693013 79591302711905 2091692000000 1.685518 -0.459687 10.113108
1384186693144 79591434059561 2091802000000 1.225831 -0.766145 9.959879
1384186693232 79591521522940 2091912000000 1.838747 -0.306458 10.113108
1384186693350 79591640144766 2092022000000 1.991976 -0.612916 10.572795
1384186693463 79591752571524 2092132000000 -0.306458 -0.766145 9.346964
1384186693565 79591854835928 2092242000000 1.685518 -1.991976 9.806650
