1384186709038 79607328072012 2107712000000 1.838747 -1.225831 9.653421
1384186709160 79607449287833 2107822000000 1.532289 -1.532289 9.959879
1384186709271 79607560493887 2107932000000 0.766145 -0.306458 13.484144
1384186709382 79607671669424 2108042000000 1.991976 1.072602 22.218191
1384186709493 79607783119620 2108152000000 3.524265 -3.371036 9.500193
1384186709605 79607894264639 2108262000000 -0.306458 0.919373 -0.766145
1384186709692 79607981544913 2108372000000 -2.298434 6.742072 6.588843
1384186709813 79608103187979 2108482000000 -1.379060 6.588843 10.879252
1384186709935 79608225105704 2108592000000 -4.596867 0.919373 9.806650
1384186710023 79608312263907 2108702000000 -5.363012 -7.814674 7.814674
1384186710135 79608424263419 2108812000000 -3.371036 -0.153229 1.379060
1384186710245 79608535103262 2108922000000 0.459687 0.459687 0.153229
1384186710357 79608646645010 2109032000000 3.217807 -2.758120 16.548723
1384186710469 79608758308829 2109142000000 0.000000 -6.435614 20.992361
1384186710579 79608869179190 2109252000000 0.766145 -8.734048 8.580819
1384186710691 79608980415762 2109362000000 6.435614 -5.363012 8.887277
1384186710802 79609091652335 2109472000000 7.814674 2.758120 9.193734
1384186710913 79609202949942 2109582000000 4.290410 1.685518 10.726024
1384186711043 79609332924307 2109692000000 1.072602 -1.991976 9.040505
1384186711135 79609424965323 2109802000000 0.766145 -2.451663 9.346964
1384186711248 79609537239493 2109912000000 1.225831 -1.991976 9.959879
1384186711360 79609649239005 2110022000000 8.734048 5.209783 11.492168
1384186711471 79609760414542 2110132000000 0.766145 -1.685518 10.113108
1384186711582 79609871651114 2110242000000 0.766145 -2.298434 9.500193
1384186711680 79609969551505 2110352000000 1.225831 -2.145205 9.806650
1384186711791 79610080696524 2110462000000 1.225831 -1.838747 9.806650
1384186711902 79610191719473 2110572000000 1.072602 -2.145205 9.193734
1384186712013 79610302956046 2110682000000 1.532289 -1.532289 10.113108
1384186712126 79610415291251 2110792000000 1.225831 -2.145205 9.653421
1384186712236 79610525337637 2110902000000 1.532289 -1.379060 9.500193
1384186712349 79610638313712 2111012000000 1.379060 -1.838747 9.959879
1384186712459 79610749153555 2111122000000 1.532289 -1.685518 10.266337
1384186712571 79610860451163 2111232000000 1.072602 -1.379060 9.346964
