1384268310926 115184849209817 5360676000000 0.612916 -0.459687 9.959879
1384268311037 115184960690530 5360786000000 0.459687 -0.612916 9.806650
1384268311163 115185087002786 5360896000000 1.379060 -0.766145 2.911349
1384268311267 115185190884622 5361006000000 3.983952 -0.766145 -4.903325
1384268311370 115185293484719 5361116000000 16.089035 -3.830723 17.161638
1384268311474 115185397305520 5361226000000 10.572795 -1.532289 14.403518
1384268311599 115185522366555 5361336000000 11.032481 2.298434 10.726024
1384268311695 115185618985208 5361446000000 15.169662 1.685518 15.476120
1384268311804 115185727749856 5361556000000 17.161638 -5.363012 12.564771
1384268311931 115185854947122 5361666000000 7.048530 -7.814674 -0.919373
1384268312045 115185968564065 5361776000000 -0.459687 -1.072602 -0.306458
1384268312146 115186069638284 5361886000000 -0.612916 3.983952 9.040505
1384268312252 115186175168069 5361996000000 0.306458 2.911349 10.419566
1384268312370 115186293484719 5362106000000 -0.306458 0.000000 9.500193
1384268312472 115186395413430 5362216000000 -0.459687 1.379060 9.346964
1384268312595 115186518795999 5362326000000 0.612916 0.766145 10.726024
1384268312694 115186617062600 5362436000000 0.306458 1.685518 10.266337
