1384268371906 115245829495462 5421656000000 1.225831 0.306458 10.113108
1384268372039 115245962521585 5421766000000 1.685518 0.306458 9.040505
1384268372141 115246064755471 5421876000000 3.064578 -1.991976 0.153229
1384268372233 115246156949075 5421986000000 6.742072 -3.830723 -0.766145
1384268372372 115246295315774 5422096000000 13.330915 -5.669470 17.314867
1384268372468 115246391415628 5422206000000 13.484144 0.612916 20.685904
1384268372581 115246504025491 5422316000000 13.943830 0.919373 11.951855
1384268372695 115246618435891 5422426000000 12.717999 -3.677494 8.887277
1384268372786 115246709836038 5422536000000 6.435614 -5.516241 3.217807
1384268372941 115246864682229 5422646000000 -0.153229 -1.379060 2.298434
1384268373015 115246938229593 5422756000000 -0.153229 -0.306458 7.048530
1384268373136 115247059933694 5422866000000 0.766145 2.145205 10.572795
1384268373242 115247165616067 5422976000000 0.612916 1.991976 10.419566
1384268373341 115247264920266 5423086000000 0.766145 1.072602 10.266337
1384268373465 115247388974221 5423196000000 1.072602 1.072602 9.653421
1384268373576 115247499691995 5423306000000 0.919373 0.919373 10.113108
1384268373677 115247600094827 5423416000000 0.919373 1.225831 10.113108
