1384354499399 144927802475827 206114000000 1.991976 -1.072602 9.806650
1384354499511 144927914414304 206224000000 1.685518 -0.766145 9.806650
1384354499624 144928026932614 206334000000 1.532289 -2.911349 10.419566
1384354499722 144928124771970 206444000000 1.072602 -5.516241 9.653421
1384354499834 144928236832517 206554000000 3.524265 -4.290410 9.653421
1384354499960 144928362809079 206664000000 5.209783 -0.919373 10.266337
1384354500060 144928463395017 206774000000 5.363012 0.000000 9.500193
1384354500155 144928558548825 206884000000 3.983952 1.991976 9.500193
1384354500284 144928686905759 206994000000 3.371036 2.145205 9.346964
1384354500386 144928788681882 207104000000 2.911349 2.451663 9.500193
1384354500498 144928901596921 207214000000 2.298434 2.145205 9.653421
1384354500612 144929015396970 207324000000 2.145205 1.379060 10.572795
1384354500735 144929138443845 207434000000 1.838747 1.225831 10.113108
1384354500836 144929239090817 207544000000 1.225831 -0.153229 11.185710
1384354500939 144929341660397 207654000000 1.838747 0.306458 9.806650
1384354501050 144929453354733 207764000000 0.459687 0.153229 10.113108
1384354501147 144929549881833 207874000000 1.072602 0.153229 10.419566
