0.03846154 0.5769231 1.04
0.03846154 0.5769231 1.04
0.03846154 0.5769231 1.04
0.03846154 0.5769231 1.04
0.03846154 0.5769231 1.04
0.03846154 0.5769231 1.04
0.03846154 0.5769231 1.04
0.03846154 0.5769231 1.04
0.03846154 0.5769231 1.04
0.1153846 0.5769231 1.12
0.1153846 0.5769231 1.12
0.1153846 0.5769231 1.12
0.1538462 0.6153846 1.24
0.1538462 0.6153846 1.36
0.07692308 0.5769231 1.52
0.03846154 0.5384616 1.68
0 0.5384616 1.84
0 0.5 1.88
0 0.5384616 1.96
0 0.5769231 1.96
0.07692308 0.6153846 1.96
0.1538462 0.6538461 1.96
0.1923077 0.6923077 1.92
0.1923077 0.6923077 1.96
0.1538462 0.6538461 1.96
0.03846154 0.6538461 2.04
0 0.6538461 2.16
0.03846154 0.7307692 2.24
0.1153846 0.8461539 2.32
0.1153846 0.8846154 2.44
0.1538462 0.9615384 2.64
0.2692308 1.115385 2.84
0.4230769 1.307692 2.88
0.5769231 1.461538 2.88
0.5769231 1.538462 2.68
0.4230769 1.5 2.36
0.2692308 1.461538 2.08
0.1923077 1.384615 1.92
0.1923077 1.346154 1.84
0.1153846 1.384615 1.76
0.07692308 1.384615 1.64
0 1.384615 1.56
-0.07692308 1.269231 1.44
-0.07692308 1.230769 1.24
0 1.230769 1
-0.03846154 1.153846 0.76
-0.1153846 1.038462 0.48
-0.1923077 0.9615384 0.12
-0.2307692 0.8076923 -0.2
-0.2307692 0.6538461 -0.44
-0.2307692 0.5 -0.6
-0.2692308 0.3846154 -0.64
-0.2307692 0.3076923 -0.6
-0.1153846 0.3076923 -0.48
0 0.2692308 -0.44
0.1153846 0.2692308 -0.4
0.2307692 0.2692308 -0.4
0.2692308 0.1538462 -0.4
0.2307692 0.03846154 -0.48
0.07692308 -0.07692308 -0.52
0 -0.1923077 -0.52
-0.03846154 -0.2692308 -0.44
-0.1153846 -0.3846154 -0.44
-0.1153846 -0.4615385 -0.36
-0.07692308 -0.4615385 -0.28
0 -0.4615385 -0.16
0.03846154 -0.3846154 -0.04
0.1153846 -0.3846154 0
0.1538462 -0.3846154 0.08
0.1153846 -0.3846154 0.12
0.07692308 -0.4615385 0.08
0.03846154 -0.5 0.04
0 -0.5384616 0.08
-0.07692308 -0.5769231 0.12
-0.1153846 -0.6153846 0.16
-0.1153846 -0.6153846 0.16
-0.03846154 -0.5769231 0.12
0.03846154 -0.5769231 0.16
0.07692308 -0.5769231 0.2
0.03846154 -0.5384616 0.2
0.03846154 -0.5384616 0.16
0 -0.5384616 0.16
0 -0.5384616 0.12
-0.03846154 -0.5384616 0.12
-0.03846154 -0.5384616 0.16
-0.03846154 -0.5769231 0.16
-0.07692308 -0.5384616 0.28
