0.1153846 -0.3461539 0.52
0.1153846 -0.3461539 0.52
0.1153846 -0.3461539 0.52
0.1153846 -0.3461539 0.52
0.1153846 -0.3461539 0.52
0.1153846 -0.3461539 0.52
0.1153846 -0.3461539 0.52
0.1153846 -0.3461539 0.52
0.2692308 -0.2692308 0.68
0.2692308 -0.2692308 0.68
0.2692308 -0.2692308 0.68
0.2692308 -0.2692308 0.68
0.3076923 -0.2692308 0.68
0.1538462 -0.3846154 0.64
-0.07692308 -0.5 0.6
-0.2307692 -0.5769231 0.72
-0.1923077 -0.5384616 0.8
-0.07692308 -0.5 0.8
0.03846154 -0.5 0.76
0.03846154 -0.5384616 0.68
0 -0.5769231 0.6
-0.03846154 -0.6153846 0.48
-0.1153846 -0.7307692 0.4
-0.1923077 -0.7692308 0.36
-0.3076923 -0.7692308 0.4
-0.3076923 -0.7692308 0.44
-0.2692308 -0.6538461 0.44
-0.07692308 -0.5 0.4
0.07692308 -0.3461539 0.32
0.1923077 -0.2307692 0.16
0.2307692 -0.1538462 0
0.3461539 -0.07692308 -0.16
0.4230769 0.03846154 -0.36
0.4230769 0.07692308 -0.56
0.3461539 0.1153846 -0.72
0.2307692 0.1538462 -0.92
0.1538462 0.1923077 -1.08
0.1538462 0.3076923 -1.2
0.2307692 0.4230769 -1.2
0.2692308 0.5 -1.16
0.2307692 0.6153846 -1.12
0.1538462 0.6923077 -1
0 0.6923077 -0.8
-0.1153846 0.6923077 -0.56
-0.2307692 0.7307692 -0.36
-0.2307692 0.7307692 -0.2
-0.1538462 0.7307692 0
0 0.7692308 0.24
0 0.7692308 0.52
-0.2307692 0.8076923 0.96
-0.5769231 0.8076923 1.36
-0.8846154 0.8076923 1.84
-0.8461539 0.7692308 2.36
-0.5769231 0.8461539 2.72
-0.3846154 0.9230769 2.88
-0.2307692 1 2.96
-0.1153846 1.115385 3.16
0.07692308 1.192308 3.32
0.3076923 1.269231 3.24
0.4615385 1.307692 2.92
0.5384616 1.230769 2.56
0.5769231 1.115385 2.36
0.4615385 0.9615384 2.16
0.07692308 0.7692308 2.12
-0.3461539 0.5384616 2.24
-0.5769231 0.3461539 2.52
-0.6153846 0.3461539 2.64
-0.5 0.4230769 2.6
-0.2307692 0.5769231 2.4
0 0.6923077 2.04
0.1153846 0.7307692 1.68
0.03846154 0.6923077 1.44
-0.03846154 0.6153846 1.32
-0.07692308 0.5769231 1.48
-0.03846154 0.5384616 1.72
-0.07692308 0.5 1.84
-0.07692308 0.4615385 1.8
-0.07692308 0.4615385 1.68
-0.03846154 0.4615385 1.52
0 0.5 1.44
0.03846154 0.5 1.44
0.07692308 0.5384616 1.48
0.07692308 0.5769231 1.6
0.1923077 0.5769231 1.68
