0.03846154 0.2307692 1
0.03846154 0.2307692 1
0.03846154 0.2307692 1
0.03846154 0.2307692 1
0.03846154 0.2307692 1
0.03846154 0.2307692 1
0.03846154 0.2307692 1
0.03846154 0.2307692 1
0.03846154 0.2307692 0.96
0.03846154 0.2307692 0.96
0.03846154 0.2307692 0.96
0 0.1923077 0.92
0 0.1923077 0.92
0 0.2307692 0.92
0 0.2307692 0.96
-0.03846154 0.2307692 1
-0.07692308 0.2307692 1
-0.1538462 0.1923077 1.04
-0.3076923 0.1538462 1.12
-0.4615385 0.1153846 1.24
-0.6923077 0.03846154 1.36
-0.9230769 0 1.48
-1.076923 -0.07692308 1.56
-1.153846 -0.1538462 1.64
-1.230769 -0.1538462 1.72
-1.269231 -0.1538462 1.72
-1.346154 -0.1153846 1.68
-1.423077 -0.07692308 1.68
-1.538462 -0.07692308 1.68
-1.653846 -0.07692308 1.64
-1.730769 -0.03846154 1.6
-1.807692 0 1.6
-1.807692 0.07692308 1.56
-1.692308 0.1923077 1.52
-1.576923 0.3076923 1.52
-1.461538 0.3846154 1.48
-1.307692 0.5 1.52
-1.230769 0.5769231 1.52
-1.115385 0.6538461 1.56
-1.038462 0.7692308 1.6
-1 0.8461539 1.64
-0.8076923 0.9230769 1.56
-0.5769231 1 1.48
-0.3846154 1.076923 1.4
-0.1153846 1.153846 1.24
0.2307692 1.307692 1.08
0.5 1.384615 1.04
0.6153846 1.423077 1.08
0.5384616 1.346154 1.28
0.5 1.307692 1.28
0.6538461 1.307692 1.16
0.7307692 1.192308 1.12
0.5769231 1 1.12
0.5384616 0.9230769 1
0.6153846 0.8846154 0.84
0.6923077 0.9230769 0.72
0.6923077 0.9230769 0.64
0.6923077 0.8461539 0.72
0.6153846 0.7692308 0.8
0.5769231 0.6538461 0.84
0.6153846 0.5769231 0.8
0.6153846 0.5769231 0.8
0.6923077 0.5769231 0.72
0.7692308 0.5769231 0.6
0.7692308 0.5769231 0.56
0.7307692 0.4615385 0.64
0.6153846 0.3076923 0.8
0.3461539 0.1153846 0.92
0.1153846 0 1.04
0.07692308 -0.03846154 0.92
0.1538462 0 0.76
0.2307692 0.07692308 0.6
0.2692308 0.07692308 0.56
0.3076923 0 0.56
0.2692308 -0.03846154 0.6
0.2307692 -0.07692308 0.64
0.1538462 -0.1153846 0.68
0 -0.1923077 0.72
0 -0.2307692 0.76
0 -0.1923077 0.76
0.03846154 -0.1153846 0.8
0.1153846 -0.07692308 0.8
0.03846154 -0.07692308 0.76
-0.03846154 -0.1538462 0.72
-0.07692308 -0.1538462 0.72
-0.07692308 -0.1923077 0.76
-0.07692308 -0.1538462 0.76
0 -0.1538462 0.84
0.03846154 -0.07692308 0.92
0.1153846 -0.03846154 0.96
0.1923077 0.03846154 1.04
0.2307692 0.1538462 1.12
0.2692308 0.2307692 1.16
