0.1923077 0.4230769 0.84
0.2692308 0.4615385 0.84
0.2692308 0.4615385 0.84
0.2692308 0.4615385 0.84
0.2692308 0.4615385 0.84
0.2692308 0.4615385 0.84
0.2692308 0.4615385 0.84
0.2692308 0.4615385 0.84
0.2692308 0.4615385 0.84
0.2692308 0.4615385 0.84
0.2692308 0.4615385 0.84
0.3076923 0.5 0.88
0.3076923 0.5 1
0.1923077 0.4230769 1.12
0.07692308 0.3846154 1.28
0 0.3076923 1.4
0.07692308 0.3076923 1.56
0.2307692 0.3461539 1.72
0.3461539 0.4230769 1.96
0.4230769 0.4615385 2.2
0.4230769 0.5 2.56
0.4230769 0.5 2.88
0.3846154 0.5384616 3.16
0.4230769 0.6153846 3.32
0.5 0.6923077 3.4
0.5769231 0.8076923 3.32
0.6538461 0.9230769 3.2
0.6923077 1 3.16
0.6538461 1.076923 3.08
0.5384616 1.115385 3.04
0.4230769 1.115385 2.84
0.1923077 1.076923 2.4
0 1 2
-0.07692308 1 1.64
-0.07692308 0.9615384 1.52
-0.07692308 0.9230769 1.36
-0.07692308 0.8846154 0.92
-0.1923077 0.6923077 0.64
-0.3461539 0.5384616 0.32
-0.5769231 0.1923077 -0.24
-0.5769231 0.1923077 -0.24
-0.6538461 0.03846154 -0.4
-0.6923077 0 -0.44
-0.6538461 0 -0.48
-0.5 0.07692308 -0.48
-0.2692308 0.1923077 -0.6
-0.03846154 0.2692308 -0.68
0.1538462 0.3076923 -0.76
0.2307692 0.2692308 -0.76
0.3076923 0.2307692 -0.72
0.3461539 0.1538462 -0.68
0.3461539 0.07692308 -0.6
0.2692308 -0.03846154 -0.48
0.1923077 -0.1538462 -0.32
-0.03846154 -0.2692308 0.28
-0.03846154 -0.2692308 0.28
-0.1153846 -0.3076923 0.48
-0.07692308 -0.3076923 0.56
0.03846154 -0.2692308 0.56
0.1153846 -0.2692308 0.48
0.1538462 -0.2692308 0.4
0.1538462 -0.3076923 0.36
0.1538462 -0.3076923 0.36
0.07692308 -0.3461539 0.44
0 -0.3846154 0.52
-0.1538462 -0.3846154 0.64
-0.2692308 -0.4230769 0.76
-0.4230769 -0.4230769 0.92
-0.5 -0.4230769 1.08
-0.6153846 -0.4615385 1.2
-0.8076923 -0.5 1.28
-0.9615384 -0.5384616 1.32
-1.115385 -0.5769231 1.28
-1.269231 -0.5769231 1.24
-1.423077 -0.5769231 1.2
-1.538462 -0.5 1.12
-1.5 -0.4230769 1.12
-1.384615 -0.3076923 1.04
-1.230769 -0.1538462 0.92
-1.038462 -0.03846154 0.76
-0.8461539 0.03846154 0.76
-0.6923077 0.1538462 0.8
-0.5 0.1923077 0.76
-0.3461539 0.2692308 0.76
-0.1538462 0.2692308 0.68
0 0.3076923 0.52
0.03846154 0.2692308 0.32
0 0.2692308 0.28
0.03846154 0.2307692 0.36
0.1153846 0.1538462 0.56
0.2692308 0.1153846 0.76
0.5 0.1538462 0.84
0.7307692 0.2692308 0.92
0.9230769 0.2307692 0.92
1.115385 0.2307692 1
1.269231 0.2307692 1.12
1.384615 0.1923077 1.16
1.346154 0.1538462 1.2
1.269231 0.1538462 1.12
1.153846 0.1153846 1.04
1.076923 0.03846154 1.04
0.9615384 -0.03846154 1.12
0.8461539 -0.1153846 1.2
0.7692308 -0.1923077 1.24
0.6538461 -0.2307692 1.2
0.6538461 -0.2307692 1.16
0.6153846 -0.1923077 1.08
0.5769231 -0.1923077 0.96
0.5384616 -0.1538462 0.92
0.5384616 -0.1153846 0.88
0.5 -0.07692308 0.8
0.5 -0.07692308 0.68
0.4230769 -0.1153846 0.68
0.3846154 -0.1153846 0.64
0.3461539 -0.1153846 0.64
0.3461539 -0.07692308 0.64
0.3076923 -0.03846154 0.6
0.3076923 -0.03846154 0.52
0.3076923 -0.03846154 0.48
0.2692308 -0.03846154 0.44
0.3076923 0.03846154 0.4
0.3461539 0.1153846 0.4
0.3461539 0.1923077 0.32
0.3076923 0.1923077 0.32
0.2692308 0.2307692 0.32
0.2307692 0.1923077 0.28
0.2307692 0.1153846 0.24
0.2307692 0.1153846 0.2
0.2692308 0.1153846 0.12
0.3461539 0.1538462 0.04
0.3846154 0.2692308 0.04
0.4230769 0.2692308 0
0.3461539 0.2307692 0.04
0.1538462 0.1923077 0.08
0 0.1153846 0.08
-0.1153846 0.1153846 0.08
-0.2307692 0.1153846 0.2
-0.2692308 0.1538462 0.44
-0.2307692 0.2692308 0.84
-0.1923077 0.4615385 1.36
-0.1923077 0.5769231 1.92
-0.1923077 0.6153846 2.4
-0.1923077 0.5769231 2.68
-0.2307692 0.5 2.8
-0.2692308 0.4230769 2.88
-0.3846154 0.3076923 2.84
-0.4230769 0.2307692 2.76
-0.3461539 0.1923077 2.6
-0.2692308 0.1923077 2.4
-0.1538462 0.1923077 2.2
0 0.1923077 1.96
0.1153846 0.1923077 1.8
0.1923077 0.2307692 1.68
0.1923077 0.1923077 1.6
0.1923077 0.1923077 1.64
0.1538462 0.2307692 1.68
0.1538462 0.2307692 1.72
0.1538462 0.2307692 1.72
0.1538462 0.1923077 1.64
0.1923077 0.2307692 1.52
0.2307692 0.1923077 1.44
0.2692308 0.2307692 1.32
0.3461539 0.2692308 1.2
0.3846154 0.3461539 1.16
0.3846154 0.3461539 1.16
0.3846154 0.3461539 1.2
0.4615385 0.3461539 1.2
0.4230769 0.3846154 1.12
0.4615385 0.3461539 1.04
0.5384616 0.3461539 0.88
0.5384616 0.3461539 0.68
0.5384616 0.3461539 0.68
0.5384616 0.3461539 0.6
0.5384616 0.3461539 0.56
0.5769231 0.3846154 0.6
0.6538461 0.3461539 0.72
0.6538461 0.3461539 0.72
0.6153846 0.2692308 0.68
0.6153846 0.2307692 0.6
0.6153846 0.2307692 0.56
0.6923077 0.3076923 0.52
0.7692308 0.4230769 0.48
0.7692308 0.5 0.4
0.7307692 0.5769231 0.4
0.6153846 0.6153846 0.48
0.3846154 0.5 0.68
0.1153846 0.4230769 0.92
-0.1538462 0.3461539 1.04
-0.3461539 0.2692308 1.12
-0.4615385 0.2692308 1.16
-0.5 0.2692308 1.24
-0.4230769 0.3076923 1.28
-0.3461539 0.3461539 1.32
-0.2692308 0.3846154 1.28
-0.3076923 0.3846154 1.24
-0.2692308 0.3461539 1.16
-0.2692308 0.3846154 1.12
-0.2692308 0.3461539 1.12
-0.2692308 0.3461539 1.16
-0.3076923 0.3461539 1.24
-0.3076923 0.3076923 1.32
-0.3076923 0.2692308 1.32
-0.3076923 0.2692308 1.28
-0.2692308 0.2692308 1.24
-0.2307692 0.2692308 1.2
-0.1538462 0.3076923 1.16
-0.1153846 0.3076923 1.12
-0.07692308 0.3076923 1.12
-0.03846154 0.3076923 1.2
0 0.2692308 1.2
0 0.3076923 1.16
0 0.3076923 1.16
0 0.3076923 1.12
