0.1923077 -0.1538462 1
0.1923077 -0.1538462 1
0.1923077 -0.1538462 1
0.1923077 -0.1538462 1
0.1923077 -0.1538462 1
0.1923077 -0.1538462 1
0.1923077 -0.1538462 1
0.1923077 -0.1538462 1
0.1923077 -0.1538462 1
0.1923077 -0.1538462 1
0.1923077 -0.1538462 1
0.1923077 -0.1538462 1
0.1923077 -0.1538462 1
0.1923077 -0.1538462 1
0.1923077 -0.1153846 0.96
0.2692308 -0.07692308 0.96
0.3076923 -0.07692308 0.96
0.2692308 -0.07692308 0.96
0.1923077 -0.1153846 1
0.07692308 -0.1538462 1
0 -0.1923077 1
0.03846154 -0.1538462 1
0.07692308 -0.1538462 0.96
0.07692308 -0.1153846 0.92
0.07692308 -0.07692308 0.92
0.03846154 -0.07692308 0.88
0 -0.07692308 0.84
-0.03846154 -0.03846154 0.84
-0.07692308 -0.03846154 0.8
-0.1538462 -0.03846154 0.76
-0.2307692 -0.07692308 0.68
-0.3461539 -0.1153846 0.6
-0.4615385 -0.1923077 0.56
-0.5769231 -0.1923077 0.48
-0.6923077 -0.2307692 0.4
-0.8076923 -0.3076923 0.28
-0.8461539 -0.3076923 0.24
-0.9230769 -0.3076923 0.2
-0.9230769 -0.3076923 0.16
-0.8846154 -0.2307692 0.12
-0.8076923 -0.1538462 0.08
-0.8076923 -0.1538462 0.04
-0.8076923 -0.1153846 0.04
-0.8076923 -0.07692308 0.08
-0.7692308 0 0.12
-0.6923077 0.07692308 0.2
-0.6153846 0.1538462 0.36
-0.5 0.2692308 0.56
-0.3461539 0.4230769 0.68
-0.1538462 0.5 0.76
0 0.6538461 0.92
0.1538462 0.8076923 1.12
0.3461539 0.9230769 1.36
0.6153846 1.115385 1.64
0.9230769 1.269231 1.8
1.153846 1.384615 2
1.269231 1.307692 2.2
1.230769 1.192308 2.36
1.115385 1 2.32
0.9615384 0.8846154 2.24
0.8846154 0.7692308 2.12
0.8461539 0.7307692 1.92
0.8076923 0.6538461 1.72
0.7692308 0.5769231 1.56
0.7307692 0.5 1.44
0.6538461 0.4615385 1.32
0.5769231 0.4230769 1.2
0.5384616 0.3846154 1.12
0.5384616 0.3461539 1.04
0.5 0.3461539 1.04
0.5 0.3461539 1.08
0.5 0.3461539 1.04
0.5 0.3461539 1
0.4615385 0.3461539 0.92
0.4230769 0.3461539 0.84
0.4230769 0.3461539 0.76
0.4230769 0.3076923 0.68
0.4230769 0.3076923 0.6
0.5769231 0.3076923 0.4
0.5769231 0.3076923 0.4
0.6153846 0.2692308 0.32
0.6538461 0.2307692 0.24
0.6153846 0.1923077 0.12
0.6153846 0.1538462 0.08
0.6153846 0.1923077 0
0.6538461 0.2307692 -0.08
0.7307692 0.3461539 -0.12
0.8076923 0.4615385 -0.2
0.8846154 0.5769231 -0.24
0.8846154 0.6538461 -0.28
0.8461539 0.7692308 -0.28
0.7692308 0.8076923 -0.2
0.6538461 0.8461539 -0.12
0.5384616 0.8461539 -0.04
0.4230769 0.8846154 0.08
0.3076923 0.9230769 0.16
0.2692308 1 0.24
0.3076923 1.076923 0.36
0.2692308 1.153846 0.6
0.2307692 1.230769 0.84
0.1153846 1.269231 1.08
-0.03846154 1.269231 1.36
-0.2692308 1.230769 1.68
-0.4615385 1.115385 1.96
-0.5769231 1 2.12
-0.5769231 0.9615384 2.12
-0.5769231 0.9615384 2
-0.5 0.9615384 1.92
-0.4615385 0.9230769 1.92
-0.4230769 0.9230769 1.96
-0.4230769 0.8461539 1.96
-0.4615385 0.8076923 1.92
-0.4615385 0.8076923 1.88
-0.4230769 0.7692308 1.84
-0.3846154 0.7692308 1.76
-0.3461539 0.7692308 1.64
-0.1923077 0.7692308 1.36
-0.1923077 0.7692308 1.36
-0.1153846 0.8076923 1.32
-0.07692308 0.7692308 1.32
-0.07692308 0.7692308 1.28
-0.07692308 0.7692308 1.28
-0.07692308 0.7307692 1.24
-0.03846154 0.7307692 1.2
-0.03846154 0.7307692 1.12
0 0.6923077 1
0.03846154 0.6923077 0.92
0.03846154 0.6923077 0.8
0.07692308 0.6538461 0.76
0.03846154 0.6538461 0.72
0.07692308 0.6153846 0.68
0.03846154 0.5769231 0.68
0.07692308 0.5769231 0.72
0.1153846 0.5769231 0.72
0.1923077 0.6153846 0.76
0.1923077 0.6153846 0.76
0.1923077 0.6538461 0.72
0.2307692 0.6538461 0.72
0.2307692 0.6923077 0.68
