1.038462 0.6538461 1.56
1.038462 0.6538461 1.56
1.038462 0.6538461 1.56
1.038462 0.6538461 1.56
1.038462 0.6538461 1.56
1.038462 0.6538461 1.56
1.038462 0.6538461 1.56
1.038462 0.6538461 1.56
1.038462 0.6538461 1.56
1.038462 0.6538461 1.56
1.038462 0.6538461 1.56
1.038462 0.6538461 1.56
1.076923 0.6538461 1.64
1.115385 0.7307692 1.8
1.115385 0.7692308 2.04
1.115385 0.7692308 2.24
1.076923 0.7692308 2.4
1.038462 0.7692308 2.52
0.9615384 0.8076923 2.68
0.8846154 0.8461539 2.84
0.7692308 0.9230769 3.04
0.6153846 0.9230769 3.08
0.4230769 0.8846154 2.92
0.2307692 0.8846154 2.8
0.03846154 0.8461539 2.72
-0.1538462 0.8461539 2.76
-0.3076923 0.9230769 2.8
-0.5 0.9615384 2.76
-0.6538461 1.076923 2.64
-0.7692308 1.115385 2.48
-0.8076923 1.153846 2.24
-0.8461539 1.153846 2
-0.8461539 1.115385 1.72
-0.8846154 1.115385 1.52
-0.9230769 1.076923 1.28
-0.9230769 1 1.08
-0.9615384 0.9615384 0.92
-0.9615384 0.8846154 0.76
-0.9230769 0.8076923 0.64
-0.8461539 0.7692308 0.56
-0.8461539 0.6538461 0.44
-0.8461539 0.5384616 0.36
-0.8846154 0.4230769 0.24
-0.9230769 0.3461539 0.2
-0.9230769 0.2692308 0.16
-0.9230769 0.2307692 0.2
-0.8846154 0.1923077 0.2
-0.8076923 0.1923077 0.24
-0.7307692 0.2307692 0.2
-0.6153846 0.2692308 0.16
-0.5 0.3076923 0.12
-0.4230769 0.2692308 0.04
-0.3846154 0.2307692 -0.04
-0.3846154 0.1923077 -0.16
-0.4230769 0.1538462 -0.2
-0.4230769 0.1153846 -0.2
-0.3846154 0.07692308 -0.2
-0.3076923 0.07692308 -0.24
-0.2692308 0.03846154 -0.28
-0.2307692 0.07692308 -0.36
-0.1923077 0.07692308 -0.4
-0.1153846 0.07692308 -0.4
-0.1153846 0.07692308 -0.4
-0.1153846 0.03846154 -0.44
-0.1923077 0 -0.44
-0.2307692 0 -0.48
-0.1538462 0.03846154 -0.52
-0.1153846 0.07692308 -0.56
0 0.1923077 -0.6
0.1153846 0.2692308 -0.68
0.2307692 0.2692308 -0.72
0.3076923 0.3076923 -0.68
0.3461539 0.3846154 -0.68
0.4230769 0.4230769 -0.64
0.4230769 0.4615385 -0.64
0.4230769 0.5 -0.6
0.4615385 0.5769231 -0.56
0.5769231 0.6538461 -0.48
0.6923077 0.7307692 -0.44
0.8461539 0.8076923 -0.4
0.9615384 0.8461539 -0.28
1.038462 0.9230769 -0.2
1.192308 0.9615384 -0.12
1.307692 1 -0.12
1.384615 1.038462 -0.04
1.346154 1.115385 0.08
1.307692 1.153846 0.24
1.307692 1.192308 0.44
1.384615 1.269231 0.64
1.461538 1.346154 0.84
1.538462 1.384615 1
1.576923 1.384615 1.08
1.538462 1.384615 1.2
1.5 1.346154 1.32
1.384615 1.307692 1.48
1.230769 1.269231 1.64
1.115385 1.230769 1.76
1.038462 1.192308 1.88
0.9615384 1.230769 1.92
0.8846154 1.192308 2
0.7307692 1.153846 2.12
0.5769231 1.076923 2.2
0.4615385 1 2.2
0.3461539 0.9615384 2.16
0.2307692 0.9615384 2.08
0.1923077 1 1.92
0.07692308 1 1.92
-0.1153846 1 2.08
-0.2307692 1 2.2
-0.2307692 1.076923 2.32
-0.1538462 1.153846 2.36
-0.1538462 1.192308 2.32
-0.1538462 1.269231 2.32
-0.1923077 1.269231 2.32
-0.2692308 1.192308 2.32
-0.2692308 1.115385 2.36
-0.2307692 1.076923 2.36
-0.1923077 1 2.24
-0.1538462 0.9615384 2.08
-0.2692308 0.8461539 1.96
-0.3461539 0.7307692 1.84
-0.4230769 0.6538461 1.76
-0.3846154 0.6153846 1.6
-0.3846154 0.6153846 1.4
-0.3846154 0.5769231 1.2
-0.3846154 0.5384616 1.08
-0.3846154 0.5 1
-0.4230769 0.4615385 1
