-0.07692308 0.5384616 1.28
-0.07692308 0.5384616 1.28
-0.07692308 0.5384616 1.28
-0.07692308 0.5384616 1.28
-0.07692308 0.5384616 1.28
-0.07692308 0.5384616 1.28
-0.07692308 0.5384616 1.28
-0.07692308 0.5384616 1.28
-0.07692308 0.5384616 1.28
-0.07692308 0.5384616 1.28
-0.07692308 0.5384616 1.28
-0.07692308 0.5384616 1.28
-0.07692308 0.5384616 1.36
0 0.5384616 1.52
0 0.5384616 1.76
-0.07692308 0.4615385 2
-0.2307692 0.4230769 2.28
-0.3461539 0.3461539 2.56
-0.2692308 0.4230769 2.84
-0.07692308 0.5769231 3.04
0.1923077 0.7307692 3.12
0.3846154 0.8846154 3.2
0.4230769 1 3.2
0.3461539 1.076923 3.24
0.1923077 1.115385 3.2
0.03846154 1.192308 3.12
-0.1153846 1.192308 2.96
-0.2692308 1.153846 2.84
-0.3461539 1.153846 2.72
-0.3076923 1.192308 2.52
-0.1923077 1.269231 2.32
-0.03846154 1.307692 2.12
0.07692308 1.384615 2
0.1538462 1.423077 1.84
0.1538462 1.423077 1.72
0.1153846 1.423077 1.64
0.1153846 1.423077 1.56
0.1153846 1.346154 1.4
0.07692308 1.192308 1.2
0.03846154 1.115385 0.92
0.07692308 1 0.64
0.1153846 0.9230769 0.44
0.1538462 0.9230769 0.4
0.1153846 0.9615384 0.48
0.1153846 0.9230769 0.44
0.07692308 0.8846154 0.32
0 0.7692308 0.24
-0.03846154 0.6923077 0.16
-0.07692308 0.6153846 0.08
-0.07692308 0.5384616 0
-0.1538462 0.4615385 -0.04
-0.1538462 0.3846154 -0.12
-0.1538462 0.2692308 -0.2
-0.1923077 0.2692308 -0.2
-0.1923077 0.1923077 -0.24
-0.1538462 0.1153846 -0.32
-0.1923077 0.07692308 -0.36
-0.1538462 0 -0.4
-0.07692308 -0.03846154 -0.4
-0.07692308 -0.07692308 -0.44
-0.03846154 -0.1538462 -0.44
0 -0.1923077 -0.48
0.03846154 -0.2692308 -0.52
0.03846154 -0.3461539 -0.6
-0.03846154 -0.4230769 -0.64
-0.07692308 -0.4615385 -0.64
-0.03846154 -0.5769231 -0.68
-0.03846154 -0.6153846 -0.64
-0.03846154 -0.5769231 -0.6
0.03846154 -0.5769231 -0.52
0.07692308 -0.5384616 -0.52
0.1538462 -0.5384616 -0.52
0.1923077 -0.5384616 -0.52
0.1923077 -0.5384616 -0.52
