0.03846154 -0.6153846 0.36
0.03846154 -0.6153846 0.36
0.03846154 -0.6153846 0.36
0.03846154 -0.6153846 0.36
0.03846154 -0.6153846 0.36
0.03846154 -0.6153846 0.36
0.03846154 -0.6153846 0.36
0.03846154 -0.6153846 0.36
0.03846154 -0.6153846 0.36
0.03846154 -0.6153846 0.36
0.03846154 -0.6153846 0.36
0.03846154 -0.5769231 0.32
0.03846154 -0.5769231 0.32
-0.03846154 -0.5769231 0.24
-0.07692308 -0.5384616 0.08
-0.1153846 -0.4615385 -0.12
-0.1538462 -0.3846154 -0.4
-0.1538462 -0.2692308 -0.6
-0.1538462 -0.1538462 -0.72
-0.07692308 -0.07692308 -0.84
-0.07692308 0 -0.96
-0.07692308 0.07692308 -1
-0.03846154 0.1153846 -1
0 0.1923077 -0.96
0.03846154 0.2692308 -0.88
0.03846154 0.3076923 -0.8
0 0.3461539 -0.76
-0.1153846 0.4615385 -0.68
-0.1153846 0.4615385 -0.68
-0.1538462 0.5384616 -0.52
-0.1923077 0.5769231 -0.36
-0.1538462 0.5769231 -0.24
-0.1538462 0.6538461 -0.08
-0.1538462 0.6923077 0.12
-0.1923077 0.7692308 0.32
-0.2692308 0.8846154 0.64
-0.2307692 0.9615384 0.8
-0.1923077 1 1
-0.1153846 1 1.16
0 1.192308 1.6
0.1153846 1.307692 1.92
0.2692308 1.423077 2.24
0.4230769 1.461538 2.48
0.3846154 1.5 2.52
0.3461539 1.5 2.44
0.4230769 1.423077 2.36
0.5769231 1.423077 2.4
0.6923077 1.346154 2.48
0.6153846 1.269231 2.48
0.2692308 1.076923 2.48
-0.1538462 0.8461539 2.52
-0.5 0.6538461 2.52
-0.6153846 0.6153846 2.48
-0.5384616 0.6538461 2.36
-0.4230769 0.7307692 2.28
-0.1923077 0.8076923 2.24
0.07692308 0.9615384 2.24
0.2692308 1.038462 2.2
0.2307692 0.9615384 2.12
0.07692308 0.8461539 2.04
-0.1153846 0.6923077 1.92
-0.1923077 0.6153846 1.76
-0.1538462 0.6153846 1.64
-0.1153846 0.6153846 1.6
-0.03846154 0.6923077 1.56
0 0.6923077 1.52
0.03846154 0.6923077 1.44
0.07692308 0.7307692 1.32
0.1153846 0.6923077 1.24
0.07692308 0.6538461 1.16
0 0.6153846 1.12
-0.03846154 0.5769231 1.12
-0.03846154 0.5769231 1.08
0 0.6153846 1.04
0.07692308 0.6538461 1.08
0.1538462 0.6923077 1.12
0.1923077 0.7307692 1.16
0.1153846 0.7307692 1.2
0.07692308 0.6923077 1.28
0 0.6923077 1.44
-0.03846154 0.6538461 1.64
0 0.6538461 1.8
0.03846154 0.6923077 1.88
