0.1538462 0.07692308 0.96
0.1538462 0.07692308 0.96
0.1538462 0.07692308 0.96
0.1538462 0.07692308 0.96
0.1538462 0.07692308 0.96
0.1538462 0.07692308 0.96
0.1153846 0.07692308 0.96
0.1153846 0.07692308 0.96
0.1153846 0.07692308 0.96
0.1153846 0.07692308 0.96
0.1153846 0.07692308 0.96
0.1153846 0.07692308 0.96
0.1153846 0.03846154 1
0.07692308 0.03846154 1
0.07692308 0.07692308 1
0.1153846 0.1153846 1
0.1538462 0.1153846 1
0.1923077 0.1538462 1
0.1923077 0.1538462 0.96
0.1538462 0.1923077 0.96
0.1153846 0.1923077 0.96
0.07692308 0.1538462 0.96
0.07692308 0.1538462 0.96
0.07692308 0.1923077 0.96
0.07692308 0.2307692 0.92
0.1153846 0.2692308 0.96
0.1153846 0.3076923 1
0.1153846 0.3076923 1
0.1153846 0.3461539 1
0.07692308 0.3461539 1.04
0 0.3076923 1.04
-0.03846154 0.3076923 1.12
-0.07692308 0.3076923 1.12
-0.1153846 0.3076923 1.16
-0.07692308 0.3076923 1.24
-0.1153846 0.3461539 1.28
-0.1923077 0.3461539 1.4
-0.2307692 0.3846154 1.44
-0.3076923 0.4615385 1.52
-0.3846154 0.4615385 1.64
-0.5 0.4615385 1.8
-0.6538461 0.4230769 1.88
-0.8076923 0.3846154 1.88
-0.9615384 0.3076923 1.76
-0.9230769 0.3076923 1.52
-0.7692308 0.3461539 1.36
-0.6923077 0.3461539 1.12
-0.6153846 0.3461539 0.96
-0.4230769 0.4230769 0.8
-0.2692308 0.4230769 0.76
0.2307692 0.4230769 0.92
0.6153846 0.4615385 0.96
0.9615384 0.5769231 0.96
1.153846 0.5384616 0.88
1.192308 0.5 0.76
1.076923 0.3846154 0.76
0.9615384 0.1923077 0.8
0.9230769 0 0.88
1.038462 -0.03846154 0.88
1.192308 0 0.76
1.346154 0.1538462 0.6
1.423077 0.2307692 0.44
1.461538 0.2692308 0.32
1.461538 0.2692308 0.24
1.346154 0.1538462 0.28
1.153846 -0.03846154 0.36
0.9615384 -0.2692308 0.44
0.8846154 -0.3076923 0.52
0.9230769 -0.2692308 0.56
0.9615384 -0.1923077 0.56
0.9615384 -0.2307692 0.52
1.038462 -0.2307692 0.48
1.038462 -0.1538462 0.4
1.038462 -0.07692308 0.36
1.038462 -0.03846154 0.28
0.9615384 0 0.16
0.8846154 -0.07692308 0.08
0.7692308 -0.1538462 0.04
0.6923077 -0.1923077 0.08
0.6923077 -0.2307692 0.2
0.6923077 -0.1923077 0.44
0.6923077 -0.07692308 0.6
0.6538461 -0.03846154 0.68
0.6153846 0 0.72
0.5769231 -0.03846154 0.8
0.5 -0.07692308 0.92
0.4230769 -0.1538462 1
0.3846154 -0.1923077 1.08
0.5 -0.2307692 1.04
