0.03846154 0.6153846 1.28
0.03846154 0.6153846 1.28
0.03846154 0.6153846 1.28
0.03846154 0.6153846 1.28
0.03846154 0.6153846 1.28
0.03846154 0.6153846 1.28
0.03846154 0.6153846 1.28
0.03846154 0.6153846 1.28
0.03846154 0.6153846 1.28
0.03846154 0.6153846 1.28
0.1153846 0.6153846 1.36
0.1153846 0.6153846 1.36
0.1153846 0.6538461 1.44
0.1153846 0.6538461 1.6
0.07692308 0.6538461 1.72
0.03846154 0.6153846 1.96
0 0.6153846 2.16
0.03846154 0.5769231 2.36
0.1538462 0.5769231 2.48
0.1923077 0.6538461 2.68
0.2307692 0.6923077 2.92
0.2307692 0.7307692 3.08
0.2307692 0.8076923 3.08
0.1923077 0.8846154 2.96
0.07692308 0.8846154 2.76
0.03846154 0.9230769 2.64
0.03846154 0.9615384 2.56
0.03846154 1.038462 2.52
0.07692308 1.115385 2.48
0.1153846 1.153846 2.36
0.1153846 1.153846 2.24
0.1538462 1.230769 2.12
0.1923077 1.269231 2.04
0.2307692 1.307692 1.96
0.2307692 1.307692 1.84
0.1923077 1.346154 1.68
0.1923077 1.346154 1.52
0.1538462 1.307692 1.4
0.1923077 1.269231 1.28
0.1538462 1.230769 1.16
0.07692308 1.153846 0.92
0.07692308 1.115385 0.72
0.07692308 1.038462 0.52
0.03846154 0.9615384 0.32
0.03846154 0.8461539 0.12
0.03846154 0.6923077 -0.04
0 0.5 -0.2
0 0.3846154 -0.28
-0.07692308 0.2692308 -0.28
-0.1538462 0.1923077 -0.2
-0.1538462 0.1538462 -0.16
-0.1538462 0.1153846 -0.16
-0.1153846 0.1153846 -0.2
-0.07692308 0.07692308 -0.2
0 0.07692308 -0.2
0 0.07692308 -0.24
-0.03846154 0.03846154 -0.28
-0.07692308 0.03846154 -0.36
-0.07692308 0.03846154 -0.36
0 -0.03846154 -0.44
0.07692308 -0.1153846 -0.4
0.1153846 -0.2307692 -0.4
0.1538462 -0.2307692 -0.36
0.1153846 -0.2692308 -0.4
0 -0.3461539 -0.4
-0.1153846 -0.4230769 -0.36
-0.1923077 -0.5 -0.28
-0.2692308 -0.5384616 -0.24
-0.2692308 -0.5384616 -0.24
-0.2307692 -0.5769231 -0.28
-0.2307692 -0.5769231 -0.28
-0.1538462 -0.5769231 -0.28
-0.07692308 -0.6153846 -0.24
-0.03846154 -0.5769231 -0.2
0.03846154 -0.5769231 -0.16
0.1153846 -0.5769231 -0.16
0.1538462 -0.5769231 -0.16
0.1538462 -0.5769231 -0.16
0.1538462 -0.6538461 -0.24
0.1538462 -0.7307692 -0.36
0.1153846 -0.7692308 -0.48
0.07692308 -0.8076923 -0.52
0.07692308 -0.8461539 -0.52
0.07692308 -0.8461539 -0.44
0.1153846 -0.8461539 -0.36
0.1153846 -0.8076923 -0.36
0.1153846 -0.8076923 -0.4
0.07692308 -0.8076923 -0.4
0.03846154 -0.7692308 -0.44
0.03846154 -0.7692308 -0.44
0.07692308 -0.7307692 -0.48
0.1153846 -0.6923077 -0.48
0.1538462 -0.6538461 -0.44
0.2307692 -0.5384616 -0.36
0.2307692 -0.5384616 -0.36
0.3076923 -0.3846154 -0.32
0.2692308 -0.2307692 -0.2
