0.2307692 0.1538462 0.92
0.2307692 0.1538462 0.92
0.2307692 0.1538462 0.92
0.2307692 0.1538462 0.92
0.2307692 0.1538462 0.92
0.2307692 0.1538462 0.92
0.2307692 0.1538462 0.92
0.2307692 0.1538462 0.92
0.2307692 0.1538462 0.92
0.2307692 0.1538462 0.92
0.2307692 0.1538462 0.92
0.2307692 0.1538462 0.92
0.2307692 0.1153846 0.96
0.2307692 0.1538462 1
0.2692308 0.1538462 1
0.2307692 0.1538462 1.04
0.2307692 0.1538462 1
0.1923077 0.1538462 1
0.1538462 0.1538462 0.96
0.1153846 0.1538462 0.92
0.1153846 0.1923077 0.96
0.1153846 0.2307692 0.96
0.07692308 0.2307692 1
0.03846154 0.2307692 1
-0.07692308 0.2307692 1.08
-0.1923077 0.2692308 1.2
-0.2692308 0.3076923 1.28
-0.3461539 0.3461539 1.32
-0.3461539 0.4615385 1.32
-0.4230769 0.5 1.36
-0.5 0.5769231 1.44
-0.5769231 0.6153846 1.56
-0.5769231 0.6153846 1.64
-0.6538461 0.6153846 1.68
-0.7692308 0.6153846 1.76
-0.8076923 0.6153846 1.76
-0.7692308 0.6538461 1.76
-0.7307692 0.6923077 1.72
-0.6538461 0.6923077 1.64
-0.5769231 0.6923077 1.64
-0.5384616 0.6923077 1.68
-0.5769231 0.6923077 1.68
-0.6923077 0.6153846 1.64
-0.8076923 0.5384616 1.52
-0.8461539 0.4615385 1.36
-0.7692308 0.4615385 1.24
-0.5769231 0.5 1.04
-0.4615385 0.4615385 0.84
-0.4230769 0.3846154 0.76
-0.3461539 0.3076923 0.76
-0.1153846 0.3076923 0.8
0.2307692 0.3846154 0.76
0.6538461 0.5 0.6
1.115385 0.6153846 0.36
1.307692 0.6153846 0.04
1.307692 0.5769231 -0.08
1.230769 0.3846154 -0.16
1.230769 0.03846154 0.24
1.384615 0 0.48
1.692308 0.1153846 0.64
2.076923 0.3461539 0.68
2.384615 0.5 0.56
2.423077 0.5384616 0.4
2.269231 0.3076923 0.28
1.923077 0.07692308 0.28
1.615385 -0.1538462 0.36
1.346154 -0.2692308 0.48
1.115385 -0.3461539 0.6
0.9615384 -0.3076923 0.6
0.8461539 -0.2692308 0.56
0.8076923 -0.1923077 0.44
0.8076923 -0.1538462 0.36
0.7307692 -0.07692308 0.32
0.6538461 -0.07692308 0.36
0.5769231 -0.07692308 0.4
0.5 -0.07692308 0.48
0.4615385 -0.07692308 0.56
0.4615385 -0.07692308 0.6
0.4615385 -0.07692308 0.64
0.5 -0.07692308 0.64
0.6153846 0 0.68
0.7307692 0.03846154 0.68
0.8076923 0.07692308 0.8
0.8846154 0.1153846 0.96
0.9230769 0.1538462 1.12
