0.1538462 0.1153846 1
0.1538462 0.1153846 1
0.1538462 0.1153846 1
0.1538462 0.1153846 1
0.1538462 0.1153846 1
0.1538462 0.1153846 1
0.1538462 0.1153846 1
0.1538462 0.1153846 1
0.1538462 0.1153846 1
0.1538462 0.1153846 1
0.1538462 0.1153846 1
0.1153846 0.1153846 0.96
0.1538462 0.1153846 0.92
0.1153846 0.1153846 0.92
0.07692308 0.1153846 0.96
0.07692308 0.1153846 1
0.07692308 0.1153846 1
0.1153846 0.1153846 0.96
0.1153846 0.1538462 0.96
0.1923077 0.1538462 0.96
0.2307692 0.1923077 0.96
0.1923077 0.1538462 1
0.1153846 0.1538462 1.04
0.07692308 0.1153846 1.04
0.07692308 0.1153846 1.04
0.07692308 0.1153846 1
0.07692308 0.1538462 1
0.1153846 0.1538462 1
0.1538462 0.1923077 1
0.1153846 0.1923077 1.04
0.03846154 0.1923077 1.08
-0.07692308 0.2307692 1.2
-0.2692308 0.2692308 1.28
-0.4230769 0.3076923 1.24
-0.5769231 0.3846154 1.2
-0.6923077 0.4615385 1.28
-0.8076923 0.4615385 1.4
-0.9230769 0.4615385 1.48
-1.038462 0.4230769 1.52
-1.153846 0.3846154 1.56
-1.192308 0.3461539 1.44
-1.230769 0.3076923 1.32
-1.230769 0.2692308 1.28
-1.230769 0.2307692 1.28
-1.153846 0.1923077 1.28
-1.153846 0.1923077 1.32
-1.153846 0.1923077 1.36
-1.076923 0.2692308 1.36
-0.8846154 0.3461539 1.32
-0.6153846 0.4230769 1.24
-0.3076923 0.5769231 1.12
-0.07692308 0.6538461 1
0.07692308 0.6923077 0.88
0.03846154 0.6538461 0.8
0.03846154 0.6153846 0.76
0.1153846 0.6153846 0.8
0.2307692 0.6153846 0.84
0.2692308 0.5769231 0.92
0.4230769 0.5384616 0.68
0.5769231 0.5 0.48
0.7692308 0.5 0.32
0.8461539 0.5769231 0.44
0.9230769 0.5769231 0.72
1 0.6153846 0.96
1.038462 0.6153846 1.12
1.153846 0.4615385 1.08
1.346154 0.3846154 0.96
1.576923 0.4230769 0.76
1.769231 0.4230769 0.6
1.807692 0.4230769 0.56
1.807692 0.3461539 0.6
1.692308 0.2692308 0.68
1.538462 0.1923077 0.72
1.346154 0.03846154 0.68
1.115385 -0.1538462 0.6
0.9230769 -0.1923077 0.52
0.7692308 -0.1538462 0.44
0.6538461 -0.1538462 0.44
0.4230769 -0.1153846 0.48
0.3076923 -0.07692308 0.52
0.3076923 -0.03846154 0.6
0.3461539 -0.03846154 0.68
0.4615385 0 0.8
0.5384616 0.1153846 0.88
0.6153846 0.1538462 0.92
0.6923077 0.2692308 0.96
0.6538461 0.3076923 0.96
0.5384616 0.2307692 1
0.3846154 0.1538462 0.96
0.2692308 0.03846154 0.88
0.2692308 -0.03846154 0.84
0.3076923 0 0.76
0.3846154 0.07692308 0.76
0.4230769 0.1538462 0.8
0.4615385 0.2692308 0.84
0.4615385 0.2692308 0.92
0.4615385 0.2692308 1
0.4230769 0.1923077 1
0.3846154 0.1538462 1
0.4230769 0.1153846 1
0.4615385 0.1153846 1
0.6923077 0.1538462 1.08
0.8076923 0.1923077 1.08
