0.03846154 0 1
0.03846154 0 1
0.03846154 0 1
0.03846154 0 1
0.03846154 0 1
0.03846154 0 1
0.03846154 0 1
0.03846154 0 1
0.03846154 0 1
0.03846154 0 1
0.03846154 -0.03846154 1
0.03846154 -0.03846154 1
0.03846154 -0.03846154 1
0.03846154 -0.03846154 1
0.03846154 -0.03846154 1
0 -0.03846154 1
0.03846154 -0.03846154 0.96
0.03846154 -0.03846154 1
0.03846154 0 1
0.07692308 0 1
0.07692308 0 0.96
0.1153846 0 1
0.1153846 0 1
0.07692308 -0.03846154 0.96
0.07692308 -0.03846154 0.96
0.1153846 -0.03846154 0.96
0.1538462 0 0.96
0.2307692 0.03846154 0.92
0.3461539 0.07692308 0.92
0.4230769 0.07692308 0.92
0.4615385 0.1153846 0.92
0.4615385 0.07692308 0.92
0.4615385 0.07692308 0.92
0.5 0.1153846 0.92
0.5384616 0.1153846 0.96
0.6153846 0.1538462 1
0.6923077 0.2307692 1
0.7307692 0.2692308 1
0.7692308 0.3076923 1
0.8461539 0.3846154 1
0.8461539 0.4615385 1.08
0.8846154 0.4615385 1.12
0.8461539 0.4615385 1.16
0.7692308 0.4230769 1.16
0.7307692 0.4230769 1.08
0.6923077 0.3846154 1
0.8076923 0.3846154 0.92
0.9230769 0.4615385 0.84
0.9615384 0.5 0.88
1 0.5769231 0.92
0.8461539 0.5769231 0.92
0.6923077 0.5 0.92
0.6153846 0.4230769 0.96
0.5384616 0.4230769 1
0.4615385 0.4230769 1.04
0.3461539 0.4230769 1.08
0.2692308 0.4615385 1.12
0.1923077 0.4230769 1.16
0.1538462 0.4230769 1.24
0.07692308 0.4230769 1.24
0 0.3846154 1.12
-0.03846154 0.3461539 1
0 0.3461539 1
0 0.3846154 1
0.03846154 0.4230769 0.96
0.03846154 0.4615385 0.96
0.03846154 0.4615385 0.96
-0.03846154 0.4230769 0.92
-0.1538462 0.4230769 0.92
-0.2692308 0.3846154 0.92
-0.3076923 0.3461539 0.96
-0.3076923 0.3461539 1
-0.3076923 0.3461539 1.04
-0.3076923 0.3461539 1.04
-0.3846154 0.3846154 1.04
-0.5 0.3846154 1.08
-0.5769231 0.3461539 1.16
-0.6538461 0.3846154 1.16
-0.6153846 0.4615385 1.12
-0.5384616 0.5384616 1.16
-0.4615385 0.6153846 1.2
-0.4230769 0.6538461 1.2
-0.5 0.6538461 1.24
-0.5769231 0.6153846 1.28
-0.5769231 0.5769231 1.32
-0.5769231 0.5 1.32
-0.5 0.4615385 1.28
-0.3076923 0.4615385 1.24
-0.2692308 0.4230769 1.2
-0.3076923 0.3461539 1.2
-0.3846154 0.3076923 1.2
-0.4615385 0.2692308 1.2
-0.5384616 0.1923077 1.2
-0.5769231 0.1538462 1.16
-0.5 0.1538462 1.12
-0.4230769 0.1538462 1.08
-0.3461539 0.1538462 1.08
-0.3076923 0.1923077 1.08
-0.2692308 0.1923077 1
-0.3076923 0.1923077 1
-0.3076923 0.1538462 1
-0.3076923 0.1538462 1
-0.2692308 0.1923077 1.08
-0.2307692 0.1923077 1.12
-0.1923077 0.2692308 1.12
-0.1923077 0.2692308 1.16
-0.1153846 0.3076923 1.2
-0.1153846 0.3846154 1.2
