1387360911159 577195178999807 768641000000 8.121132 -3.524265 5.209783
1387360911257 577195276961233 768751000000 7.967903 -3.524265 5.669470
1387360911379 577195399489309 768861000000 7.354988 -5.363012 5.822699
1387360911471 577195491377737 768971000000 7.814674 -8.580819 12.717999
1387360911598 577195618269827 769081000000 11.338940 -5.669470 14.097059
1387360911709 577195729445364 769191000000 9.653421 -0.919373 9.959879
1387360911821 577195840712454 769301000000 5.975927 2.145205 8.580819
1387360911918 577195937910940 769411000000 0.919373 3.217807 6.282385
1387360912029 577196049147512 769521000000 -1.379060 3.371036 3.064578
1387360912140 577196160323049 769631000000 -1.991976 2.758120 1.072602
1387360912253 577196273116018 769741000000 -3.524265 0.919373 1.072602
1387360912364 577196384200003 769851000000 -3.064578 -2.758120 3.830723
1387360912479 577196499068166 769961000000 2.298434 -6.129157 7.967903
1387360912566 577196585890676 770071000000 4.443638 -8.274362 9.500193
1387360912678 577196697829153 770181000000 10.879252 -5.975927 10.879252
1387360912802 577196821669485 770291000000 11.645397 -0.306458 11.951855
1387360912913 577196933058645 770401000000 10.879252 -2.451663 6.282385
1387360913020 577197039870169 770511000000 9.806650 0.766145 8.274362
1387360913132 577197151686575 770621000000 8.274362 -2.758120 4.596867
1387360913243 577197263106252 770731000000 8.274362 -3.371036 4.443638
1387360913354 577197374098684 770841000000 8.274362 -2.298434 5.822699
1387360913465 577197485518362 770951000000 8.427590 -3.217807 5.516241
1387360913577 577197596632864 771061000000 8.427590 -3.677494 4.750096
1387360913688 577197708052541 771171000000 8.734048 -2.758120 5.363012
1387360913778 577197797652151 771281000000 8.580819 -3.983952 5.209783
