1387360918335 577202354842092 775821000000 7.967903 -3.524265 5.516241
1387360918444 577202464552786 775931000000 8.121132 -3.830723 5.363012
1387360918544 577202564406301 776041000000 6.742072 -6.588843 6.129157
1387360918648 577202668043997 776151000000 8.887277 -6.895301 11.338940
1387360918763 577202782820608 776261000000 11.492168 -1.072602 12.871228
1387360918887 577202907179739 776371000000 10.419566 1.532289 9.959879
1387360918989 577203009261038 776481000000 7.201759 3.830723 7.814674
1387360919089 577203109236623 776591000000 3.524265 4.596867 5.363012
1387360919207 577203227126028 776701000000 -0.612916 4.903325 3.217807
1387360919307 577203327132131 776811000000 -2.145205 3.371036 1.991976
1387360919432 577203451826955 776921000000 -2.604892 0.766145 1.991976
1387360919539 577203559370901 777031000000 -0.766145 -3.064578 3.677494
1387360919640 577203660475637 777141000000 -0.919373 -5.669470 5.669470
1387360919773 577203793379690 777251000000 6.129157 -9.806650 7.967903
1387360919861 577203881422903 777361000000 10.419566 -6.588843 11.951855
1387360919985 577204005110647 777471000000 12.258313 -4.443638 13.177687
1387360920084 577204103773977 777581000000 11.798626 -1.379060 9.346964
1387360920193 577204213087942 777691000000 10.113108 2.911349 7.048530
1387360920304 577204324141409 777801000000 8.121132 1.225831 5.363012
1387360920428 577204448439504 777911000000 7.814674 -2.911349 5.363012
1387360920526 577204545729543 778021000000 7.048530 -3.524265 9.040505
1387360920648 577204668166067 778131000000 7.661446 -3.064578 6.742072
1387360920768 577204788466360 778241000000 7.967903 -3.524265 6.129157
