1387360938109 577222129225637 795591000000 7.814674 -3.217807 5.363012
1387360938216 577222236433889 795701000000 7.048530 -4.137181 6.435614
1387360938327 577222347395803 795811000000 7.508216 -6.435614 11.492168
1387360938439 577222458662893 795921000000 10.113108 -3.677494 12.411542
1387360938550 577222569929983 796031000000 9.193734 -1.225831 10.726024
1387360938661 577222680983450 796141000000 6.282385 1.838747 9.040505
1387360938747 577222767378713 796251000000 1.838747 2.758120 6.588843
1387360938858 577222878523733 796361000000 -0.919373 3.371036 4.750096
1387360938995 577223014784719 796471000000 -2.758120 3.064578 1.838747
1387360939081 577223101118948 796581000000 -4.443638 1.991976 1.991976
1387360939192 577223211836721 796691000000 -1.991976 -0.766145 3.217807
1387360939304 577223323714163 796801000000 -0.612916 -3.064578 5.516241
1387360939414 577223434492971 796911000000 2.911349 -7.048530 8.887277
1387360939541 577223560713674 797021000000 9.193734 -9.653421 8.580819
1387360939627 577223647169973 797131000000 11.492168 -1.838747 11.185710
1387360939743 577223762831594 797241000000 12.564771 -0.459687 8.734048
1387360939852 577223872054006 797351000000 11.798626 4.750096 7.508216
1387360939963 577223983443166 797461000000 9.193734 0.919373 5.363012
1387360940075 577224094740774 797571000000 7.814674 -0.919373 5.056554
1387360940186 577224206068899 797681000000 8.121132 -2.145205 5.669470
1387360940287 577224307173635 797791000000 7.508216 -1.991976 6.742072
1387360940411 577224430678274 797901000000 8.274362 -2.604892 5.975927
