1384249296569 98537131455237 1300701000000 7.814674 -5.056554 4.137181
1384249296680 98537242691810 1300811000000 8.121132 -4.596867 4.290410
1384249296792 98537353989417 1300921000000 10.419566 -3.524265 9.193734
1384249296904 98537466202552 1301031000000 19.306843 -9.806650 23.903709
1384249297014 98537576462562 1301141000000 20.992361 -10.572795 4.750096
1384249297125 98537687882240 1301251000000 1.379060 -1.379060 -5.669470
1384249297237 98537799088294 1301361000000 -1.225831 3.217807 0.459687
1384249297349 98537911301429 1301471000000 -1.225831 15.935806 10.419566
1384249297460 98538022599036 1301581000000 -3.830723 0.306458 6.742072
1384249297572 98538133988197 1301691000000 -5.822699 -9.346964 5.822699
1384249297681 98538243576820 1301801000000 -8.427590 0.612916 5.822699
1384249297792 98538354630286 1301911000000 -7.508216 1.685518 5.516241
1384249297880 98538442093665 1302021000000 -8.274362 1.225831 5.669470
1384249298010 98538572159583 1302131000000 -9.346964 -2.451663 5.056554
1384249298121 98538683426673 1302241000000 -8.121132 -0.766145 5.975927
