1384249312891 98553453110511 1317011000000 7.814674 -4.903325 4.290410
1384249313002 98553564499671 1317121000000 8.121132 -4.596867 4.443638
1384249313113 98553675247962 1317231000000 9.500193 -3.830723 7.814674
1384249313225 98553787430579 1317341000000 14.403518 -6.282385 20.839132
1384249313327 98553889084632 1317451000000 21.911734 -12.258313 12.258313
1384249313438 98554000778968 1317561000000 6.129157 -4.290410 -7.201759
1384249313550 98554112656409 1317671000000 0.459687 3.830723 0.000000
1384249313664 98554226120765 1317781000000 -0.459687 8.580819 9.040505
1384249313774 98554336258704 1317891000000 -2.298434 3.677494 7.354988
1384249313860 98554422867591 1318001000000 -5.056554 -6.282385 7.201759
1384249313972 98554534378821 1318111000000 -8.274362 -3.524265 5.975927
1384249314082 98554644608314 1318221000000 -7.967903 0.306458 6.282385
1384249314194 98554756211097 1318331000000 -8.121132 0.766145 5.363012
1384249314305 98554867142493 1318441000000 -7.661446 0.459687 6.282385
1384249314415 98554977616126 1318551000000 -7.354988 0.459687 7.661446
1384249314527 98555089157874 1318661000000 -8.734048 2.298434 6.742072
