0.07692308 0.3076923 1.32
0.07692308 0.3076923 1.32
0.07692308 0.3076923 1.32
0.07692308 0.3076923 1.32
0.07692308 0.3076923 1.32
0.07692308 0.3076923 1.32
0.07692308 0.3076923 1.32
0.07692308 0.3076923 1.32
0.07692308 0.3076923 1.32
0.07692308 0.3076923 1.32
0.07692308 0.3076923 1.32
0.07692308 0.3076923 1.36
0.07692308 0.3461539 1.4
0.03846154 0.3461539 1.4
0 0.3461539 1.44
0 0.3461539 1.44
-0.03846154 0.3076923 1.44
-0.1153846 0.3076923 1.44
-0.1538462 0.3076923 1.44
-0.1538462 0.3076923 1.44
-0.1538462 0.3076923 1.44
-0.1538462 0.3076923 1.48
-0.2307692 0.2692308 1.56
-0.3461539 0.2307692 1.6
-0.4615385 0.1923077 1.64
-0.5769231 0.1538462 1.68
-0.7307692 0.07692308 1.72
-0.8461539 0.03846154 1.76
-0.9615384 0.03846154 1.72
-1 0.03846154 1.68
-1.076923 0.03846154 1.64
-1.153846 -0.03846154 1.56
-1.230769 -0.03846154 1.52
-1.269231 -0.07692308 1.44
-1.269231 -0.07692308 1.4
-1.269231 -0.07692308 1.32
-1.230769 -0.03846154 1.2
-1.153846 -0.03846154 1.12
-1.076923 0 1
-1 0 0.84
-0.9615384 0 0.76
-0.9230769 -0.03846154 0.68
-0.8461539 -0.03846154 0.56
-0.8461539 -0.07692308 0.56
-0.7692308 -0.03846154 0.48
-0.6923077 -0.03846154 0.4
-0.6538461 -0.03846154 0.32
-0.6153846 -0.07692308 0.24
-0.5769231 -0.07692308 0.16
-0.5769231 -0.1538462 0.12
-0.5769231 -0.1923077 0.12
-0.6153846 -0.2307692 0.08
-0.6153846 -0.2692308 0.08
-0.5769231 -0.3076923 0.04
-0.5769231 -0.2692308 0.04
-0.5 -0.2692308 -0.04
-0.4615385 -0.2692308 -0.04
-0.4615385 -0.3076923 -0.04
-0.4615385 -0.3076923 -0.08
-0.4230769 -0.3076923 -0.08
-0.4230769 -0.3076923 -0.12
-0.3846154 -0.3076923 -0.16
-0.3076923 -0.3076923 -0.2
-0.2307692 -0.2692308 -0.2
-0.1538462 -0.2692308 -0.2
-0.07692308 -0.2692308 -0.2
0 -0.2307692 -0.16
0.07692308 -0.2307692 -0.16
0.1538462 -0.1923077 -0.12
0.1923077 -0.1923077 -0.08
0.2692308 -0.1923077 -0.08
0.3076923 -0.2307692 -0.08
0.3461539 -0.1923077 -0.04
0.3846154 -0.2307692 -0.08
0.4230769 -0.1923077 -0.04
0.4230769 -0.1538462 -0.04
0.4615385 -0.07692308 -0.04
0.5 -0.03846154 0
0.5384616 0 0.04
0.5384616 0.07692308 0.12
0.5384616 0.1538462 0.28
0.5 0.1923077 0.32
0.5 0.1923077 0.32
0.4230769 0.1923077 0.44
0.4230769 0.2307692 0.56
0.3846154 0.2692308 0.64
0.4230769 0.3461539 0.72
0.4230769 0.4230769 0.84
0.4230769 0.4615385 0.96
0.3846154 0.5 1.12
0.2692308 0.5384616 1.28
0.1153846 0.5384616 1.48
0 0.5769231 1.64
-0.1538462 0.5769231 1.8
-0.2307692 0.6153846 2
-0.3076923 0.6153846 2.08
-0.3846154 0.6153846 2.16
-0.4230769 0.6153846 2.2
-0.4230769 0.5769231 2.24
-0.4230769 0.5 2.2
-0.4615385 0.3846154 2.08
-0.5 0.3076923 1.96
-0.5384616 0.2307692 1.84
-0.5384616 0.1923077 1.72
-0.5384616 0.1923077 1.64
-0.5769231 0.1538462 1.56
-0.6153846 0.1153846 1.48
-0.6538461 0.07692308 1.44
-0.7307692 0.07692308 1.4
-0.7692308 0.03846154 1.36
-0.8461539 0 1.32
-0.9230769 -0.03846154 1.24
-0.9615384 -0.1153846 1.16
-0.9230769 -0.1153846 1.12
-0.8461539 -0.07692308 1.04
-0.7692308 0 1.04
-0.7307692 0.03846154 1.04
-0.7307692 0.07692308 1.08
-0.7307692 0.07692308 1.08
-0.7692308 0.07692308 1.08
-0.7692308 0.07692308 1.08
-0.7692308 0.07692308 1.04
-0.7692308 0.07692308 1
-0.7692308 0.07692308 0.96
-0.7307692 0.07692308 0.92
-0.6923077 0.03846154 0.84
-0.6153846 0.03846154 0.8
-0.5769231 0.07692308 0.8
