0.03846154 -0.3461539 0.24
0.03846154 -0.3461539 0.24
0.03846154 -0.3461539 0.24
0.03846154 -0.3461539 0.24
0.03846154 -0.3461539 0.24
0.07692308 -0.3461539 0.2
0.07692308 -0.3461539 0.2
0.07692308 -0.3461539 0.2
0.07692308 -0.3461539 0.2
0.07692308 -0.3461539 0.2
0.07692308 -0.3461539 0.2
0.07692308 -0.3461539 0.2
0.07692308 -0.3461539 0.2
0.07692308 -0.2692308 0.24
0.03846154 -0.2307692 0.28
0 -0.2307692 0.4
-0.07692308 -0.2307692 0.48
-0.1153846 -0.2307692 0.6
-0.1538462 -0.2307692 0.68
-0.1153846 -0.1923077 0.68
-0.07692308 -0.1153846 0.68
-0.03846154 -0.07692308 0.64
-0.03846154 -0.07692308 0.68
-0.03846154 0 0.76
0 0 0.8
-0.03846154 0.03846154 0.92
-0.1538462 0.03846154 1
-0.2307692 0 1.04
-0.2307692 0 1.08
-0.2692308 0.03846154 1.08
-0.2307692 0.1153846 1.08
-0.1538462 0.1923077 1.08
-0.1153846 0.2307692 1.12
-0.1153846 0.3076923 1.16
-0.07692308 0.3461539 1.28
0 0.4230769 1.36
0.03846154 0.4615385 1.4
0 0.4615385 1.44
-0.07692308 0.3846154 1.48
-0.1538462 0.3461539 1.48
-0.2307692 0.3461539 1.44
-0.1538462 0.4230769 1.4
-0.07692308 0.5 1.36
-0.07692308 0.5384616 1.4
0 0.5769231 1.4
0 0.6153846 1.44
0 0.5769231 1.52
-0.07692308 0.5384616 1.64
-0.1153846 0.5384616 1.64
-0.07692308 0.5384616 1.64
-0.07692308 0.5769231 1.56
-0.03846154 0.5769231 1.52
0 0.5769231 1.44
0 0.5769231 1.44
0 0.5769231 1.4
0 0.5769231 1.36
0.03846154 0.5384616 1.32
0 0.5384616 1.32
0 0.5384616 1.28
-0.03846154 0.5 1.24
-0.07692308 0.4615385 1.24
