-0.5769231 -0.3076923 0
-0.5769231 -0.3076923 0
-0.5769231 -0.3076923 0
-0.5769231 -0.3076923 0
-0.5769231 -0.3076923 0
-0.5769231 -0.3076923 0
-0.5769231 -0.3076923 0
-0.5769231 -0.3076923 0
-0.5769231 -0.3076923 0
-0.6538461 -0.3461539 0.04
-0.6923077 -0.3846154 0.04
-0.6923077 -0.3846154 0.04
-0.6923077 -0.3846154 0.04
-0.6923077 -0.3846154 0.04
-0.7307692 -0.3846154 0.04
-0.6923077 -0.3846154 0.08
-0.6538461 -0.3461539 0.08
-0.6538461 -0.2692308 0.16
-0.6153846 -0.2307692 0.28
-0.6153846 -0.1923077 0.36
-0.5769231 -0.1923077 0.44
-0.5769231 -0.1538462 0.52
-0.5769231 -0.1923077 0.6
-0.5769231 -0.2307692 0.68
-0.5769231 -0.2692308 0.8
-0.5769231 -0.2692308 0.88
-0.5 -0.2307692 0.96
-0.4615385 -0.1923077 1.04
-0.4230769 -0.1923077 1.12
-0.3846154 -0.1538462 1.2
-0.3846154 -0.1538462 1.32
-0.3846154 -0.1538462 1.4
-0.3461539 -0.1538462 1.48
-0.3076923 -0.1153846 1.48
-0.2307692 -0.07692308 1.56
-0.1538462 -0.03846154 1.6
-0.07692308 0 1.6
-0.07692308 0 1.6
-0.03846154 0 1.56
-0.07692308 0 1.52
-0.1153846 -0.03846154 1.44
-0.2307692 -0.07692308 1.4
-0.2692308 -0.07692308 1.32
-0.3076923 -0.07692308 1.2
-0.3076923 -0.07692308 1.12
-0.3076923 -0.03846154 1.04
-0.2692308 0 1
-0.2692308 0.07692308 1.04
-0.2692308 0.1153846 1
-0.3461539 0.1153846 1
-0.5 0.07692308 1.04
-0.5769231 0.07692308 1
-0.6538461 0.07692308 0.92
-0.6538461 0.1153846 0.92
-0.6153846 0.1538462 0.88
-0.6153846 0.2307692 0.84
-0.6923077 0.2692308 0.84
-0.7692308 0.2692308 0.84
-0.8846154 0.2307692 0.84
-0.9615384 0.1923077 0.84
-1 0.1538462 0.76
-1.076923 0.1538462 0.76
-1.076923 0.1538462 0.76
-1 0.1923077 0.72
-0.9230769 0.2692308 0.68
-0.9230769 0.2692308 0.68
-0.9230769 0.3076923 0.72
-0.9615384 0.2692308 0.76
-1.038462 0.2307692 0.72
-1.076923 0.1923077 0.72
-1.115385 0.1538462 0.68
-1.076923 0.1538462 0.68
-1.038462 0.1538462 0.68
-1 0.1923077 0.68
-0.9230769 0.2307692 0.68
-0.9230769 0.2307692 0.68
-1 0.2307692 0.72
-1.038462 0.1923077 0.76
-1.076923 0.1538462 0.76
-1.115385 0.1153846 0.8
-1.076923 0.1538462 0.84
-1.038462 0.1538462 0.88
