-1 -0.3076923 0.68
-1 -0.3076923 0.68
-1 -0.3076923 0.68
-1 -0.3076923 0.68
-1 -0.3076923 0.68
-1 -0.3076923 0.68
-1 -0.3076923 0.68
-1 -0.3076923 0.68
-0.9615384 -0.2692308 0.64
-0.9615384 -0.2692308 0.64
-0.9615384 -0.2692308 0.64
-0.9615384 -0.2692308 0.64
-0.9230769 -0.2307692 0.6
-0.9230769 -0.1923077 0.6
-0.8846154 -0.2307692 0.56
-0.8461539 -0.2307692 0.56
-0.7692308 -0.1923077 0.56
-0.6538461 -0.07692308 0.56
-0.5769231 -0.03846154 0.6
-0.4230769 0 0.6
-0.3076923 0 0.68
-0.2307692 0 0.76
-0.1538462 0 0.84
-0.07692308 0.03846154 0.92
0.03846154 0.07692308 0.96
0.1538462 0.1153846 1.04
0.2692308 0.1538462 1.12
0.4230769 0.2307692 1.16
0.5384616 0.2692308 1.2
0.6923077 0.2692308 1.2
0.8076923 0.3076923 1.2
0.9230769 0.3076923 1.24
0.9615384 0.3461539 1.32
1.038462 0.3461539 1.32
1.115385 0.3461539 1.32
1.192308 0.3461539 1.24
1.192308 0.3461539 1.16
1.192308 0.3461539 1.12
1.153846 0.3076923 1.12
1.115385 0.3076923 1.12
1.038462 0.3076923 1.12
1 0.3076923 1.08
0.9230769 0.3076923 1.04
0.8846154 0.3461539 1
0.7692308 0.3461539 0.96
0.6923077 0.3076923 0.96
0.5384616 0.3076923 0.96
0.4230769 0.3076923 0.92
0.2692308 0.3076923 0.88
0.1153846 0.3076923 0.88
0 0.3076923 0.92
-0.1153846 0.3461539 0.88
-0.2307692 0.3076923 0.84
-0.3461539 0.3076923 0.84
-0.4230769 0.3461539 0.84
-0.5384616 0.3076923 0.92
-0.6538461 0.2692308 0.96
-0.8076923 0.2307692 1
-0.8846154 0.1923077 1
-0.9230769 0.1923077 1
-0.9615384 0.1923077 1.04
-1 0.1923077 1.08
-1 0.1538462 1.08
-1.038462 0.1538462 1.04
-1.076923 0.1538462 1.04
-1.115385 0.07692308 1.08
-1.115385 0.07692308 1.12
-1.115385 0.07692308 1.12
-1.076923 0.03846154 1.16
