-0.3846154 0.2307692 1.52
-0.3846154 0.2307692 1.52
-0.3846154 0.2307692 1.52
-0.3846154 0.2307692 1.52
-0.3846154 0.2307692 1.52
-0.3846154 0.2307692 1.52
-0.4615385 0.1923077 1.72
-0.4615385 0.1923077 1.72
-0.4615385 0.1923077 1.72
-0.4615385 0.1923077 1.72
-0.4615385 0.1923077 1.72
-0.5769231 0.1538462 2
-0.5769231 0.1538462 2
-0.6538461 0.07692308 2.24
-0.7307692 0.1153846 2.52
-0.6923077 0.1923077 2.68
-0.7307692 0.3076923 2.84
-0.7692308 0.3846154 2.96
-0.8461539 0.3846154 3.04
-0.8846154 0.3461539 3.04
-0.9230769 0.3076923 2.84
-0.9230769 0.3076923 2.64
-0.8846154 0.3461539 2.36
-0.8076923 0.4230769 2.08
-0.7692308 0.4615385 1.92
-0.6538461 0.5384616 1.72
-0.5384616 0.5769231 1.56
-0.4615385 0.6538461 1.44
-0.3846154 0.6923077 1.36
-0.3461539 0.6923077 1.2
-0.3461539 0.6923077 1
-0.3461539 0.7307692 0.8
-0.2692308 0.6923077 0.52
-0.2307692 0.6923077 0.32
-0.1538462 0.6538461 0.12
-0.07692308 0.6153846 0
-0.07692308 0.5384616 -0.12
-0.1923077 0.3846154 -0.2
-0.3076923 0.2692308 -0.28
-0.3846154 0.1923077 -0.36
-0.4230769 0.1538462 -0.36
-0.5 0.1153846 -0.32
-0.5 0.1538462 -0.36
-0.5384616 0.1538462 -0.32
-0.5769231 0.1538462 -0.24
-0.6538461 0.1153846 -0.16
-0.7692308 0.07692308 -0.08
-0.8846154 -0.03846154 0.04
-1.076923 -0.1538462 0.04
-1.153846 -0.1538462 0.12
-1.153846 -0.1538462 0.12
-1.115385 -0.1153846 0.16
-1.115385 -0.1538462 0.24
-1.076923 -0.1538462 0.36
-0.9615384 -0.1538462 0.48
-0.8846154 -0.1538462 0.56
-0.7692308 -0.1538462 0.56
-0.6538461 -0.1153846 0.52
-0.5384616 -0.07692308 0.48
-0.3846154 -0.03846154 0.44
-0.1923077 0.03846154 0.4
-0.03846154 0.07692308 0.36
0.1153846 0.03846154 0.32
0.2307692 0 0.36
0.3076923 -0.03846154 0.4
0.6923077 0.1153846 0.08
0.8846154 0.2307692 -0.12
1.076923 0.3846154 -0.24
1.192308 0.5 -0.2
1.153846 0.5769231 -0.08
1.115385 0.6538461 0.04
1.038462 0.6923077 0.08
1 0.6923077 0.12
0.8846154 0.6923077 0.12
0.8076923 0.6923077 0.08
0.6538461 0.7307692 0.12
0.4615385 0.6923077 0.2
0.2692308 0.6153846 0.44
0.03846154 0.5 0.64
-0.2307692 0.3846154 0.88
-0.3461539 0.3076923 1.04
-0.3461539 0.3076923 1.08
-0.3461539 0.3461539 1.12
-0.4230769 0.3461539 1.2
-0.5769231 0.3076923 1.36
-0.7692308 0.1538462 1.64
-1 0 1.88
-1.153846 -0.1538462 2.04
-1.153846 -0.2307692 1.96
-1.076923 -0.2307692 1.88
-0.9615384 -0.1923077 1.8
-0.8461539 -0.1538462 1.84
-0.6923077 -0.03846154 1.92
-0.5 0.07692308 2
-0.3846154 0.1153846 2.08
-0.3461539 0.1153846 2.2
-0.2692308 0.1153846 2.28
-0.1538462 0.1538462 2.24
0.1153846 0.2692308 2.08
0.3846154 0.3846154 1.96
0.6538461 0.5 1.84
0.8076923 0.5384616 1.76
0.7692308 0.5384616 1.64
0.6923077 0.5 1.56
0.6153846 0.4615385 1.52
0.4615385 0.4615385 1.52
0.3461539 0.4230769 1.48
0.2307692 0.4230769 1.4
0.1153846 0.4230769 1.32
0 0.4230769 1.36
-0.07692308 0.5 1.32
-0.1538462 0.5384616 1.32
-0.2307692 0.5769231 1.32
-0.3076923 0.6153846 1.28
-0.3461539 0.6923077 1.2
-0.4230769 0.7692308 1.12
-0.4615385 0.8461539 1.08
-0.5 0.9230769 1.04
-0.5384616 0.9615384 1.04
-0.5769231 1 1.08
-0.6153846 1 1.08
-0.6538461 0.9615384 1.04
-0.6923077 0.9230769 1
-0.7307692 0.8846154 0.96
-0.7307692 0.8461539 0.92
-0.7692308 0.7692308 0.88
-0.8076923 0.7692308 0.84
-0.8076923 0.7307692 0.76
-0.8076923 0.6923077 0.68
-0.7692308 0.6923077 0.6
-0.7307692 0.6923077 0.6
-0.6538461 0.6923077 0.6
-0.6153846 0.6538461 0.6
-0.5769231 0.6538461 0.56
-0.5384616 0.6153846 0.6
