1387361215704 577499723952200 1073211000000 6.435614 -2.298434 7.508216
1387361215814 577499833907034 1073321000000 7.048530 -2.145205 7.508216
1387361215925 577499945265676 1073431000000 6.282385 -0.459687 11.185710
1387361216040 577500060225393 1073541000000 7.508216 -0.306458 15.016433
1387361216151 577500171523000 1073651000000 7.354988 -1.991976 14.863204
1387361216284 577500304518606 1073761000000 5.822699 -2.758120 8.427590
1387361216375 577500394789602 1073871000000 1.379060 -1.225831 1.072602
1387361216486 577500506056692 1073981000000 -3.677494 0.459687 4.137181
1387361216596 577500616652395 1074091000000 -4.443638 1.532289 8.580819
1387361216708 577500727644827 1074201000000 -4.137181 -0.459687 10.572795
1387361216794 577500813979055 1074311000000 -3.830723 -1.838747 10.266337
1387361216905 577500925185110 1074421000000 -2.145205 -1.225831 9.346964
1387361217028 577501047804739 1074531000000 -1.072602 3.064578 9.653421
1387361217125 577501145247366 1074641000000 -2.298434 6.282385 9.040505
1387361217248 577501267622854 1074751000000 -2.758120 3.830723 6.742072
1387361217345 577501365401174 1074861000000 -2.758120 1.685518 4.903325
1387361217468 577501487715627 1074971000000 -1.072602 0.306458 4.443638
1387361217565 577501585188772 1075081000000 1.072602 -3.830723 6.588843
1387361217689 577501708784963 1075191000000 3.217807 -3.983952 13.637373
1387361217787 577501807509329 1075301000000 7.048530 -4.443638 15.322891
1387361217912 577501932478811 1075411000000 6.588843 -2.451663 10.726024
1387361218020 577502040083792 1075521000000 6.895301 -0.153229 7.661446
1387361218120 577502139601614 1075631000000 8.121132 0.459687 6.742072
1387361218238 577502258101370 1075741000000 7.661446 -4.903325 7.508216
1387361218349 577502368910696 1075851000000 6.129157 -7.201759 7.201759
1387361218445 577502465102102 1075961000000 6.742072 -3.983952 7.508216
1387361218557 577502576857473 1076071000000 6.742072 -2.911349 8.274362
1387361218678 577502698042776 1076181000000 7.048530 -2.145205 7.508216
1387361218790 577502809615041 1076291000000 7.048530 -2.298434 7.201759
1387361218897 577502917006399 1076401000000 7.048530 -2.604892 7.048530
1387361219008 577503027632620 1076511000000 6.895301 -5.975927 6.435614
1387361219121 577503140761282 1076621000000 6.742072 -2.911349 7.048530
1387361219222 577503242140676 1076731000000 6.895301 -2.451663 7.814674
1387361219333 577503353346731 1076841000000 6.895301 -2.298434 7.048530
1387361219444 577503464430715 1076951000000 6.742072 -2.604892 6.742072
