1387361260833 577544852827932 1118331000000 5.209783 -1.991976 8.427590
1387361260932 577544952376272 1118441000000 5.516241 -1.991976 8.427590
1387361261057 577545077315237 1118551000000 5.669470 -1.991976 8.580819
1387361261159 577545178694631 1118661000000 5.516241 -0.153229 14.403518
1387361261276 577545296309377 1118771000000 5.669470 -1.532289 16.701952
1387361261372 577545391951467 1118881000000 6.129157 -2.451663 11.645397
1387361261493 577545513472463 1118991000000 2.451663 -1.379060 3.371036
1387361261592 577545612532522 1119101000000 -1.991976 0.000000 1.072602
1387361261705 577545724989797 1119211000000 -4.290410 -1.072602 7.354988
1387361261817 577545837111379 1119321000000 -4.903325 -4.290410 10.572795
1387361261926 577545946150686 1119431000000 -2.758120 -3.371036 10.113108
1387361262024 577546044478323 1119541000000 -1.532289 0.459687 10.419566
1387361262136 577546156050588 1119651000000 -1.072602 4.596867 9.500193
1387361262247 577546267195608 1119761000000 -2.145205 5.209783 8.427590
1387361262359 577546378706838 1119871000000 -2.604892 3.371036 6.895301
1387361262480 577546499892141 1119981000000 -1.991976 2.145205 4.903325
1387361262589 577546609541799 1120091000000 0.153229 -2.451663 3.830723
1387361262696 577546716292288 1120201000000 2.758120 -2.604892 9.959879
1387361262797 577546817244436 1120311000000 7.661446 -2.298434 15.935806
1387361262923 577546943129446 1120421000000 6.435614 -0.459687 12.411542
1387361263021 577547041060354 1120531000000 6.588843 0.766145 9.040505
1387361263146 577547165755178 1120641000000 6.895301 0.919373 7.814674
1387361263258 577547277724172 1120751000000 7.967903 -3.217807 9.040505
1387361263373 577547392836477 1120861000000 5.516241 -6.282385 8.734048
1387361263459 577547479292776 1120971000000 4.903325 -3.217807 7.814674
1387361263571 577547590742971 1121081000000 5.056554 -1.225831 8.887277
1387361263694 577547714369680 1121191000000 4.443638 -1.379060 9.040505
1387361263805 577547825575735 1121301000000 5.363012 -1.379060 8.734048
1387361263907 577547926680471 1121411000000 5.056554 -1.685518 8.580819
1387361264019 577548039259817 1121521000000 5.209783 -1.225831 8.580819
1387361264120 577548140486623 1121631000000 5.056554 -2.145205 8.734048
1387361264235 577548254774954 1121741000000 5.209783 -1.225831 8.887277
