1387361265546 577549565688040 1123051000000 5.363012 -1.532289 8.274362
1387361265657 577549676680471 1123161000000 5.822699 -1.379060 8.427590
1387361265768 577549788496877 1123271000000 5.363012 -0.919373 10.572795
1387361265868 577549887801077 1123381000000 6.435614 -0.306458 17.468096
1387361265992 577550012251760 1123491000000 5.669470 -2.145205 14.403518
1387361266104 577550124220754 1123601000000 4.137181 -1.225831 5.669470
1387361266201 577550221114065 1123711000000 -0.153229 -0.612916 2.911349
1387361266317 577550336928274 1123821000000 -2.604892 -0.612916 6.282385
1387361266429 577550449202444 1123931000000 -2.451663 -2.604892 11.492168
1387361266540 577550560561086 1124041000000 -2.451663 -3.217807 11.492168
1387361266652 577550671797659 1124151000000 -1.072602 -1.379060 10.266337
1387361266751 577550770674612 1124261000000 -0.153229 2.451663 9.193734
1387361266862 577550881728079 1124371000000 -2.145205 5.516241 8.121132
1387361266984 577551003798391 1124481000000 -3.217807 3.677494 7.048530
1387361267075 577551095503713 1124591000000 -3.217807 1.532289 5.516241
1387361267199 577551218886282 1124701000000 -0.459687 -0.919373 5.056554
1387361267320 577551340468313 1124811000000 0.612916 -0.306458 8.121132
1387361267418 577551438216116 1124921000000 1.072602 -1.225831 15.016433
1387361267536 577551556563284 1125031000000 6.588843 -2.911349 15.629349
1387361267648 577551667952444 1125141000000 5.669470 -1.072602 10.572795
1387361267746 577551765944387 1125251000000 6.588843 -0.153229 7.814674
1387361267881 577551900893118 1125361000000 7.048530 1.685518 7.354988
1387361267965 577551984816458 1125471000000 8.580819 -2.911349 7.661446
1387361268078 577552098097708 1125581000000 6.282385 -6.435614 7.814674
1387361268178 577552198317434 1125691000000 6.588843 -4.750096 8.427590
1387361268303 577552323286917 1125801000000 5.975927 -1.685518 8.734048
1387361268413 577552432936575 1125911000000 7.048530 -0.612916 8.121132
1387361268517 577552537337209 1126021000000 6.282385 -1.991976 7.814674
1387361268621 577552641188528 1126131000000 -0.306458 9.806650 5.363012
1387361268748 577552767714407 1126241000000 6.435614 -0.766145 8.121132
1387361268844 577552863631155 1126351000000 6.129157 -1.532289 7.967903
