1387361298161 577582181349661 1155671000000 7.508216 -2.145205 6.282385
1387361298273 577582292799856 1155781000000 7.661446 -2.145205 6.588843
1387361298384 577582403853323 1155891000000 7.201759 -2.145205 6.435614
1387361298506 577582525954153 1156001000000 8.734048 0.459687 14.097059
1387361298618 577582637709524 1156111000000 9.040505 -0.919373 15.016433
1387361298729 577582748854543 1156221000000 9.040505 -1.838747 12.717999
1387361298815 577582835097219 1156331000000 4.596867 -1.838747 4.596867
1387361298926 577582945937063 1156441000000 -0.612916 0.459687 2.758120
1387361299038 577583057692434 1156551000000 -3.524265 -0.459687 5.209783
1387361299149 577583169386770 1156661000000 -3.371036 -2.911349 10.572795
1387361299265 577583285475637 1156771000000 -2.911349 -2.604892 11.645397
1387361299377 577583397108938 1156881000000 -0.919373 0.766145 9.193734
1387361299490 577583509657766 1156991000000 -1.532289 5.363012 8.580819
1387361299602 577583622237112 1157101000000 -2.298434 5.516241 8.887277
1387361299713 577583733412649 1157211000000 -2.298434 2.758120 6.588843
1387361299825 577583844740774 1157321000000 -1.072602 -1.072602 2.604892
1387361299936 577583956435110 1157431000000 3.217807 -1.532289 3.830723
1387361300047 577584067274954 1157541000000 6.282385 -4.750096 12.871228
1387361300135 577584155531790 1157651000000 9.959879 -3.371036 15.476120
1387361300247 577584267226126 1157761000000 7.661446 -0.153229 9.806650
1387361300358 577584377974417 1157871000000 8.274362 0.459687 6.588843
1387361300470 577584489607717 1157981000000 9.806650 -1.532289 4.903325
1387361300581 577584600905325 1158091000000 8.887277 -5.669470 6.129157
1387361300692 577584712202932 1158201000000 7.967903 -5.363012 6.435614
1387361300807 577584826582815 1158311000000 7.508216 -2.298434 6.282385
1387361300918 577584938582327 1158421000000 7.814674 -1.379060 6.895301
1387361301015 577585035323049 1158531000000 7.201759 -1.532289 6.742072
1387361301139 577585158644583 1158641000000 7.814674 -1.225831 6.588843
1387361301237 577585257277395 1158751000000 7.814674 -1.838747 5.669470
1387361301349 577585368605520 1158861000000 7.814674 -1.532289 6.129157
1387361301460 577585479811575 1158971000000 8.121132 -1.225831 7.508216
1387361301575 577585594801809 1159081000000 7.814674 -1.532289 6.129157
