1384249883324 99123886673743 1887461000000 -6.435614 2.758120 6.742072
1384249883435 99123997910316 1887571000000 -6.129157 2.758120 7.201759
1384249883547 99124109024817 1887681000000 -6.435614 4.290410 5.975927
1384249883658 99124220383460 1887791000000 -5.363012 3.371036 2.911349
1384249883744 99124306412513 1887901000000 -1.838747 -3.064578 -0.459687
1384249883855 99124417649085 1888011000000 3.677494 -5.056554 1.838747
1384249883967 99124528977210 1888121000000 15.016433 -5.209783 8.734048
1384249884078 99124640152747 1888231000000 20.685904 -3.524265 13.484144
1384249884189 99124751572425 1888341000000 14.863204 4.443638 15.322891
1384249884300 99124862870032 1888451000000 13.024457 -4.750096 18.387468
1384249884427 99124989273841 1888561000000 19.000385 -8.121132 11.798626
1384249884514 99125076584632 1888671000000 8.887277 -2.451663 2.451663
1384249884625 99125187882240 1888781000000 1.072602 0.612916 0.000000
1384249884737 99125299301917 1888891000000 -3.217807 5.056554 2.298434
1384249884848 99125410446937 1889001000000 -5.516241 3.677494 3.524265
1384249884959 99125521714026 1889111000000 5.975927 5.516241 3.983952
1384249885071 99125633133704 1889221000000 -5.516241 6.742072 6.742072
