1387456491367 658712061385861 199760000000 -1.838747 -0.766145 10.113108
1387456491472 658712166671504 199870000000 -2.451663 -3.830723 9.500193
1387456491578 658712272750607 199980000000 -1.838747 -7.048530 10.419566
1387456491700 658712394027463 200090000000 -0.153229 1.532289 9.500193
1387456491801 658712495254269 200200000000 2.298434 3.830723 4.750096
1387456491930 658712624160519 200310000000 3.677494 0.459687 1.991976
1387456492034 658712727859249 200420000000 3.983952 -1.838747 11.798626
1387456492145 658712839004268 200530000000 8.121132 -6.435614 16.548723
1387456492255 658712949477901 200640000000 6.282385 -4.137181 11.185710
1387456492360 658713054000608 200750000000 5.209783 -1.991976 8.427590
1387456492466 658713160354367 200860000000 6.435614 -3.371036 7.661446
1387456492584 658713278274288 200970000000 5.822699 -3.064578 7.967903
1387456492683 658713376907101 201080000000 5.822699 -2.911349 7.814674
1387456492788 658713482772579 201190000000 5.363012 -3.064578 7.814674
1387456492912 658713606704466 201300000000 5.669470 -3.830723 7.201759
1387456493013 658713707748163 201410000000 5.363012 -3.217807 8.580819
1387456493129 658713822890987 201520000000 5.669470 -3.217807 7.661446
