1387456520857 658741551376097 229260000000 -2.298434 -0.306458 9.653421
1387456520969 658741663436643 229370000000 -2.911349 -1.991976 9.193734
1387456521100 658741794662226 229480000000 -3.524265 -8.427590 11.032481
1387456521203 658741897506467 229590000000 -0.459687 -3.064578 11.338940
1387456521304 658741998702753 229700000000 1.532289 3.830723 8.887277
1387456521431 658742125198117 229810000000 1.991976 5.056554 5.669470
1387456521522 658742216201535 229920000000 1.532289 -0.766145 0.612916
1387456521640 658742333968870 230030000000 3.983952 -3.830723 5.209783
1387456521758 658742451858272 230140000000 11.798626 -4.290410 19.153614
1387456521857 658742551345578 230250000000 7.508216 -4.596867 11.338940
1387456521980 658742673965205 230360000000 5.669470 -1.838747 8.121132
1387456522074 658742768661251 230470000000 7.508216 -2.758120 7.201759
1387456522191 658742885055294 230580000000 6.435614 -2.604892 7.661446
1387456522301 658742995101682 230690000000 6.435614 -2.758120 7.814674
1387456522413 658743107558958 230800000000 6.588843 -3.064578 7.967903
1387456522516 658743209945431 230910000000 6.588843 -2.911349 7.201759
1387456522638 658743332534543 231020000000 5.822699 -3.064578 8.427590
1387456522744 658743437911739 231130000000 6.129157 -2.911349 7.354988
