1387456544362 658765056442013 252760000000 -3.524265 0.153229 9.193734
1387456544474 658765168349972 252870000000 -3.983952 -0.766145 9.040505
1387456544579 658765273513548 252980000000 -4.596867 -8.121132 10.879252
1387456544708 658765402511349 253090000000 -3.371036 -4.137181 9.500193
1387456544821 658765515609493 253200000000 -0.306458 3.677494 8.427590
1387456544929 658765623458614 253310000000 0.459687 4.750096 5.209783
1387456545034 658765728286494 253420000000 1.532289 0.459687 2.604892
1387456545139 658765833297482 253530000000 4.137181 -3.064578 8.580819
1387456545240 658765933944454 253640000000 10.572795 -5.822699 17.161638
1387456545362 658766055892697 253750000000 7.814674 -3.830723 12.564771
1387456545479 658766173446407 253860000000 5.669470 -2.604892 8.580819
1387456545578 658766272567503 253970000000 6.435614 -2.911349 6.895301
1387456545687 658766380904905 254080000000 6.588843 -2.911349 7.661446
1387456545797 658766490951289 254190000000 6.435614 -3.524265 7.814674
1387456545902 658766595931758 254300000000 5.822699 -2.911349 6.588843
1387456546025 658766719588986 254410000000 5.975927 -3.371036 7.354988
1387456546134 658766828292600 254520000000 5.669470 -4.443638 6.895301
1387456546234 658766928725950 254630000000 6.282385 -3.217807 7.201759
