0.1923077 0.6538461 1.56
0.1923077 0.6538461 1.56
0.1923077 0.6538461 1.76
0.1923077 0.6538461 1.76
0.1923077 0.6538461 1.76
0.1923077 0.6538461 1.76
0.1923077 0.6538461 1.76
0.1923077 0.6538461 1.76
0.1923077 0.6538461 1.76
0.1923077 0.6538461 1.76
0.1923077 0.6538461 1.76
0.1923077 0.6538461 1.76
0.07692308 0.5384616 1.92
-0.03846154 0.4615385 2.08
-0.07692308 0.3461539 2.16
-0.03846154 0.3461539 2.16
0.03846154 0.4230769 2.16
0.1538462 0.5 2.12
0.2307692 0.5769231 2.16
0.3076923 0.5769231 2.16
0.3461539 0.5769231 2.2
0.3461539 0.5384616 2.2
0.3846154 0.5 2.12
0.3846154 0.5 2.04
0.3846154 0.5384616 2
0.4230769 0.5384616 2
0.3846154 0.5384616 2.04
0.3846154 0.5 2.04
0.4230769 0.5 1.96
0.4615385 0.5 1.84
0.5 0.5 1.72
0.5384616 0.5384616 1.64
0.5769231 0.5384616 1.6
0.6153846 0.5769231 1.56
0.6153846 0.6153846 1.52
0.6153846 0.5769231 1.44
0.6153846 0.5769231 1.32
0.5769231 0.5769231 1.24
0.5769231 0.5769231 1.16
0.5384616 0.5769231 1.04
0.5 0.5384616 0.96
0.4230769 0.4615385 0.92
0.3846154 0.4230769 0.84
0.3461539 0.4230769 0.76
0.3461539 0.4230769 0.72
0.3076923 0.3846154 0.68
0.2692308 0.3461539 0.6
0.1923077 0.2692308 0.56
0.1538462 0.2692308 0.52
0.1153846 0.2307692 0.44
0.1153846 0.1538462 0.36
0.07692308 0.1538462 0.32
0.07692308 0.1153846 0.28
0.07692308 0.03846154 0.28
0.07692308 0.03846154 0.28
0.07692308 0 0.24
0.07692308 -0.03846154 0.24
0.07692308 -0.03846154 0.2
0.03846154 -0.1153846 0.12
-0.03846154 -0.1538462 0.12
-0.1153846 -0.2307692 0.12
-0.1538462 -0.3076923 0.12
-0.1538462 -0.3076923 0.12
-0.1153846 -0.3076923 0.12
-0.07692308 -0.3461539 0.08
-0.07692308 -0.3461539 0.04
-0.03846154 -0.3461539 -0.04
-0.03846154 -0.3461539 -0.04
0 -0.3461539 -0.12
0 -0.3461539 -0.16
0 -0.3846154 -0.2
-0.03846154 -0.4230769 -0.2
-0.03846154 -0.4615385 -0.24
-0.03846154 -0.5 -0.24
-0.07692308 -0.5769231 -0.28
-0.07692308 -0.5769231 -0.32
-0.07692308 -0.5769231 -0.32
-0.03846154 -0.5384616 -0.36
0 -0.5384616 -0.4
-0.03846154 -0.5384616 -0.44
-0.03846154 -0.5384616 -0.44
