0 0.6153846 1.96
0 0.6153846 1.96
0 0.6153846 1.96
0 0.6153846 1.96
0 0.6153846 1.96
0 0.6153846 1.96
0 0.6153846 1.96
0 0.6153846 1.96
0 0.6153846 1.96
0 0.6153846 1.96
0 0.6153846 1.96
0 0.6153846 2.12
-0.03846154 0.5769231 2.24
-0.07692308 0.5769231 2.28
-0.07692308 0.5769231 2.24
-0.07692308 0.6153846 2.16
-0.1153846 0.6153846 2.08
-0.1153846 0.6153846 2.04
-0.07692308 0.6153846 2
-0.07692308 0.6153846 2
-0.07692308 0.6538461 2
-0.07692308 0.6153846 2
-0.07692308 0.6153846 1.92
-0.03846154 0.6153846 1.8
0 0.6538461 1.72
0 0.6923077 1.64
-0.03846154 0.6923077 1.64
-0.07692308 0.6538461 1.64
-0.07692308 0.6538461 1.56
-0.03846154 0.6923077 1.48
0.03846154 0.7307692 1.36
0.07692308 0.6923077 1.2
0.1153846 0.6538461 1.08
0.1153846 0.6538461 0.96
0.1153846 0.6538461 0.88
0.07692308 0.6153846 0.84
0.1153846 0.5769231 0.8
0.07692308 0.5384616 0.76
0.07692308 0.5 0.68
0.03846154 0.4615385 0.64
0.03846154 0.3846154 0.56
0 0.3461539 0.56
-0.03846154 0.3076923 0.6
-0.07692308 0.2692308 0.6
-0.1153846 0.1923077 0.56
-0.1538462 0.1923077 0.56
-0.1538462 0.1538462 0.52
-0.1538462 0.1153846 0.52
-0.1153846 0.1153846 0.52
-0.1153846 0.1153846 0.52
-0.07692308 0.1153846 0.52
-0.07692308 0.07692308 0.48
-0.07692308 0.03846154 0.44
-0.07692308 0 0.36
-0.07692308 0 0.32
-0.03846154 -0.03846154 0.28
-0.07692308 -0.03846154 0.28
-0.07692308 -0.07692308 0.28
-0.07692308 -0.1538462 0.24
-0.07692308 -0.1923077 0.2
-0.1153846 -0.2307692 0.16
-0.07692308 -0.2692308 0.16
-0.07692308 -0.2692308 0.2
-0.07692308 -0.2692308 0.2
-0.03846154 -0.2692308 0.16
-0.07692308 -0.3076923 0.16
-0.1153846 -0.3076923 0.16
-0.1153846 -0.3461539 0.12
-0.1538462 -0.3846154 0.16
-0.2307692 -0.3846154 0.24
-0.3076923 -0.4230769 0.24
-0.3461539 -0.4230769 0.2
-0.4230769 -0.4615385 0.16
-0.5 -0.4615385 0.16
-0.5769231 -0.4615385 0.16
-0.6538461 -0.4615385 0.2
-0.8076923 -0.5 0.28
-0.9615384 -0.5384616 0.32
-1.076923 -0.5769231 0.32
-1.192308 -0.6538461 0.28
-1.269231 -0.6538461 0.28
-1.269231 -0.6538461 0.24
-1.230769 -0.6153846 0.24
-1.153846 -0.5769231 0.28
-1.076923 -0.5 0.32
-1 -0.4615385 0.32
-0.9230769 -0.4615385 0.32
-0.9230769 -0.4230769 0.36
-0.9230769 -0.4230769 0.4
-0.9230769 -0.4230769 0.48
-0.8846154 -0.3846154 0.56
-0.8461539 -0.3846154 0.56
-0.8076923 -0.3846154 0.56
-0.7692308 -0.3846154 0.6
-0.7307692 -0.3846154 0.6
-0.6923077 -0.3846154 0.68
-0.6538461 -0.3846154 0.72
-0.6153846 -0.3461539 0.76
-0.5769231 -0.3461539 0.8
-0.5384616 -0.3461539 0.84
-0.4615385 -0.3846154 0.84
-0.4230769 -0.3846154 0.92
-0.3461539 -0.3846154 0.96
-0.2692308 -0.3461539 1.04
-0.1538462 -0.3076923 1.08
-0.07692308 -0.3076923 1.12
0 -0.2692308 1.12
0.07692308 -0.3076923 1.16
0.1923077 -0.3076923 1.16
0.2692308 -0.3076923 1.16
0.3076923 -0.3076923 1.16
0.3461539 -0.3076923 1.12
0.3846154 -0.3461539 1.08
0.4230769 -0.3461539 1.04
0.4230769 -0.3846154 1
0.4230769 -0.3846154 0.96
0.4615385 -0.4230769 0.88
0.4615385 -0.4230769 0.84
0.4615385 -0.4230769 0.76
0.5 -0.4230769 0.76
0.5 -0.4230769 0.76
0.4615385 -0.4615385 0.72
0.4230769 -0.4615385 0.72
0.3846154 -0.5 0.68
0.3846154 -0.5 0.64
0.3846154 -0.5 0.64
0.3846154 -0.5384616 0.6
0.4230769 -0.5384616 0.6
0.4615385 -0.5 0.6
0.5 -0.4615385 0.56
0.5 -0.4230769 0.56
0.5 -0.3461539 0.48
0.4615385 -0.3076923 0.36
0.4230769 -0.3076923 0.28
0.3846154 -0.3076923 0.16
0.3076923 -0.3076923 0.16
0.2307692 -0.3461539 0.16
0.1923077 -0.3461539 0.16
0.1923077 -0.3461539 0.12
0.1538462 -0.3076923 0.04
0.1538462 -0.2692308 0
0.1538462 -0.2692308 -0.04
0.1153846 -0.1923077 -0.04
0.1153846 -0.1538462 0
0.07692308 -0.07692308 0.04
0.07692308 -0.07692308 0.08
0.07692308 -0.07692308 0.08
0.07692308 -0.07692308 0.08
0.03846154 -0.03846154 0.08
0.03846154 0 0.12
0 0.1153846 0.24
0 0.1923077 0.32
0 0.2307692 0.44
0.03846154 0.1923077 0.48
0.03846154 0.1923077 0.48
0.07692308 0.2307692 0.56
0.07692308 0.2692308 0.6
0.07692308 0.3076923 0.68
0.03846154 0.3461539 0.88
0 0.3461539 1.04
-0.03846154 0.3076923 1.16
-0.07692308 0.3076923 1.2
-0.03846154 0.2692308 1.2
0 0.2692308 1.2
0 0.3076923 1.24
0.03846154 0.3461539 1.32
0 0.3846154 1.44
0 0.4230769 1.56
0.07692308 0.3846154 1.64
0.07692308 0.3461539 1.68
0.1153846 0.3461539 1.68
0.1153846 0.3076923 1.76
0.1153846 0.3461539 1.88
0.1538462 0.4230769 1.96
0.1538462 0.4230769 2
0.1923077 0.4230769 2
0.2307692 0.4230769 1.92
0.2692308 0.4230769 1.88
0.2307692 0.3846154 1.88
0.2307692 0.3461539 1.84
0.1923077 0.3461539 1.84
0.1923077 0.3461539 1.8
0.1538462 0.3076923 1.8
0.1153846 0.3076923 1.84
0.1538462 0.2692308 1.88
0.1923077 0.1923077 1.92
0.2692308 0.1923077 1.88
0.3461539 0.2307692 1.88
0.3846154 0.3076923 1.88
0.4615385 0.3461539 1.8
0.5 0.3461539 1.72
0.5384616 0.3076923 1.64
0.6153846 0.2692308 1.56
0.6923077 0.2692308 1.44
0.7307692 0.3076923 1.36
0.8076923 0.3846154 1.28
0.8846154 0.4230769 1.2
0.8846154 0.4615385 1.12
0.8846154 0.4615385 1.12
0.8461539 0.4615385 1.04
0.8461539 0.4230769 1
0.8076923 0.4230769 0.96
0.7692308 0.4230769 0.92
0.7307692 0.4230769 0.88
0.6923077 0.3846154 0.8
0.6538461 0.4230769 0.68
0.6538461 0.4615385 0.64
0.6538461 0.5384616 0.64
0.6538461 0.5769231 0.64
0.6538461 0.5769231 0.68
0.6153846 0.6153846 0.68
0.6153846 0.6153846 0.68
0.5769231 0.6153846 0.64
0.5384616 0.6153846 0.56
0.5384616 0.6538461 0.52
0.5 0.6538461 0.48
0.4615385 0.6923077 0.52
0.4230769 0.6923077 0.56
0.3461539 0.6923077 0.64
0.3076923 0.6923077 0.72
0.2307692 0.7307692 0.76
0.1923077 0.7307692 0.76
0.1538462 0.7307692 0.68
0.1153846 0.6923077 0.68
0.07692308 0.6923077 0.68
0.03846154 0.6923077 0.68
0.03846154 0.6923077 0.72
0 0.7307692 0.72
0 0.7692308 0.72
0 0.7692308 0.76
-0.03846154 0.7692308 0.8
-0.03846154 0.7692308 0.88
-0.07692308 0.7692308 0.96
-0.1538462 0.7692308 1.04
-0.1923077 0.6923077 1.12
-0.2307692 0.6538461 1.16
-0.3076923 0.6153846 1.16
-0.3076923 0.6153846 1.16
-0.3461539 0.5769231 1.16
-0.3846154 0.5769231 1.16
-0.3846154 0.5384616 1.12
-0.3846154 0.5384616 1.08
-0.3461539 0.5 1.08
-0.3076923 0.5 1.08
-0.3076923 0.5 1.08
-0.2692308 0.5 1.08
-0.2307692 0.5 1.08
-0.1923077 0.5 1.08
-0.1538462 0.4615385 1.08
-0.1153846 0.4230769 1.04
-0.1153846 0.4230769 1
-0.1153846 0.3846154 1
-0.07692308 0.3846154 1.04
-0.03846154 0.3846154 1.04
0.03846154 0.4230769 1.08
0.07692308 0.4230769 1.08
0.07692308 0.4230769 1.04
