-0.2692308 0 1
-0.2692308 0 1
-0.2692308 0 1
-0.2692308 0 1
-0.2692308 0 1
-0.2692308 0 1
-0.2692308 0 1
-0.2692308 0 1
-0.3461539 -0.03846154 1.04
-0.3461539 -0.03846154 1.04
-0.3461539 -0.03846154 1.04
-0.3461539 -0.03846154 1.04
-0.3461539 -0.03846154 1.04
-0.3846154 -0.03846154 1.12
-0.4230769 -0.03846154 1.16
-0.4615385 0 1.2
-0.5 0.03846154 1.24
-0.5 0.07692308 1.24
-0.5384616 0.07692308 1.2
-0.5769231 0.1153846 1.2
-0.6538461 0.1153846 1.16
-0.7307692 0.07692308 1.16
-0.8076923 0.03846154 1.12
-0.8846154 0 1.12
-0.9615384 -0.03846154 1.12
-0.9615384 0 1.12
-0.9230769 0 1.08
-0.8846154 0.07692308 1.08
-0.8076923 0.1153846 1.12
-0.8076923 0.1538462 1.12
-0.7692308 0.2307692 1.16
-0.7307692 0.2692308 1.16
-0.6538461 0.3076923 1.16
-0.6538461 0.3461539 1.2
-0.6153846 0.3461539 1.16
-0.5769231 0.3461539 1.12
-0.5 0.3846154 1.12
-0.5 0.4230769 1.08
-0.4615385 0.4230769 1.12
-0.4615385 0.4615385 1.12
-0.4230769 0.5 1.12
-0.3461539 0.5384616 1.08
-0.3076923 0.5384616 1.08
-0.2307692 0.5769231 1.08
-0.2307692 0.5769231 1.08
-0.1923077 0.5769231 1.12
-0.1923077 0.5769231 1.12
-0.1538462 0.5769231 1.12
-0.1153846 0.5769231 1.12
-0.07692308 0.5769231 1.12
-0.03846154 0.6153846 1.04
0 0.6153846 1
0.03846154 0.5769231 0.96
0.03846154 0.5769231 0.96
0 0.5769231 0.96
0.03846154 0.5769231 1
0.03846154 0.5769231 0.96
0.07692308 0.5769231 0.92
0.07692308 0.5769231 0.92
0.1153846 0.5769231 0.92
0.1538462 0.5769231 0.92
0.2307692 0.5384616 0.96
0.2692308 0.5 1.04
0.3076923 0.5 1.04
0.3846154 0.5384616 1
0.4230769 0.5384616 1
0.5384616 0.5384616 1
0.6153846 0.5384616 0.92
0.6538461 0.5 0.88
0.6923077 0.4615385 0.88
0.6923077 0.4230769 0.88
0.6923077 0.4230769 0.88
0.7307692 0.3461539 0.92
0.7307692 0.3461539 0.92
0.7692308 0.3076923 0.92
0.8076923 0.2692308 0.96
0.7692308 0.2692308 1
0.7692308 0.2307692 1.04
0.7692308 0.1923077 1.04
0.7692308 0.1538462 1.04
0.7692308 0.1538462 1
0.7692308 0.1153846 0.96
0.7692308 0.1153846 0.96
0.6923077 0.1153846 1
0.6538461 0.07692308 1
0.6153846 0.07692308 1
0.5384616 0.03846154 0.96
