-0.03846154 0.7307692 0.8
-0.03846154 0.7307692 0.8
-0.03846154 0.7307692 0.8
-0.03846154 0.7307692 0.8
-0.03846154 0.7307692 0.8
-0.03846154 0.7307692 0.8
-0.03846154 0.7307692 0.8
-0.03846154 0.7307692 0.8
-0.03846154 0.7307692 0.8
-0.07692308 0.7307692 0.88
-0.07692308 0.7307692 0.88
-0.07692308 0.7307692 0.88
-0.07692308 0.7692308 0.96
-0.07692308 0.7692308 0.96
0 0.7692308 1
0.03846154 0.7692308 1.12
0.03846154 0.7692308 1.32
0.03846154 0.8076923 1.6
0 0.7692308 1.84
-0.07692308 0.6923077 2.16
-0.1538462 0.5769231 2.44
-0.2307692 0.5384616 2.6
-0.1538462 0.5769231 2.6
0 0.6923077 2.52
0.1538462 0.8076923 2.4
0.3076923 0.9230769 2.36
0.3461539 0.9230769 2.36
0.3461539 0.9230769 2.36
0.2692308 0.9615384 2.36
0.2307692 0.9615384 2.32
0.2307692 1 2.24
0.2307692 0.9615384 2.2
0.2307692 0.9230769 2.08
0.2307692 0.9230769 2
0.2307692 0.9615384 1.96
0.2307692 1 1.92
0.2307692 1 1.88
0.2307692 1.076923 1.8
0.2692308 1.115385 1.68
0.3076923 1.115385 1.56
0.3461539 1.153846 1.4
0.3461539 1.153846 1.28
0.3076923 1.076923 1.2
0.2307692 1.038462 1.12
0.1538462 1 1.12
0.1153846 0.9615384 1.08
0.1153846 0.8846154 1
0.1538462 0.8461539 0.92
0.1153846 0.8076923 0.76
0.07692308 0.7692308 0.64
0.03846154 0.6538461 0.52
0 0.6153846 0.44
-0.03846154 0.5384616 0.44
0 0.4615385 0.44
0.03846154 0.4615385 0.44
0.03846154 0.4615385 0.44
0.07692308 0.4230769 0.4
0.07692308 0.3846154 0.32
0.07692308 0.3076923 0.28
0 0.2307692 0.2
0 0.1538462 0.16
-0.03846154 0.1153846 0.16
-0.07692308 0.03846154 0.16
-0.07692308 0 0.16
-0.07692308 -0.03846154 0.12
-0.07692308 -0.03846154 0.12
-0.03846154 -0.07692308 0.04
0 -0.1538462 -0.04
0.07692308 -0.1923077 -0.12
0.07692308 -0.2307692 -0.2
0.03846154 -0.2692308 -0.2
0.03846154 -0.3461539 -0.2
0.07692308 -0.3461539 -0.2
0.07692308 -0.3846154 -0.2
0.07692308 -0.4230769 -0.12
0.07692308 -0.4230769 -0.08
0.1153846 -0.4615385 -0.08
0.1153846 -0.5 -0.08
0.07692308 -0.5 -0.12
0.1153846 -0.5384616 -0.12
0.07692308 -0.5769231 -0.12
0.07692308 -0.5769231 -0.12
0.03846154 -0.5769231 -0.12
0 -0.6153846 -0.12
-0.03846154 -0.6538461 -0.12
-0.07692308 -0.6923077 -0.08
