0.9230769 0.1538462 0.96
0.9230769 0.1538462 0.96
0.9230769 0.1538462 0.96
0.9230769 0.1538462 0.96
0.9230769 0.1538462 0.96
0.9230769 0.1538462 0.96
0.9230769 0.1538462 0.96
0.9230769 0.1538462 0.96
0.9230769 0.1538462 0.96
0.9230769 0.1538462 0.96
0.9230769 0.1538462 0.96
1 0.2307692 0.96
1.038462 0.2307692 0.92
1.076923 0.2307692 0.88
1.038462 0.1923077 0.92
1.038462 0.1923077 0.88
1 0.2307692 0.88
0.9615384 0.2692308 0.92
0.9615384 0.3076923 0.96
0.9230769 0.3076923 0.96
0.8846154 0.3076923 0.96
0.8461539 0.2692308 0.92
0.8076923 0.2692308 0.84
0.8076923 0.3076923 0.8
0.7692308 0.3461539 0.8
0.7692308 0.4230769 0.84
0.7307692 0.4615385 0.88
0.6923077 0.5 0.88
0.6153846 0.4615385 0.84
0.5769231 0.4615385 0.84
0.5 0.4615385 0.84
0.4615385 0.5 0.84
0.3846154 0.5 0.84
0.3461539 0.5 0.88
0.2692308 0.5 0.92
0.1923077 0.5 0.92
0.1538462 0.5 0.96
0.1153846 0.5384616 1
0.07692308 0.5384616 1
0.03846154 0.5769231 1
0.03846154 0.6153846 0.96
0 0.5769231 0.96
-0.07692308 0.5384616 0.96
-0.1538462 0.5 0.96
-0.2692308 0.4230769 0.96
-0.3076923 0.3846154 0.96
-0.3461539 0.3846154 1
-0.3461539 0.3846154 1.04
-0.3461539 0.3461539 1.08
-0.3846154 0.3461539 1.12
-0.3461539 0.3461539 1.08
-0.3461539 0.3461539 1.08
-0.3076923 0.3461539 1.08
-0.3076923 0.3461539 1.12
-0.3076923 0.3846154 1.12
-0.3076923 0.3461539 1.16
-0.3461539 0.3461539 1.24
-0.3846154 0.3076923 1.24
-0.4230769 0.2692308 1.2
-0.4615385 0.2692308 1.2
-0.4615385 0.2307692 1.2
-0.4230769 0.2307692 1.2
-0.4230769 0.2307692 1.2
-0.4615385 0.2307692 1.2
-0.5 0.1923077 1.2
-0.5384616 0.1538462 1.16
-0.5769231 0.1153846 1.12
-0.5769231 0.07692308 1.08
-0.5 0 1.08
-0.5 0 1.12
-0.4615385 0 1.12
-0.4615385 0.03846154 1.16
-0.4230769 0.03846154 1.16
-0.4230769 0.07692308 1.2
-0.3846154 0.03846154 1.2
-0.3461539 0.03846154 1.2
-0.3076923 0 1.2
-0.3076923 0 1.16
