-0.03846154 -0.5384616 -0.2
-0.03846154 -0.5384616 -0.2
-0.03846154 -0.5384616 -0.2
-0.03846154 -0.5384616 -0.2
0 -0.5 -0.24
0 -0.5 -0.24
0 -0.5 -0.24
0 -0.5 -0.24
0 -0.5 -0.24
0 -0.5 -0.24
0 -0.5 -0.24
0 -0.4230769 -0.2
0 -0.3846154 -0.16
0 -0.3461539 -0.12
-0.03846154 -0.3461539 -0.08
-0.03846154 -0.3076923 -0.04
0 -0.2692308 -0.04
0.07692308 -0.2692308 -0.08
0.1538462 -0.1923077 -0.08
0.1923077 -0.1538462 -0.04
0.1153846 -0.1153846 0.04
0 -0.1153846 0.12
-0.1153846 -0.1153846 0.2
-0.1538462 -0.1538462 0.2
-0.1153846 -0.1923077 0.08
-0.03846154 -0.1538462 -0.04
0.03846154 0 0.04
0.1153846 0.1153846 0.24
0.1153846 0.1923077 0.44
0.07692308 0.2692308 0.64
0.03846154 0.2692308 0.68
0 0.1923077 0.64
0 0.1538462 0.44
0.03846154 0.1538462 0.44
0.1538462 0.2692308 0.6
0.1923077 0.3846154 0.84
0.2307692 0.4615385 1.12
0.1923077 0.5384616 1.32
0.1923077 0.5384616 1.32
0.2307692 0.4230769 1.08
0.2692308 0.4230769 0.84
0.3461539 0.4615385 0.8
0.4230769 0.5384616 0.92
0.4230769 0.6538461 1.2
0.3846154 0.7307692 1.52
0.3461539 0.6923077 1.64
0.3461539 0.5769231 1.48
0.3461539 0.5 1.2
0.3461539 0.5 1.08
0.4230769 0.5769231 1.08
0.4230769 0.6923077 1.2
0.4615385 0.7307692 1.4
0.4615385 0.7692308 1.52
0.4615385 0.7307692 1.56
0.4615385 0.6923077 1.52
0.4230769 0.6923077 1.48
0.4615385 0.6923077 1.52
0.5 0.7307692 1.64
0.5 0.7307692 1.8
0.5 0.7307692 2
0.5 0.7307692 2.16
0.5 0.6923077 2.24
0.4615385 0.6923077 2.12
0.4615385 0.6923077 2
0.5 0.6538461 1.96
0.5 0.6153846 1.92
0.4615385 0.6153846 1.92
0.4230769 0.6153846 1.88
0.3461539 0.6538461 1.8
0.3461539 0.6153846 1.76
0.3076923 0.5769231 1.64
0.3076923 0.5769231 1.52
0.3076923 0.5 1.4
0.3076923 0.5384616 1.36
0.3076923 0.5384616 1.36
0.3076923 0.5384616 1.32
0.3461539 0.5384616 1.28
0.3461539 0.5384616 1.28
0.3461539 0.5769231 1.2
0.3846154 0.6153846 1.16
0.3846154 0.6538461 1.08
0.3846154 0.6538461 1
0.3461539 0.6923077 0.92
0.3461539 0.6923077 0.8
