-0.6923077 0.1538462 1.12
-0.6923077 0.1538462 1.12
-0.6923077 0.1538462 1.12
-0.6923077 0.1538462 1.12
-0.6923077 0.1538462 1.12
-0.6923077 0.1538462 1.12
-0.6923077 0.1538462 1.12
-0.6923077 0.1538462 1.12
-0.6923077 0.1538462 1.12
-0.6923077 0.1538462 1.12
-0.6923077 0.1923077 1.12
-0.6538461 0.2307692 1.12
-0.6538461 0.2692308 1.16
-0.6153846 0.3076923 1.2
-0.5769231 0.3461539 1.2
-0.5 0.3846154 1.16
-0.4615385 0.4615385 1.12
-0.4615385 0.5 1.12
-0.3461539 0.5 1.12
-0.3076923 0.5384616 1.16
-0.2692308 0.5384616 1.2
-0.2307692 0.5769231 1.28
-0.1923077 0.6153846 1.32
-0.1538462 0.6538461 1.36
-0.1153846 0.6538461 1.4
-0.07692308 0.6538461 1.44
-0.07692308 0.6923077 1.52
-0.03846154 0.7307692 1.56
0 0.7307692 1.6
0.07692308 0.8076923 1.56
0.1923077 0.8461539 1.52
0.2692308 0.9230769 1.48
0.3461539 0.9230769 1.44
0.3846154 0.9230769 1.44
0.4230769 0.9230769 1.48
0.4615385 0.8846154 1.52
0.5 0.9230769 1.56
0.5384616 0.9230769 1.52
0.5769231 0.9230769 1.48
0.6538461 0.9230769 1.44
0.6923077 0.9230769 1.44
0.7692308 0.9230769 1.48
0.8461539 0.9230769 1.56
0.9230769 0.9230769 1.52
0.9615384 0.9230769 1.52
1.038462 0.9230769 1.52
1.076923 0.8846154 1.44
1.115385 0.8461539 1.4
1.153846 0.8076923 1.4
1.269231 0.8461539 1.44
1.423077 0.9230769 1.52
1.5 1 1.52
1.461538 1 1.44
1.384615 0.9615384 1.32
1.346154 0.9615384 1.16
1.307692 0.9230769 1.04
1.269231 0.9230769 0.96
1.230769 0.8846154 0.84
1.192308 0.8461539 0.76
1.153846 0.8076923 0.68
1.115385 0.8076923 0.64
1.115385 0.7692308 0.6
1.076923 0.7692308 0.52
1.038462 0.7307692 0.4
1 0.7307692 0.28
0.9615384 0.7307692 0.2
0.9230769 0.6923077 0.12
0.8461539 0.6923077 0.08
0.7692308 0.6538461 0.04
0.6923077 0.6153846 0
0.6153846 0.5769231 -0.04
0.5769231 0.5769231 -0.04
0.5 0.5384616 -0.08
0.4230769 0.5384616 -0.12
0.3461539 0.4615385 -0.16
0.2692308 0.4230769 -0.24
0.1923077 0.3461539 -0.24
0.1153846 0.3076923 -0.24
0.07692308 0.2692308 -0.2
0.03846154 0.2692308 -0.16
0 0.3076923 -0.12
-0.03846154 0.2692308 -0.12
-0.1153846 0.2692308 -0.16
-0.1153846 0.2692308 -0.2
-0.1538462 0.2692308 -0.24
-0.2307692 0.2307692 -0.24
-0.3461539 0.2307692 -0.28
-0.4615385 0.1538462 -0.28
-0.5384616 0.07692308 -0.28
-0.5769231 0.03846154 -0.24
-0.5384616 0.07692308 -0.12
-0.5 0.1153846 0
-0.3846154 0.1538462 0.08
-0.3846154 0.1538462 0.04
-0.5 0.1153846 0.04
-0.6538461 0.07692308 -0.04
-0.7692308 0.07692308 -0.04
-0.8461539 0.07692308 0.08
-0.8461539 0.07692308 0.28
-0.8076923 0.07692308 0.48
-0.6538461 0.03846154 0.56
-0.5769231 0 0.44
-0.5769231 0.07692308 0.28
-0.6153846 0.1923077 0.24
-0.6538461 0.2307692 0.24
-0.7307692 0.3076923 0.44
-0.8076923 0.2692308 0.68
-0.8076923 0.2307692 0.8
-0.7307692 0.2692308 0.76
-0.7307692 0.2692308 0.68
-0.7307692 0.3076923 0.72
-0.8076923 0.3461539 0.88
-0.8461539 0.3461539 1.16
-0.9230769 0.3076923 1.36
-0.9615384 0.2307692 1.44
-1 0.2307692 1.48
-1.038462 0.2692308 1.52
-1.115385 0.3461539 1.64
-1.115385 0.3461539 1.8
-1.115385 0.3846154 1.88
-1.076923 0.4230769 2
-1 0.4615385 2
-0.8846154 0.5 2.04
-0.8076923 0.5384616 2.08
-0.7307692 0.5769231 2.16
-0.6923077 0.5769231 2.16
-0.6153846 0.5769231 2.12
-0.5 0.6153846 2.04
-0.4230769 0.6153846 2.04
-0.3461539 0.6153846 2
-0.2692308 0.5384616 1.88
-0.2307692 0.5384616 1.8
-0.2307692 0.5384616 1.8
-0.1538462 0.5384616 1.8
-0.03846154 0.5769231 1.8
0.07692308 0.5769231 1.76
0.1923077 0.6153846 1.68
0.2692308 0.6153846 1.6
0.3461539 0.5769231 1.48
0.4230769 0.5769231 1.4
0.4615385 0.5769231 1.36
0.5384616 0.5769231 1.36
0.6153846 0.5769231 1.36
0.6923077 0.5769231 1.2
0.7307692 0.5769231 1.12
0.7692308 0.5769231 1.04
0.7692308 0.5384616 1.04
0.7307692 0.5 1
0.7307692 0.4615385 1
0.6923077 0.4230769 1
0.6538461 0.4230769 1
0.6153846 0.4230769 0.96
0.5769231 0.3846154 0.92
0.5769231 0.3461539 0.88
0.6153846 0.3461539 0.92
0.6153846 0.3846154 0.96
0.6153846 0.3846154 0.96
0.6153846 0.3846154 0.92
0.5384616 0.3846154 0.92
0.5 0.3846154 0.88
0.4615385 0.3461539 0.88
0.3846154 0.3076923 0.84
0.3461539 0.2692308 0.8
0.3076923 0.2692308 0.76
