1384249198091 98438653641517 1202231000000 6.742072 -3.830723 6.129157
1384249198203 98438764939124 1202341000000 6.895301 -3.983952 6.588843
1384249198314 98438876389320 1202451000000 7.048530 -3.371036 11.645397
1384249198425 98438987595374 1202561000000 11.951855 -10.879252 21.911734
1384249198536 98439098648841 1202671000000 16.089035 -13.637373 6.435614
1384249198647 98439209519202 1202781000000 2.911349 -1.838747 -6.282385
1384249198760 98439322190101 1202891000000 -3.677494 -6.435614 0.306458
1384249198869 98439431900794 1203001000000 1.838747 -10.266337 8.427590
1384249198981 98439543198402 1203111000000 -0.306458 5.669470 9.193734
1384249199092 98439654465491 1203221000000 0.459687 5.975927 9.500193
1384249199203 98439765732581 1203331000000 -2.298434 0.766145 -1.072602
1384249199315 98439877030189 1203441000000 4.137181 -5.516241 -5.975927
1384249199416 98439978745277 1203551000000 16.701952 -8.121132 14.097059
1384249199528 98440090805823 1203661000000 14.556746 -7.814674 14.250289
1384249199640 98440202042396 1203771000000 9.653421 -1.532289 3.524265
1384249199751 98440313401038 1203881000000 11.645397 1.991976 0.459687
1384249199863 98440425217445 1203991000000 11.338940 -9.040505 -1.072602
1384249199974 98440536606605 1204101000000 7.508216 -7.814674 4.750096
1384249200083 98440645615394 1204211000000 9.500193 -5.209783 3.677494
1384249200195 98440757157142 1204321000000 7.661446 -2.451663 4.903325
1384249200306 98440868424232 1204431000000 8.427590 -2.758120 5.516241
1384249200417 98440979080970 1204541000000 7.201759 -5.822699 5.516241
1384249200528 98441090836341 1204651000000 8.121132 -4.750096 5.975927
