1387384635237 600919257033254 3346883000000 9.040505 0.306458 4.137181
1387384635348 600919367934133 3346993000000 9.346964 0.153229 4.443638
1387384635450 600919470015432 3347103000000 8.121132 -1.991976 6.588843
1387384635589 600919608656789 3347213000000 11.338940 -0.612916 12.871228
1387384635668 600919687666799 3347323000000 13.024457 -1.072602 12.411542
1387384635785 600919805006887 3347433000000 11.951855 0.919373 9.806650
1387384635897 600919917250540 3347543000000 6.129157 -0.153229 2.604892
1387384636009 600920028761770 3347653000000 0.000000 0.919373 1.225831
1387384636129 600920148604299 3347763000000 -1.991976 0.000000 2.298434
1387384636241 600920260664846 3347873000000 0.306458 -2.298434 3.524265
1387384636326 600920346175100 3347983000000 4.290410 -3.371036 5.516241
1387384636437 600920457289602 3348093000000 10.419566 -3.830723 10.726024
1387384636549 600920569197561 3348203000000 12.411542 -4.596867 11.032481
1387384636660 600920680464651 3348313000000 9.806650 -2.145205 10.419566
1387384636772 600920791853811 3348423000000 7.508216 -4.137181 6.895301
1387384636897 600920916975881 3348533000000 7.508216 -4.750096 5.822699
1387384637008 600921027968313 3348643000000 7.354988 -4.596867 5.822699
1387384637119 600921139387991 3348753000000 7.048530 -5.516241 5.516241
1387384637230 600921249678518 3348863000000 7.661446 -5.056554 5.209783
1387384637338 600921358321096 3348973000000 6.895301 -4.443638 5.975927
