1387384691758 600975777693655 3403413000000 8.734048 3.830723 2.758120
1387384691869 600975889357473 3403523000000 8.580819 3.371036 3.217807
1387384691984 600976004164602 3403633000000 8.887277 5.056554 6.588843
1387384692095 600976115523245 3403743000000 10.266337 3.677494 8.580819
1387384692206 600976226241018 3403853000000 11.951855 5.669470 11.032481
1387384692317 600976337447073 3403963000000 11.645397 5.056554 8.121132
1387384692429 600976449324514 3404073000000 6.742072 2.604892 3.371036
1387384692526 600976546156790 3404183000000 0.459687 3.830723 0.612916
1387384692638 600976658156301 3404293000000 -1.991976 2.758120 1.072602
1387384692756 600976775923635 3404403000000 -1.072602 1.225831 3.217807
1387384692866 600976886153127 3404513000000 2.451663 1.072602 5.975927
1387384692978 600976997908498 3404623000000 7.354988 2.758120 8.734048
1387384693090 600977109694387 3404733000000 9.806650 6.895301 13.024457
1387384693216 600977235731985 3404843000000 10.113108 4.290410 8.887277
1387384693302 600977321974661 3404953000000 8.274362 1.225831 8.427590
1387384693414 600977433668997 3405063000000 7.967903 -0.306458 7.354988
1387384693525 600977544814016 3405173000000 7.967903 -1.225831 6.742072
1387384693636 600977655898001 3405283000000 7.814674 -1.532289 6.588843
1387384693747 600977766615774 3405393000000 7.508216 -1.072602 6.435614
1387384693858 600977878462698 3405503000000 7.814674 -1.532289 6.435614
1387384693957 600977976759817 3405613000000 7.814674 -1.838747 6.129157
1387384694073 600978092848684 3405723000000 7.661446 -1.838747 6.435614
1387384694189 600978208937551 3405833000000 7.814674 -1.991976 6.129157
