1387383361842 599645861586477 2238856000000 2.604892 -1.685518 9.500193
1387383361963 599645983351614 2238966000000 3.064578 -2.145205 9.346964
1387383362063 599646082747366 2239076000000 3.217807 -2.451663 17.468096
1387383362175 599646195235159 2239186000000 2.145205 -4.443638 19.306843
1387383362298 599646318282034 2239296000000 2.298434 -1.991976 5.209783
1387383362409 599646429457571 2239406000000 1.225831 1.838747 -0.919373
1387383362526 599646546187307 2239516000000 -2.911349 7.814674 7.967903
1387383362611 599646630934622 2239626000000 -4.596867 4.750096 9.959879
1387383362721 599646741469290 2239736000000 -4.750096 -6.129157 7.967903
1387383362839 599646859541799 2239846000000 -4.137181 -4.903325 5.363012
1387383362951 599646970686819 2239956000000 -1.072602 -0.919373 1.072602
1387383363062 599647081862356 2240066000000 0.000000 0.459687 5.669470
1387383363161 599647180678274 2240176000000 6.282385 -4.903325 20.379444
1387383363286 599647306410696 2240286000000 2.758120 -3.830723 12.871228
1387383363398 599647418074514 2240396000000 5.056554 -7.814674 9.193734
1387383363510 599647529921438 2240506000000 5.975927 -4.903325 11.185710
1387383363622 599647642073538 2240616000000 4.290410 5.056554 10.419566
1387383363708 599647727705862 2240726000000 1.379060 -1.838747 8.734048
1387383363819 599647839522268 2240836000000 -0.153229 -1.379060 9.806650
1387383363931 599647950667288 2240946000000 1.991976 -3.524265 9.193734
1387383364042 599648061873342 2241056000000 2.451663 -1.991976 9.806650
1387383364171 599648190627004 2241166000000 3.371036 -2.758120 10.266337
1387383364282 599648302290823 2241276000000 1.379060 -2.911349 9.193734
1387383364383 599648402998831 2241386000000 2.758120 -1.379060 10.113108
