1387383368949 599652969313528 2245956000000 2.298434 -1.379060 9.653421
1387383369061 599653080672170 2246066000000 1.991976 -2.298434 9.653421
1387383369172 599653192000295 2246176000000 1.072602 -3.371036 17.927782
1387383369277 599653297011282 2246286000000 2.298434 -7.354988 19.766529
1387383369389 599653409468557 2246396000000 3.983952 -1.532289 0.919373
1387383369501 599653520644094 2246506000000 2.451663 5.669470 2.451663
1387383369604 599653623579885 2246616000000 -3.524265 7.508216 8.887277
1387383369727 599653747389700 2246726000000 -7.048530 -1.379060 7.201759
1387383369819 599653839461233 2246836000000 -1.685518 -5.516241 7.508216
1387383369956 599653976149465 2246946000000 -1.225831 -1.991976 3.217807
1387383370043 599654063521292 2247056000000 3.217807 -1.379060 1.532289
1387383370154 599654174483206 2247166000000 7.354988 0.153229 21.145590
1387383370268 599654288313772 2247276000000 4.137181 -4.750096 15.016433
1387383370379 599654399489309 2247386000000 6.129157 -8.427590 8.734048
1387383370496 599654516188528 2247496000000 7.048530 2.604892 10.113108
1387383370602 599654622145559 2247606000000 6.742072 12.564771 12.105083
1387383370713 599654732924368 2247716000000 4.137181 -5.516241 9.193734
1387383370825 599654844740774 2247826000000 1.991976 -0.766145 10.266337
1387383370936 599654956190969 2247936000000 3.217807 -3.371036 9.346964
1387383371047 599655067122366 2248046000000 2.604892 -2.451663 9.653421
1387383371160 599655179671194 2248156000000 1.991976 -2.758120 9.346964
1387383371256 599655275923635 2248266000000 1.379060 -4.290410 9.653421
1387383371364 599655383650686 2248376000000 1.685518 -2.451663 9.500193
