1384268432008 115305931637796 5481756000000 0.919373 -0.459687 10.419566
1384268432115 115306038815530 5481866000000 0.459687 0.000000 9.959879
1384268432244 115306167111428 5481976000000 1.072602 -1.379060 5.363012
1384268432349 115306272549661 5482086000000 2.145205 -3.064578 -0.766145
1384268432447 115306370572122 5482196000000 8.580819 -2.911349 5.209783
1384268432567 115306490414651 5482306000000 13.637373 -4.290410 14.556746
1384268432688 115306611660989 5482416000000 9.959879 -2.911349 11.185710
1384268432774 115306697232278 5482526000000 10.113108 -4.903325 11.798626
1384268432886 115306809079202 5482636000000 12.411542 -3.830723 13.177687
1384268432995 115306918759378 5482746000000 12.871228 -1.991976 9.040505
1384268433125 115307048245462 5482856000000 6.588843 -0.919373 3.830723
1384268433223 115307146420510 5482966000000 1.072602 0.306458 2.911349
1384268433324 115307247616799 5483076000000 -0.766145 -0.153229 5.056554
1384268433449 115307372555764 5483186000000 0.000000 -0.306458 9.040505
1384268433550 115307473721536 5483296000000 -0.459687 -3.064578 8.734048
1384268433653 115307576199563 5483406000000 0.459687 0.306458 11.492168
1384268433779 115307702847512 5483516000000 -0.306458 1.072602 10.419566
