1387383547352 599831372145559 2424346000000 3.983952 -2.604892 9.193734
1387383547464 599831484297659 2424456000000 3.524265 -2.451663 10.572795
1387383547550 599831570540335 2424566000000 3.524265 -5.056554 22.218191
1387383547687 599831706801321 2424676000000 2.911349 -5.209783 9.500193
1387383547785 599831805495169 2424786000000 1.379060 -1.225831 -0.766145
1387383547894 599831914198782 2424896000000 -0.153229 6.129157 7.814674
1387383547992 599832011763479 2425006000000 -0.919373 6.588843 10.419566
1387383548103 599832122969534 2425116000000 -3.677494 -3.064578 7.661446
1387383548223 599832243056204 2425226000000 -2.451663 -4.903325 9.193734
1387383548321 599832341292288 2425336000000 -3.217807 -1.072602 10.419566
1387383548432 599832451857473 2425446000000 -2.911349 0.153229 9.500193
1387383548549 599832568739797 2425556000000 -2.604892 0.153229 9.806650
1387383548661 599832680617239 2425666000000 -2.451663 0.000000 10.419566
1387383548773 599832792738821 2425776000000 -2.145205 0.459687 9.806650
1387383548884 599832903761770 2425886000000 -1.379060 1.072602 9.653421
1387383549027 599833047560598 2425996000000 -2.604892 -0.306458 10.419566
1387383549098 599833117689993 2426106000000 -2.911349 0.153229 9.959879
