1387383597235 599881254805471 2474226000000 2.604892 -1.838747 10.726024
1387383597321 599881341322805 2474336000000 2.604892 -1.685518 13.330915
1387383597457 599881477064993 2474446000000 1.379060 -3.217807 18.387468
1387383597544 599881564528372 2474556000000 2.911349 -1.991976 6.129157
1387383597656 599881675581838 2474666000000 1.991976 3.830723 2.145205
1387383597761 599881780684378 2474776000000 -0.766145 5.363012 9.653421
1387383597872 599881891585256 2474886000000 -3.524265 -2.298434 10.266337
1387383597994 599882014265920 2474996000000 -2.911349 -4.596867 9.500193
1387383598106 599882126265432 2475106000000 -2.911349 -1.225831 9.500193
1387383598217 599882237502004 2475216000000 -2.604892 -0.153229 9.040505
1387383598329 599882348616506 2475326000000 -2.758120 1.532289 9.959879
1387383598442 599882462233450 2475436000000 -2.911349 -0.306458 9.346964
1387383598554 599882574141409 2475546000000 -2.604892 -0.153229 9.500193
1387383598665 599882684920217 2475656000000 -3.371036 0.000000 10.572795
1387383598751 599882770674612 2475766000000 -2.911349 -0.306458 9.653421
