1385109755344 89829797448588 545162000000 8.580819 -2.911349 5.056554
1385109755455 89829908868265 545272000000 8.274362 -3.371036 5.209783
1385109755550 89830003655863 545382000000 8.121132 -1.838747 5.056554
1385109755663 89830116204691 545492000000 14.250289 2.451663 11.492168
1385109755777 89830230828715 545602000000 23.290794 1.225831 17.621325
1385109755890 89830344048929 545712000000 18.540699 -8.580819 6.435614
1385109756022 89830475793314 545822000000 6.435614 -4.903325 -2.758120
1385109756110 89830563867045 545932000000 -2.758120 0.153229 -6.435614
1385109756224 89830677331400 546042000000 -3.371036 0.306458 -5.822699
1385109756336 89830789941263 546152000000 3.677494 -1.991976 -3.371036
1385109756451 89830904595804 546262000000 19.919758 -9.346964 10.419566
1385109756563 89831016442728 546372000000 23.290794 -7.814674 21.605276
1385109756651 89831105004740 546482000000 9.806650 -3.217807 10.572795
1385109756766 89831219201517 546592000000 10.266337 -1.532289 5.056554
1385109756880 89831333184672 546702000000 8.734048 -3.064578 2.298434
1385109756992 89831445580912 546812000000 9.500193 -3.064578 2.911349
1385109757105 89831558892679 546922000000 9.500193 -3.524265 3.983952
1385109757215 89831668847513 547032000000 8.887277 -2.758120 4.443638
1385109757328 89831781182718 547142000000 7.967903 -3.064578 2.298434
1385109757430 89831883660746 547252000000 9.346964 -3.217807 3.064578
