1387383341577 599625597304250 2218576000000 1.685518 -1.685518 9.346964
1387383341689 599625708632375 2218686000000 2.298434 -1.838747 8.274362
1387383341801 599625820723440 2218796000000 2.604892 2.604892 8.580819
1387383341912 599625932021047 2218906000000 7.048530 2.298434 13.790602
1387383342023 599626043074514 2219016000000 9.500193 -4.290410 18.234240
1387383342111 599626130598928 2219126000000 6.742072 -10.113108 13.790602
1387383342222 599626241896536 2219236000000 4.596867 -10.879252 6.435614
1387383342328 599626347823049 2219346000000 0.000000 -2.758120 -0.153229
1387383342440 599626460036184 2219456000000 0.153229 0.919373 -1.838747
1387383342552 599626572035696 2219566000000 0.612916 5.209783 4.596867
1387383342664 599626684370901 2219676000000 2.298434 5.209783 13.484144
1387383342776 599626795729543 2219786000000 3.217807 0.459687 17.161638
1387383342888 599626907881643 2219896000000 1.072602 -3.983952 13.790602
1387383342998 599627018294241 2220006000000 1.379060 -1.991976 10.572795
1387383343117 599627137343313 2220116000000 2.298434 -0.459687 9.806650
1387383343228 599627248457815 2220226000000 2.298434 -0.306458 9.500193
1387383343340 599627359694387 2220336000000 5.363012 -7.814674 8.580819
1387383343437 599627457289602 2220446000000 2.298434 -0.459687 9.346964
1387383343571 599627591170217 2220556000000 -0.153229 0.459687 9.653421
