1384350587237 141661414811043 390827000000 3.983952 -1.225831 9.346964
1384350587348 141661525895027 390937000000 3.677494 -1.225831 9.193734
1384350587490 141661668229011 391047000000 2.298434 0.459687 15.169662
1384350587579 141661756729988 391157000000 4.750096 1.532289 18.387468
1384350587676 141661854294685 391267000000 5.363012 -3.830723 10.113108
1384350587784 141661962418465 391377000000 3.524265 -2.911349 7.967903
1384350587894 141662072556404 391487000000 1.838747 0.459687 5.975927
1384350588019 141662196915535 391597000000 0.612916 0.919373 6.588843
1384350588120 141662297745613 391707000000 -0.306458 2.145205 7.661446
1384350588246 141662424332527 391817000000 -2.451663 1.379060 6.895301
1384350588340 141662518601326 391927000000 -0.612916 2.604892 9.193734
1384350588453 141662631302742 392037000000 -3.064578 1.072602 10.266337
