1384350590114 141664292435554 393687000000 3.217807 -0.919373 9.346964
1384350590215 141664393601326 393797000000 3.371036 -0.612916 9.806650
1384350590312 141664490647224 393907000000 3.524265 -0.306458 11.185710
1384350590423 141664601364998 394017000000 3.830723 0.306458 15.782578
1384350590546 141664724594978 394127000000 4.443638 -3.217807 11.492168
1384350590658 141664836472420 394237000000 3.983952 -4.750096 8.274362
1384350590769 141664947647957 394347000000 2.451663 -2.911349 5.669470
1384350590881 141665058884529 394457000000 1.225831 -1.685518 6.129157
1384350590993 141665170731453 394567000000 0.000000 1.072602 8.274362
1384350591104 141665282639412 394677000000 -1.225831 0.766145 7.508216
1384350591215 141665393204597 394787000000 0.153229 0.766145 10.266337
1384350591334 141665512406257 394897000000 0.000000 -1.072602 9.653421
