1384186183673 79081962837637 1582292000000 0.153229 -1.072602 9.959879
1384186183794 79082084022940 1582402000000 0.000000 -0.459687 9.806650
1384186183905 79082194923819 1582512000000 -0.153229 -0.919373 9.806650
1384186184028 79082317451895 1582622000000 -1.379060 -3.524265 9.806650
1384186184126 79082416054190 1582732000000 -0.153229 -8.121132 9.193734
1384186184238 79082527504385 1582842000000 6.435614 -8.274362 8.427590
1384186184349 79082638649405 1582952000000 10.726024 2.298434 9.653421
1384186184460 79082749550284 1583062000000 5.822699 4.750096 9.346964
1384186184579 79082868202628 1583172000000 2.298434 1.072602 10.113108
1384186184660 79082949837149 1583282000000 1.532289 -1.685518 9.346964
1384186184773 79083062416495 1583392000000 1.379060 -1.379060 9.806650
1384186184884 79083173683585 1583502000000 0.766145 -0.306458 9.653421
1384186184996 79083285530508 1583612000000 1.685518 0.459687 10.879252
1384186185107 79083396645010 1583722000000 0.459687 0.000000 9.806650
1384186185214 79083504066885 1583832000000 0.919373 -1.225831 10.113108
