1384186218883 79117172554434 1617502000000 -0.153229 -0.919373 9.959879
1384186218996 79117285286368 1617612000000 -0.153229 -1.225831 9.959879
1384186219107 79117396583975 1617722000000 0.306458 -1.379060 10.266337
1384186219226 79117515327872 1617832000000 0.000000 -6.588843 9.040505
1384186219329 79117619026602 1617942000000 3.371036 -8.274362 8.427590
1384186219441 79117730659903 1618052000000 7.354988 -1.379060 9.806650
1384186219552 79117841469229 1618162000000 4.137181 2.604892 9.500193
1384186219663 79117952827872 1618272000000 2.758120 3.830723 11.492168
1384186219774 79118064186514 1618382000000 1.532289 0.153229 9.959879
1384186219886 79118175301016 1618492000000 0.766145 -0.766145 10.266337
1384186219997 79118286507071 1618602000000 1.072602 -0.612916 10.419566
1384186220119 79118409035147 1618712000000 1.072602 -0.459687 9.959879
1384186220223 79118512764395 1618822000000 0.766145 0.000000 10.879252
1384186220334 79118623970450 1618932000000 0.919373 -0.766145 9.959879
