1384356629886 147058289505857 2336734000000 7.354988 0.153229 7.508216
1384356630005 147058408432858 2336844000000 7.048530 0.459687 7.508216
1384356630121 147058523758786 2336954000000 6.895301 0.766145 8.734048
1384356630233 147058635819333 2337064000000 7.354988 0.000000 8.274362
1384356630344 147058746628659 2337174000000 6.282385 -1.532289 7.201759
1384356630437 147058840226071 2337284000000 5.669470 -1.379060 8.580819
1384356630550 147058952866452 2337394000000 6.435614 -1.225831 9.500193
1384356630670 147059072892087 2337504000000 7.814674 -2.911349 8.121132
1384356630771 147059174088376 2337614000000 9.346964 -1.685518 7.048530
1384356630899 147059302475827 2337724000000 12.258313 4.137181 12.411542
1384356631011 147059413987057 2337834000000 9.500193 4.596867 12.411542
1384356631112 147059515488522 2337944000000 5.056554 4.290410 7.048530
1384356631210 147059612656491 2338054000000 2.911349 2.298434 5.209783
1384356631321 147059724076169 2338164000000 2.451663 0.459687 6.435614
1384356631456 147059858750241 2338274000000 2.758120 -4.137181 9.040505
1384356631542 147059945389646 2338384000000 5.056554 -7.201759 14.556746
1384356631654 147060056656735 2338494000000 3.983952 -9.500193 12.105083
1384356631779 147060182267087 2338604000000 1.685518 -3.830723 14.250289
1384356631891 147060294144528 2338714000000 0.000000 -2.911349 10.726024
1384356631977 147060380295651 2338824000000 -0.919373 -1.685518 6.435614
1384356632089 147060491623776 2338934000000 -2.298434 0.153229 5.822699
1384356632200 147060602890866 2339044000000 -1.685518 4.750096 6.742072
1384356632310 147060713517087 2339154000000 -1.225831 9.653421 4.596867
1384356632433 147060836502927 2339264000000 -1.991976 10.726024 1.838747
1384356632545 147060947770017 2339374000000 -2.145205 10.879252 1.838747
1384356632642 147061045304196 2339484000000 -2.451663 8.427590 2.145205
1384356632754 147061157151120 2339594000000 -3.064578 7.201759 3.830723
1384356632873 147061276505368 2339704000000 -2.758120 11.032481 3.524265
1384356632985 147061388474362 2339814000000 -3.524265 7.661446 4.443638
1384356633085 147061487809079 2339924000000 -3.830723 7.967903 5.056554
1384356633196 147061598984616 2340034000000 -2.758120 6.742072 4.750096
1384356633318 147061721024411 2340144000000 -8.734048 11.032481 5.822699
1384356633429 147061832199948 2340254000000 -3.830723 7.201759 4.443638
1384356633538 147061941605466 2340364000000 -3.371036 7.508216 5.056554
1384356633629 147062032242673 2340474000000 -3.830723 7.201759 5.056554
1384356633740 147062142807858 2340584000000 -3.677494 7.508216 5.209783
1384356633851 147062253647702 2340694000000 -3.524265 7.354988 5.363012
1384356633962 147062365250485 2340804000000 -3.677494 6.895301 5.975927
1384356634074 147062477524655 2340914000000 -3.983952 7.354988 5.975927
1384356634185 147062587906735 2341024000000 -3.830723 7.508216 5.516241
1384356634305 147062708512204 2341134000000 -3.064578 7.201759 5.669470
