1384356655276 147083679032224 2362114000000 7.508216 -0.459687 7.201759
1384356655400 147083803452389 2362224000000 7.201759 -0.459687 7.048530
1384356655497 147083900101560 2362334000000 7.201759 -0.919373 8.887277
1384356655606 147084009537595 2362444000000 5.822699 -2.758120 9.346964
1384356655729 147084131607907 2362554000000 6.588843 -5.209783 8.274362
1384356655827 147084229660886 2362664000000 7.201759 -5.516241 6.742072
1384356655927 147084329880612 2362774000000 10.572795 -1.991976 11.951855
1384356656048 147084451065915 2362884000000 13.177687 2.451663 13.177687
1384356656164 147084567307370 2362994000000 7.814674 2.911349 8.121132
1384356656276 147084679245846 2363104000000 5.209783 1.379060 5.209783
1384356656388 147084790635007 2363214000000 3.830723 -0.306458 6.588843
1384356656498 147084901017087 2363324000000 4.750096 -5.669470 12.105083
1384356656609 147085012436765 2363434000000 5.056554 -7.048530 14.709975
1384356656716 147085119156735 2363544000000 2.604892 -5.822699 14.403518
1384356656817 147085220078366 2363654000000 1.072602 -7.661446 10.726024
1384356656936 147085339218991 2363764000000 -1.379060 -6.742072 8.427590
1384356657048 147085450913327 2363874000000 -1.225831 -0.612916 10.726024
1384356657159 147085562424557 2363984000000 0.153229 1.991976 8.580819
1384356657257 147085660202878 2364094000000 -1.072602 8.887277 2.911349
1384356657391 147085793686765 2364204000000 -2.911349 10.419566 2.911349
1384356657477 147085879715817 2364314000000 -1.379060 8.427590 2.911349
1384356657590 147085993546384 2364424000000 -2.911349 8.580819 3.830723
1384356657702 147086104935544 2364534000000 -2.604892 7.354988 4.290410
1384356657816 147086218644040 2364644000000 -2.911349 8.734048 4.596867
1384356657911 147086314164060 2364754000000 3.371036 8.887277 1.379060
1384356658033 147086436081784 2364864000000 -2.451663 8.274362 4.137181
1384356658149 147086552567380 2364974000000 -4.443638 8.580819 5.056554
