1384186583339 79481628975333 1981992000000 3.524265 -1.072602 9.193734
1384186583426 79481715797842 1982102000000 2.604892 -0.919373 9.040505
1384186583537 79481827095450 1982212000000 3.524265 0.919373 8.121132
1384186583649 79481938270987 1982322000000 6.895301 3.064578 12.717999
1384186583770 79482059517325 1982432000000 5.975927 2.758120 22.064962
1384186583881 79482170845450 1982542000000 3.983952 -6.588843 18.693928
1384186583993 79482282204093 1982652000000 3.371036 -7.814674 3.217807
1384186584090 79482379524649 1982762000000 2.604892 -1.991976 -2.298434
1384186584201 79482490822256 1982872000000 1.991976 5.975927 1.072602
1384186584323 79482612923087 1982982000000 3.983952 6.588843 10.726024
1384186584409 79482698250235 1983092000000 2.451663 3.371036 15.935806
1384186584531 79482820930899 1983202000000 4.750096 -4.137181 14.863204
1384186584642 79482932136954 1983312000000 3.217807 -4.596867 11.032481
1384186584754 79483043312491 1983422000000 2.604892 -2.758120 9.653421
1384186584865 79483154518546 1983532000000 3.677494 -1.379060 9.500193
1384186584976 79483265602530 1983642000000 3.524265 -1.838747 9.500193
1384186585087 79483377022208 1983752000000 5.056554 -2.758120 5.516241
1384186585181 79483470955313 1983862000000 3.217807 -0.306458 9.346964
