1384186622084 79520373543204 2020762000000 3.983952 -1.685518 9.040505
1384186622196 79520486183585 2020872000000 3.524265 -1.532289 9.040505
1384186622308 79520597267569 2020982000000 3.830723 1.225831 7.354988
1384186622419 79520708687247 2021092000000 8.427590 1.991976 13.330915
1384186622530 79520819893301 2021202000000 10.266337 -8.121132 22.984337
1384186622642 79520932106436 2021312000000 10.113108 -14.556746 7.048530
1384186622744 79521033760489 2021422000000 5.056554 -5.975927 -3.064578
1384186622855 79521144844473 2021532000000 2.451663 -0.153229 -4.290410
1384186622966 79521256020010 2021642000000 0.612916 0.766145 2.145205
1384186623078 79521368080557 2021752000000 6.435614 -1.225831 17.008410
1384186623189 79521478218497 2021862000000 5.056554 0.306458 17.621325
1384186623299 79521588905753 2021972000000 5.056554 -5.056554 14.863204
1384186623410 79521699928702 2022082000000 5.669470 -3.524265 10.266337
1384186623524 79521813759268 2022192000000 4.290410 -1.225831 8.580819
1384186623635 79521924965323 2022302000000 4.903325 -0.766145 9.346964
1384186623747 79522036262930 2022412000000 4.290410 -0.459687 8.887277
1384186623858 79522147743643 2022522000000 4.750096 -0.153229 8.887277
1384186623974 79522263710440 2022632000000 3.830723 0.000000 9.040505
1384186624060 79522349922598 2022742000000 3.677494 -0.459687 9.500193
1384186624171 79522460853995 2022852000000 3.983952 -1.072602 9.806650
