1387384419173 600703193373586 3130823000000 -1.072602 -0.153229 9.806650
1387384419285 600703304671194 3130933000000 -0.919373 -0.153229 9.500193
1387384419396 600703415907766 3131043000000 -1.225831 -0.153229 8.274362
1387384419507 600703527113821 3131153000000 -0.153229 -0.612916 4.903325
1387384419618 600703638411428 3131263000000 1.838747 -0.306458 4.443638
1387384419725 600703745161917 3131373000000 6.588843 -1.991976 6.588843
1387384419846 600703865889455 3131483000000 12.411542 -1.685518 7.967903
1387384419942 600703962050344 3131593000000 13.943830 -0.766145 7.354988
1387384420063 600704083113577 3131703000000 12.871228 -1.838747 7.354988
1387384420161 600704181441213 3131813000000 10.879252 -1.838747 3.064578
1387384420272 600704292189504 3131923000000 10.572795 -2.145205 2.451663
1387384420383 600704403548147 3132033000000 11.032481 -5.363012 3.830723
1387384420505 600704525465872 3132143000000 11.492168 -2.451663 7.201759
1387384420608 600704627913381 3132253000000 13.330915 -0.919373 7.967903
1387384420713 600704733534719 3132363000000 11.645397 0.612916 5.822699
1387384420831 600704850996877 3132473000000 7.967903 0.306458 4.903325
1387384420942 600704962386038 3132583000000 3.677494 1.072602 3.830723
1387384421044 600705063795950 3132693000000 0.612916 2.298434 6.129157
1387384421165 600705184798147 3132803000000 0.612916 2.298434 7.661446
1387384421266 600705286177541 3132913000000 0.153229 3.064578 9.193734
1387384421379 600705398726370 3133023000000 0.306458 3.217807 9.193734
1387384421487 600705507307912 3133133000000 0.766145 3.830723 9.959879
