1387384440098 600724117598440 3151733000000 -0.153229 -0.766145 9.193734
1387384440209 600724228926565 3151843000000 0.153229 -0.919373 7.814674
1387384440322 600724341780569 3151953000000 1.379060 -1.379060 5.056554
1387384440411 600724430769827 3152063000000 4.137181 -1.532289 5.363012
1387384440521 600724541243460 3152173000000 8.274362 -3.217807 5.363012
1387384440642 600724662520315 3152283000000 12.717999 -5.056554 5.516241
1387384440740 600724760085012 3152393000000 13.637373 -4.903325 5.669470
1387384440872 600724891676809 3152503000000 12.258313 -5.056554 5.669470
1387384440969 600724989363577 3152613000000 11.185710 -6.435614 1.532289
1387384441094 600725114272024 3152723000000 10.572795 -5.975927 2.758120
1387384441193 600725213057424 3152833000000 12.411542 -3.830723 6.588843
1387384441304 600725324232961 3152943000000 12.411542 -3.524265 6.895301
1387384441415 600725435530569 3153053000000 8.580819 -0.612916 5.822699
1387384441515 600725535506155 3153163000000 5.056554 1.379060 6.435614
1387384441627 600725646834280 3153273000000 1.685518 1.532289 5.056554
1387384441738 600725758131887 3153383000000 -0.153229 2.604892 6.435614
1387384441849 600725869215872 3153493000000 -0.459687 2.758120 8.121132
1387384441972 600725991774465 3153603000000 0.000000 4.137181 9.653421
1387384442083 600726102919485 3153713000000 0.459687 2.758120 9.500193
1387384442169 600726189192678 3153823000000 0.000000 3.983952 10.113108
