1384354935783 145364185624020 642524000000 6.435614 -1.225831 8.274362
1384354935890 145364293503659 642634000000 6.435614 -0.919373 8.274362
1384354935997 145364399704831 642744000000 6.282385 -0.459687 7.048530
1384354936102 145364505478757 642854000000 8.580819 3.217807 15.629349
1384354936232 145364634964841 642964000000 11.798626 3.217807 20.226215
1384354936336 145364738724606 643074000000 12.258313 -2.758120 12.717999
1384354936438 145364841202634 643184000000 5.209783 -3.371036 0.612916
1384354936583 145364985886472 643294000000 -0.766145 1.225831 -2.604892
1384354936669 145365071946042 643404000000 -1.379060 8.427590 3.677494
1384354936770 145365173264401 643514000000 0.459687 10.113108 8.887277
1384354936879 145365281754392 643624000000 1.685518 4.137181 11.338940
1384354936981 145365384232419 643734000000 -0.459687 -3.983952 10.879252
1384354937111 145365513840573 643844000000 -3.217807 -1.838747 7.048530
1384354937215 145365617752927 643954000000 -1.991976 -0.153229 3.830723
1384354937318 145365721390622 644064000000 0.919373 0.919373 1.838747
1384354937442 145365844773190 644174000000 8.427590 0.306458 8.274362
1384354937543 145365946549314 644284000000 11.185710 2.604892 16.701952
1384354937656 145366059098142 644394000000 9.653421 1.532289 16.701952
1384354937760 145366163407223 644504000000 7.661446 -3.983952 7.508216
1384354937880 145366283463376 644614000000 6.895301 -7.661446 4.290410
1384354937988 145366391159909 644724000000 8.580819 -2.451663 6.742072
1384354938097 145366500382321 644834000000 11.492168 1.838747 7.508216
1384354938213 145366616104977 644944000000 9.346964 1.379060 6.742072
1384354938307 145366710099118 645054000000 5.516241 -0.612916 6.895301
1384354938436 145366838700192 645164000000 6.588843 -1.685518 7.814674
1384354938531 145366933884518 645274000000 5.975927 -1.532289 8.274362
1384354938653 145367056504147 645384000000 5.822699 -1.685518 7.661446
1384354938764 145367167588132 645494000000 6.282385 -1.838747 8.427590
1384354938851 145367254013913 645604000000 5.822699 -1.685518 7.814674
