-0.3846154 -0.1153846 0.4
-0.3846154 -0.1153846 0.4
-0.3846154 -0.1153846 0.4
-0.3846154 -0.1153846 0.4
-0.3846154 -0.1153846 0.4
-0.3846154 -0.1153846 0.4
-0.3846154 -0.1153846 0.4
-0.3846154 -0.1153846 0.32
-0.3846154 -0.1153846 0.32
-0.3846154 -0.1153846 0.32
-0.3846154 -0.1153846 0.32
-0.3846154 -0.1538462 0.24
-0.4230769 -0.1923077 0.2
-0.4615385 -0.1923077 0.2
-0.4615385 -0.1538462 0.28
-0.5 -0.07692308 0.4
-0.4615385 -0.03846154 0.48
-0.4615385 0 0.64
-0.4230769 0.07692308 0.8
-0.4230769 0.1153846 1
-0.3846154 0.1538462 1.16
-0.3846154 0.1538462 1.24
-0.4230769 0.1538462 1.36
-0.4615385 0.1538462 1.36
-0.5 0.1153846 1.4
-0.5384616 0.07692308 1.44
-0.5769231 0.03846154 1.44
-0.6538461 0 1.44
-0.6538461 -0.03846154 1.4
-0.6538461 -0.03846154 1.4
-0.6153846 -0.03846154 1.36
-0.5769231 -0.03846154 1.32
-0.5384616 0 1.28
-0.4615385 0 1.24
-0.3846154 0.03846154 1.2
-0.3461539 0.07692308 1.12
-0.2692308 0.07692308 1.08
-0.2692308 0.07692308 1.04
-0.2307692 0.1153846 1
-0.1538462 0.1538462 1
-0.1153846 0.1923077 1
-0.07692308 0.1923077 1
-0.03846154 0.2692308 0.96
-0.03846154 0.2692308 0.96
-0.03846154 0.3076923 0.96
-0.07692308 0.3076923 0.96
-0.07692308 0.3076923 0.92
-0.1153846 0.3076923 0.88
-0.1153846 0.3461539 0.84
-0.1538462 0.3461539 0.76
-0.2692308 0.3461539 0.68
-0.3846154 0.3461539 0.68
-0.4615385 0.3461539 0.68
-0.5384616 0.3076923 0.68
-0.6153846 0.2692308 0.72
-0.7307692 0.2692308 0.76
-0.8076923 0.2692308 0.72
-0.9230769 0.2692308 0.68
-1 0.2307692 0.68
-1.115385 0.1923077 0.64
-1.192308 0.1923077 0.68
-1.230769 0.1538462 0.76
-1.192308 0.1153846 0.92
-1.153846 0.1538462 0.96
-1.038462 0.1923077 0.92
-0.9615384 0.2692308 0.92
-0.8461539 0.3076923 0.88
-0.8076923 0.3076923 0.88
-0.7692308 0.3076923 0.84
-0.7692308 0.2692308 0.88
-0.7692308 0.2692308 0.88
-0.7307692 0.2692308 0.92
-0.6923077 0.2692308 0.88
