0.07692308 0.1538462 2.64
0.07692308 0.1538462 2.64
0.07692308 0.1538462 2.64
0.07692308 0.1538462 2.64
0.07692308 0.1538462 2.64
0.07692308 0.1538462 2.64
0.07692308 0.1538462 2.64
0.07692308 0.1538462 2.64
0.07692308 0.1538462 2.64
0.07692308 0.1538462 2.64
0.07692308 0.1538462 2.64
0 0.07692308 2.48
0 0.07692308 2.48
-0.1153846 0 2.16
-0.2307692 -0.03846154 1.84
-0.3461539 -0.07692308 1.48
-0.3846154 0.03846154 1
-0.2307692 0.1923077 0.36
-0.07692308 0.3076923 -0.2
0 0.1923077 -0.64
-0.07692308 0.03846154 -0.72
-0.2307692 -0.1153846 -0.44
-0.3076923 -0.1538462 -0.28
-0.3076923 -0.1923077 -0.24
-0.1923077 -0.1923077 -0.32
-0.07692308 -0.2692308 -0.36
-0.03846154 -0.3076923 -0.24
-0.03846154 -0.3461539 -0.08
0 -0.4230769 0.04
0 -0.5 0.04
-0.03846154 -0.5769231 0.04
-0.07692308 -0.6153846 0.16
-0.1153846 -0.6538461 0.28
-0.1923077 -0.6923077 0.44
-0.2307692 -0.7307692 0.44
-0.2307692 -0.7307692 0.44
-0.2692308 -0.7307692 0.48
-0.3076923 -0.7692308 0.56
-0.4230769 -0.8076923 0.52
-0.5769231 -0.8461539 0.52
-0.7692308 -0.9230769 0.48
-0.9615384 -0.9615384 0.52
-1.153846 -1 0.56
-1.230769 -0.9230769 0.6
-1.115385 -0.7692308 0.48
-0.9230769 -0.5 0.56
-0.7692308 -0.3076923 0.76
-0.5 -0.1538462 1.08
-0.07692308 0.07692308 1.24
0.4230769 0.1923077 1.2
0.7307692 0.2307692 1.16
0.8461539 0.1923077 1.2
0.8461539 0.1923077 1.32
0.8076923 0.1923077 1.44
0.7307692 0.1538462 1.52
0.6538461 0.07692308 1.48
0.5384616 -0.03846154 1.32
0.4230769 -0.1538462 1.12
0.3846154 -0.2307692 0.96
0.3846154 -0.3076923 0.88
0.3846154 -0.3461539 0.76
0.2692308 -0.4230769 0.72
0.07692308 -0.4615385 0.8
0 -0.4615385 0.76
0.03846154 -0.3846154 0.72
0.1153846 -0.3076923 0.64
0.1538462 -0.2692308 0.6
0.1538462 -0.2307692 0.52
0.1538462 -0.2307692 0.4
0.1923077 -0.1923077 0.2
0.2692308 -0.1538462 0
0.3846154 -0.03846154 -0.28
0.4615385 0.2692308 -0.64
0.5 0.6153846 -0.44
0.3461539 0.9230769 0.04
0.1538462 1.269231 0.84
-0.1923077 1.307692 2.16
-0.8846154 0.7692308 3.32
-1.5 0.1153846 3.36
-1.5 -0.07692308 2.6
-0.8461539 0.03846154 2.16
0.03846154 0.2692308 1.8
0.3076923 0.3846154 1.32
0 0.1923077 1.08
-0.2307692 0 1.16
-0.2307692 -0.07692308 1.16
-0.1923077 -0.03846154 1.08
-0.2307692 -0.03846154 1.08
-0.1923077 0.03846154 1.08
-0.1153846 0.1923077 1.04
-0.07692308 0.3461539 1
-0.03846154 0.3461539 1.04
-0.03846154 0.3846154 1.08
-0.07692308 0.3461539 1.12
-0.03846154 0.3076923 1.16
0 0.3076923 1.16
0.07692308 0.3076923 1.08
0.1538462 0.3076923 1.08
0.2307692 0.3076923 1.04
0.3076923 0.3846154 1.04
0.4230769 0.4615385 1
0.5 0.5769231 1.04
0.6153846 0.6538461 1.08
0.6538461 0.7692308 1.16
0.7307692 0.9230769 1.16
0.7692308 1.076923 1.2
0.8076923 1.230769 1.2
0.8846154 1.461538 1.08
0.6153846 1.5 1.12
0.1923077 1.269231 1.16
-0.4615385 0.7692308 1
-1.115385 0.03846154 0.72
-1.346154 -0.4615385 0.52
-1.153846 -0.5 0.52
-0.8076923 -0.2692308 0.48
-0.5384616 0 0.56
-0.4230769 0.1153846 0.76
-0.4615385 0.1153846 1
-0.4615385 0.1153846 1.12
-0.4230769 0.07692308 1.04
-0.4230769 0.07692308 0.96
-0.5 -0.03846154 0.92
-0.5 -0.07692308 0.96
-0.4230769 -0.03846154 1
-0.2692308 0.1153846 1
0 0.3076923 1
0.1923077 0.4615385 0.96
