0.1538462 0.1923077 1.28
0.1538462 0.1923077 1.28
0.1538462 0.1923077 1.28
0.1538462 0.1923077 1.28
0.1538462 0.1923077 1.28
0.1538462 0.1923077 1.28
0.1538462 0.1923077 1.28
0.1538462 0.1923077 1.28
0.1538462 0.1923077 1.28
0.1538462 0.1923077 1.28
0.1538462 0.1538462 1.16
0.1538462 0.1538462 1.16
0.1538462 0.1538462 1.16
0.1538462 0.1153846 0.96
0.1538462 0.03846154 0.76
0.1153846 -0.03846154 0.68
0.07692308 -0.1923077 0.52
0.07692308 -0.2307692 0.32
0.1153846 -0.3076923 0.2
0.07692308 -0.3846154 0.12
0.03846154 -0.4230769 0.08
0.07692308 -0.4615385 0.04
0.07692308 -0.5 0.04
0.03846154 -0.5384616 -0.04
0.03846154 -0.5769231 -0.12
0 -0.5769231 -0.12
-0.03846154 -0.6153846 -0.12
0 -0.5769231 -0.12
0.07692308 -0.5769231 -0.08
0.07692308 -0.5384616 0
0.07692308 -0.5384616 0.04
0.1153846 -0.5384616 0
0.07692308 -0.5769231 0
0.03846154 -0.5769231 0.04
0 -0.6153846 0.08
-0.07692308 -0.6538461 0.08
