0.1538462 -0.2307692 0.24
0.1538462 -0.2307692 0.24
0.1538462 -0.2307692 0.24
0.2307692 -0.1538462 0.32
0.2307692 -0.1538462 0.32
0.2307692 -0.1538462 0.32
0.2307692 -0.1538462 0.32
0.2307692 -0.1538462 0.32
0.2307692 -0.1538462 0.32
0.2307692 -0.1538462 0.32
0.2307692 -0.1538462 0.32
0.2307692 -0.1538462 0.32
0.2692308 -0.07692308 0.36
0.2307692 -0.03846154 0.44
0.07692308 -0.03846154 0.68
-0.03846154 -0.1153846 0.92
-0.1153846 -0.1538462 1.08
-0.07692308 -0.1538462 1.08
0 -0.07692308 1
0.07692308 0 0.96
0.1153846 0.1153846 0.92
0.1923077 0.1923077 1
0.2307692 0.2307692 1.08
0.2692308 0.3076923 1.12
0.2692308 0.3076923 1.2
0.2307692 0.3076923 1.28
0.1923077 0.2307692 1.28
0.1153846 0.1923077 1.28
0.1153846 0.1923077 1.2
0.1923077 0.2307692 1.12
0.2307692 0.3076923 1.12
0.2692308 0.3461539 1.16
0.2692308 0.3846154 1.24
0.1923077 0.4230769 1.36
0.1538462 0.4615385 1.52
0.1153846 0.5 1.64
0.1538462 0.5 1.72
0.2307692 0.5384616 1.72
0.3076923 0.5769231 1.6
0.3461539 0.6153846 1.56
0.3846154 0.5769231 1.52
