-1.538462 -0.4230769 1.28
-1.538462 -0.4230769 1.28
-1.538462 -0.4230769 1.28
-1.538462 -0.4230769 1.28
-1.538462 -0.4230769 1.28
-1.538462 -0.4230769 1.28
-1.538462 -0.4230769 1.28
-1.538462 -0.4230769 1.28
-1.538462 -0.4230769 1.28
-1.538462 -0.4230769 1.28
-1.538462 -0.4230769 1.28
-1.538462 -0.4230769 1.28
-1.346154 0 1.32
-1.076923 0.2692308 1.44
-0.8461539 0.5384616 1.28
-0.5 0.6538461 0.92
-0.2307692 0.6153846 0.72
0.07692308 0.6923077 0.64
0.6538461 0.8076923 0.48
1.346154 0.8461539 0.12
1.615385 0.7692308 0.08
1.384615 0.6538461 0.32
1.038462 0.5769231 0.64
0.8461539 0.5384616 1
0.7692308 0.5 1.36
0.6538461 0.4230769 1.44
0.5384616 0.3461539 1.32
0.5 0.2307692 1.2
0.4615385 0.1153846 1.08
0.5 0.07692308 0.92
0.5 0.03846154 0.96
0.5 0 1
