1384267444321 114318244626077 4493956000000 7.354988 -2.758120 6.129157
1384267444423 114318346493753 4494066000000 7.048530 -2.298434 5.822699
1384267444533 114318456997903 4494176000000 9.346964 8.734048 9.806650
1384267444642 114318565121682 4494286000000 18.234240 -2.451663 20.072987
1384267444759 114318682309182 4494396000000 16.855181 -11.798626 13.484144
1384267444861 114318784207376 4494506000000 6.435614 -10.572795 -2.604892
1384267444967 114318890103372 4494616000000 1.379060 -2.298434 -6.129157
1384267445088 114319011319192 4494726000000 5.669470 0.766145 1.225831
1384267445189 114319112240823 4494836000000 11.951855 8.274362 10.113108
1384267445293 114319216153176 4494946000000 11.032481 5.363012 11.338940
1384267445422 114319345639260 4495056000000 7.814674 -0.766145 12.105083
1384267445533 114319456326516 4495166000000 5.975927 -5.516241 10.879252
1384267445634 114319557614358 4495276000000 8.734048 -6.129157 9.346964
1384267445761 114319684414895 4495386000000 8.274362 -2.758120 6.588843
1384267445851 114319774533304 4495496000000 10.266337 -3.524265 4.750096
1384267445967 114319890103372 4495606000000 7.967903 -3.064578 5.822699
1384267446071 114319994748147 4495716000000 8.121132 -1.991976 5.516241
