1384267485441 114359364346536 4535086000000 8.427590 -3.064578 5.516241
1384267485553 114359476132424 4535196000000 8.121132 -3.064578 5.363012
1384267485673 114359596646341 4535306000000 8.274362 -3.064578 5.209783
1384267485776 114359699337991 4535416000000 9.653421 1.991976 3.677494
1384267485906 114359829220804 4535526000000 18.540699 6.588843 15.782578
1384267485991 114359914914163 4535636000000 19.460072 -14.709975 13.024457
1384267486095 114360018307717 4535746000000 13.024457 -15.169662 -1.838747
1384267486224 114360147122415 4535856000000 6.588843 -7.354988 -5.056554
1384267486331 114360254025491 4535966000000 5.209783 -0.766145 -3.524265
1384267486425 114360348782571 4536076000000 12.105083 6.282385 4.443638
1384267486534 114360457333596 4536186000000 12.564771 6.895301 13.330915
1384267486658 114360581326516 4536296000000 10.266337 1.225831 14.097059
1384267486763 114360686642678 4536406000000 10.726024 -7.354988 10.726024
1384267486873 114360796444924 4536516000000 9.193734 -4.596867 7.814674
1384267486985 114360908413919 4536626000000 8.580819 -1.991976 4.903325
1384267487096 114361019162210 4536736000000 7.661446 -4.903325 3.217807
1384267487212 114361135983499 4536846000000 8.734048 -2.758120 6.282385
1384267487332 114361255856545 4536956000000 9.040505 -2.604892 4.596867
