1384248917088 98157650681312 921211000000 6.129157 -6.742072 4.443638
1384248917185 98157747513587 921321000000 6.588843 -6.435614 4.596867
1384248917296 98157858780677 921431000000 6.282385 -6.435614 4.596867
1384248917409 98157971451575 921541000000 6.742072 -1.991976 4.750096
1384248917520 98158082413489 921651000000 10.572795 -5.056554 -0.766145
1384248917631 98158193070228 921761000000 15.629349 -11.645397 4.903325
1384248917749 98158311173255 921871000000 15.016433 -18.693928 -8.887277
1384248917835 98158397507483 921981000000 10.726024 -16.701952 -10.726024
1384248917946 98158508591468 922091000000 7.354988 -3.217807 -12.105083
1384248918057 98158619370277 922201000000 7.967903 0.766145 -6.588843
1384248918169 98158731186683 922311000000 8.734048 3.524265 0.919373
1384248918280 98158842270667 922421000000 8.121132 -1.838747 2.604892
1384248918391 98158953751380 922531000000 18.387468 -8.274362 9.500193
1384248918503 98159065048988 922641000000 14.403518 -11.798626 11.032481
1384248918614 98159176285560 922751000000 10.419566 -22.218191 6.282385
1384248918725 98159287491614 922861000000 7.967903 -10.419566 3.371036
1384248918836 98159398819740 922971000000 7.508216 -6.129157 3.064578
1384248918941 98159503678138 923081000000 7.201759 -3.524265 4.443638
1384248919054 98159616135413 923191000000 6.588843 -6.742072 3.830723
1384248919164 98159726242835 923301000000 6.588843 -8.887277 4.903325
1384248919275 98159837509925 923411000000 7.967903 -4.290410 4.137181
