1384248940368 98180929947669 944511000000 6.742072 -5.975927 5.209783
1384248940479 98181041153724 944621000000 6.895301 -5.516241 5.209783
1384248940591 98181153244788 944731000000 6.742072 -4.596867 5.056554
1384248940712 98181274338538 944841000000 10.266337 1.532289 5.363012
1384248940825 98181387131507 944951000000 13.790602 -4.137181 3.677494
1384248940936 98181498307044 945061000000 17.008410 -20.072987 0.000000
1384248941047 98181609513099 945171000000 14.403518 -19.766529 -9.040505
1384248941158 98181720291907 945281000000 5.975927 -7.354988 -12.258313
1384248941269 98181831101234 945391000000 5.822699 -2.451663 -6.129157
1384248941355 98181917465980 945501000000 6.895301 3.524265 -0.153229
1384248941466 98182028672034 945611000000 7.201759 -2.911349 4.137181
1384248941578 98182140091712 945721000000 12.564771 -9.500193 7.814674
1384248941689 98182251206214 945831000000 14.709975 -11.645397 10.266337
1384248941802 98182364060218 945941000000 8.580819 -11.798626 8.427590
1384248941911 98182473709876 946051000000 7.814674 -8.734048 6.435614
1384248942042 98182604477698 946161000000 6.282385 -6.588843 3.524265
1384248942129 98182691635902 946271000000 7.354988 -5.669470 4.290410
1384248942259 98182821854407 946381000000 7.201759 -6.588843 4.290410
1384248942345 98182907364661 946491000000 6.282385 -7.201759 4.443638
1384248942457 98183019181068 946601000000 6.435614 -6.895301 4.596867
