1384248952163 98192725693519 956301000000 6.742072 -5.822699 5.209783
1384248952286 98192848221595 956411000000 6.588843 -6.282385 5.209783
1384248952397 98192959336097 956521000000 6.282385 -4.596867 5.056554
1384248952508 98193070877845 956631000000 11.492168 -0.306458 5.516241
1384248952619 98193181870277 956741000000 15.016433 -9.193734 12.717999
1384248952706 98193268204505 956851000000 18.693928 -22.677879 -0.919373
1384248952819 98193381089026 956961000000 13.943830 -10.726024 -15.476120
1384248952929 98193490921790 957071000000 8.121132 1.225831 -8.734048
1384248953040 98193602036292 957181000000 8.734048 4.596867 -2.911349
1384248953151 98193713150794 957291000000 8.887277 0.306458 5.209783
1384248953262 98193824356849 957401000000 13.484144 -5.056554 10.879252
1384248953373 98193935593421 957511000000 14.863204 -7.201759 14.556746
1384248953485 98194047440345 957621000000 8.427590 -12.411542 8.580819
1384248953597 98194159287269 957731000000 5.056554 -5.822699 5.056554
1384248953706 98194268875892 957841000000 8.734048 -5.975927 5.975927
1384248953818 98194380081946 957951000000 6.742072 -5.669470 3.983952
1384248953929 98194491349036 958061000000 4.443638 -6.282385 4.596867
1384248954040 98194602677161 958171000000 9.193734 -4.137181 3.677494
1384248954141 98194703476722 958281000000 6.895301 -5.056554 4.750096
