1387456508045 658728738937131 216430000000 -2.298434 -0.306458 9.959879
1387456508151 658728845809689 216540000000 -2.911349 0.459687 9.806650
1387456508257 658728951797237 216650000000 -3.677494 -1.379060 9.193734
1387456508382 658729075881710 216760000000 -3.677494 -5.669470 10.266337
1387456508480 658729174819699 216870000000 -1.991976 -5.056554 11.492168
1387456508597 658729291122189 216980000000 -0.766145 3.677494 7.508216
1387456508699 658729393172972 217090000000 1.532289 6.742072 9.806650
1387456508830 658729524215451 217200000000 0.306458 1.379060 7.048530
1387456508928 658729622390501 217310000000 1.532289 -1.532289 0.612916
1387456509029 658729723434200 217420000000 2.451663 -0.153229 11.338940
1387456509133 658729827041378 217530000000 10.419566 -8.121132 17.927782
1387456509249 658729943313351 217640000000 5.209783 -3.830723 11.338940
1387456509365 658730059554806 217750000000 5.056554 -3.064578 7.967903
1387456509472 658730166030637 217860000000 5.822699 -3.217807 7.354988
1387456509581 658730275771848 217970000000 5.516241 -3.371036 7.967903
1387456509680 658730374709837 218080000000 5.209783 -3.371036 8.121132
1387456509795 658730489578000 218190000000 5.209783 -3.371036 7.967903
1387456509902 658730595931759 218300000000 5.056554 -3.064578 7.814674
1387456510036 658730729995480 218410000000 7.661446 -1.838747 9.040505
1387456510129 658730823043577 218520000000 5.363012 -3.677494 7.814674
