1384350721270 141795448410895 524847000000 3.064578 -1.532289 8.887277
1384350721386 141795564408210 524957000000 2.911349 -1.685518 8.427590
1384350721498 141795675766852 525067000000 0.919373 -4.596867 13.943830
1384350721609 141795786911872 525177000000 2.451663 -6.282385 19.766529
1384350721696 141795873703864 525287000000 9.040505 -0.612916 11.951855
1384350721808 141795986313727 525397000000 7.201759 0.919373 6.435614
1384350721920 141796098191169 525507000000 1.225831 1.379060 4.290410
1384350722031 141796208695319 525617000000 -0.766145 -0.919373 0.000000
1384350722142 141796320664313 525727000000 -3.217807 -2.145205 0.153229
1384350722264 141796442459968 525837000000 -5.822699 -8.887277 6.895301
1384350722377 141796555069831 525947000000 -0.459687 -10.726024 15.629349
1384350722488 141796666214851 526057000000 6.435614 -3.983952 19.153614
1384350722576 141796753769782 526167000000 9.040505 1.838747 12.258313
1384350722688 141796866288093 526277000000 4.290410 -0.919373 8.580819
1384350722800 141796978684333 526387000000 2.758120 -2.451663 7.967903
1384350722921 141797099472907 526497000000 2.145205 -3.064578 9.653421
1384350723031 141797209397224 526607000000 2.145205 -3.983952 9.806650
1384350723143 141797320969489 526717000000 5.056554 -2.911349 8.887277
1384350723244 141797422654059 526827000000 2.451663 -2.145205 9.500193
