1384350746306 141820484574226 549887000000 3.064578 -2.298434 9.040505
1384350746418 141820596421149 549997000000 1.685518 -3.371036 10.113108
1384350746530 141820707749274 550107000000 1.379060 -5.056554 24.516626
1384350746632 141820810349372 550217000000 7.814674 -7.201759 15.322891
1384350746748 141820926407722 550327000000 7.967903 -4.903325 7.814674
1384350746847 141821025010017 550437000000 4.290410 -1.072602 0.612916
1384350746973 141821151505378 550547000000 1.838747 0.766145 -1.379060
1384350747086 141821263871100 550657000000 -3.524265 -3.371036 -0.612916
1384350747197 141821375626472 550767000000 -1.838747 -15.629349 6.742072
1384350747286 141821464035895 550877000000 2.298434 -14.709975 13.024457
1384350747411 141821588974860 550987000000 9.959879 -7.201759 15.935806
1384350747525 141821702866462 551097000000 9.040505 1.838747 11.032481
1384350747638 141821815903571 551207000000 6.588843 -0.153229 8.427590
1384350747732 141821910324958 551317000000 3.524265 -3.217807 8.427590
1384350747843 141822021408942 551427000000 5.516241 -4.596867 7.661446
1384350747955 141822133377936 551537000000 4.137181 -2.145205 10.266337
1384350748059 141822236954597 551647000000 2.758120 -2.298434 9.193734
