1384350760415 141834592789558 564007000000 3.371036 -2.298434 9.346964
1384350760526 141834704331306 564117000000 3.064578 -2.758120 9.346964
1384350760637 141834815262702 564227000000 1.225831 -4.443638 15.016433
1384350760748 141834926560309 564337000000 3.217807 -5.516241 21.911734
1384350760868 141835045914558 564447000000 6.588843 -2.911349 12.717999
1384350760966 141835144059089 564557000000 5.056554 0.153229 4.290410
1384350761076 141835254654792 564667000000 3.524265 1.225831 0.459687
1384350761189 141835367112067 564777000000 1.225831 -0.612916 -0.306458
1384350761301 141835479142097 564887000000 -3.371036 -3.983952 0.459687
1384350761411 141835589402106 564997000000 -1.838747 -9.653421 10.113108
1384350761535 141835712845710 565107000000 3.064578 -11.185710 16.242264
1384350761648 141835825913337 565217000000 8.887277 -4.903325 18.234240
1384350761738 141835916581061 565327000000 10.266337 2.145205 11.492168
1384350761851 141836028855231 565437000000 5.516241 0.766145 6.895301
1384350761961 141836139115241 565547000000 3.677494 -2.604892 8.427590
1384350762082 141836260361579 565657000000 2.758120 -2.298434 9.500193
1384350762195 141836372849372 565767000000 2.604892 -4.137181 9.193734
1384350762306 141836483994391 565877000000 0.306458 -3.064578 9.193734
1384350762398 141836575852302 565987000000 2.758120 -2.604892 8.887277
1384350762511 141836688797858 566097000000 2.758120 -2.758120 9.193734
1384350762621 141836799088386 566207000000 3.371036 -2.604892 9.346964
1384350762733 141836910813239 566317000000 2.911349 -2.604892 9.346964
1384350762855 141837032975104 566427000000 2.911349 -2.758120 9.193734
1384350762954 141837132065681 566537000000 2.911349 -2.451663 9.653421
1384350763066 141837244034675 566647000000 1.838747 -1.532289 8.427590
1384350763177 141837355240729 566757000000 0.612916 -7.508216 9.346964
1384350763281 141837459183600 566867000000 3.677494 -2.604892 7.814674
