-0.1153846 -0.6153846 -0.04
-0.1153846 -0.6153846 -0.04
-0.1153846 -0.6153846 -0.04
-0.1153846 -0.6153846 -0.04
-0.1153846 -0.6153846 -0.04
-0.1153846 -0.6153846 -0.04
-0.1153846 -0.6153846 -0.04
-0.1153846 -0.6153846 -0.04
-0.1153846 -0.6153846 -0.04
-0.1153846 -0.6153846 -0.04
-0.1153846 -0.5384616 -0.16
-0.1153846 -0.5384616 -0.16
-0.1153846 -0.5384616 -0.16
-0.1153846 -0.5384616 -0.28
-0.1538462 -0.5384616 -0.28
-0.1538462 -0.5769231 -0.32
-0.1153846 -0.5 -0.28
-0.1153846 -0.4615385 -0.28
-0.1538462 -0.4615385 -0.24
-0.1923077 -0.4230769 -0.16
-0.1923077 -0.3846154 -0.08
-0.1538462 -0.3846154 -0.08
-0.07692308 -0.3461539 -0.08
0 -0.2307692 -0.04
0.07692308 -0.1923077 0.04
0.03846154 -0.07692308 0.12
0.03846154 -0.07692308 0.32
0 -0.07692308 0.32
0 -0.03846154 0.32
0 0 0.4
0 0.07692308 0.48
0 0.1153846 0.6
0 0.1538462 0.76
0 0.1923077 0.84
0.07692308 0.1923077 0.8
0.1538462 0.2692308 0.76
0.1923077 0.3846154 0.8
0.2692308 0.4615385 0.88
0.2692308 0.5 0.96
0.2307692 0.5 1.08
0.2307692 0.4615385 1.12
0.1923077 0.4230769 1.12
0.1923077 0.4615385 1.12
0.1923077 0.4615385 1.16
0.1538462 0.5 1.36
0.07692308 0.5 1.64
0 0.4230769 1.84
0.03846154 0.3461539 1.8
0.07692308 0.3461539 1.76
0.1923077 0.3461539 1.76
0.2307692 0.3846154 1.88
0.2692308 0.3846154 2.08
0.2307692 0.4230769 2.24
0.1923077 0.4230769 2.28
0.1538462 0.3461539 2.2
0.1538462 0.3461539 2.08
0.1923077 0.3461539 2
0.1923077 0.3461539 1.92
0.1923077 0.3461539 1.88
0.1538462 0.3461539 1.88
0.1153846 0.3461539 1.88
0.1153846 0.3076923 1.84
0.1153846 0.2692308 1.76
0.1153846 0.2692308 1.72
0.1538462 0.2692308 1.68
0.1538462 0.3076923 1.72
0.1153846 0.3076923 1.76
0.1153846 0.2692308 1.72
0.07692308 0.2692308 1.68
0.03846154 0.2692308 1.56
0.07692308 0.2692308 1.48
0.07692308 0.2692308 1.4
0.07692308 0.3076923 1.36
0.1153846 0.3461539 1.28
0.1153846 0.3461539 1.28
0.1153846 0.3846154 1.16
