0.1153846 0.4230769 1.92
0.1153846 0.4230769 1.92
0.1153846 0.4230769 1.92
0.1153846 0.4230769 1.92
0.1153846 0.4230769 1.92
0.1153846 0.4230769 1.92
0.1153846 0.4230769 1.92
0.1153846 0.4230769 1.92
0.1153846 0.4230769 1.92
0.1153846 0.4230769 1.92
0.1153846 0.4230769 1.92
0.1153846 0.4230769 1.92
0.1538462 0.3846154 2.16
0.1923077 0.4230769 2.4
0.2692308 0.4230769 2.52
0.3461539 0.5 2.6
0.3461539 0.5769231 2.56
0.3461539 0.6153846 2.48
0.2692308 0.6538461 2.4
0.2692308 0.6923077 2.32
0.1923077 0.7307692 2.24
0.1538462 0.7692308 2.2
0.07692308 0.7692308 2.12
0.03846154 0.7692308 2.08
0 0.7692308 2
-0.03846154 0.7692308 1.92
-0.07692308 0.8076923 1.84
-0.07692308 0.8076923 1.76
-0.07692308 0.8076923 1.64
-0.03846154 0.8076923 1.52
-0.03846154 0.8076923 1.4
-0.03846154 0.8461539 1.32
-0.03846154 0.8076923 1.24
-0.03846154 0.7692308 1.16
-0.07692308 0.7307692 1.12
-0.07692308 0.6923077 1.04
-0.07692308 0.6923077 1
-0.1153846 0.6153846 0.92
-0.1153846 0.5769231 0.84
-0.07692308 0.5 0.72
-0.07692308 0.4615385 0.6
-0.03846154 0.4615385 0.56
-0.07692308 0.4230769 0.56
-0.07692308 0.3461539 0.6
-0.07692308 0.2692308 0.56
-0.07692308 0.1923077 0.52
-0.03846154 0.1538462 0.48
-0.03846154 0.1153846 0.44
-0.03846154 0.07692308 0.44
0 0.07692308 0.48
0 0 0.48
0.07692308 0 0.44
0.07692308 -0.03846154 0.4
0.07692308 -0.03846154 0.36
0.07692308 -0.07692308 0.32
0.07692308 -0.1153846 0.28
0.07692308 -0.1538462 0.2
0.1153846 -0.1923077 0.12
0.1153846 -0.2307692 0.04
0.1153846 -0.2692308 -0.04
0.1153846 -0.3076923 -0.08
0.1153846 -0.3461539 -0.08
0.07692308 -0.3846154 -0.08
0.07692308 -0.4230769 -0.04
0.03846154 -0.4230769 -0.04
0.07692308 -0.4615385 -0.08
0.07692308 -0.5 -0.16
0.07692308 -0.5384616 -0.2
0.1153846 -0.5384616 -0.2
0.1153846 -0.5769231 -0.16
0.1153846 -0.5769231 -0.12
0.1153846 -0.5769231 -0.08
0.07692308 -0.6153846 -0.04
0.07692308 -0.6538461 0
0.03846154 -0.6538461 0.04
