-0.4615385 -0.4230769 0
-0.4615385 -0.4230769 0
-0.4615385 -0.4230769 0
-0.4615385 -0.4230769 0
-0.4615385 -0.4230769 0
-0.4615385 -0.4230769 0
-0.4615385 -0.4230769 0
-0.4615385 -0.4230769 0
-0.4615385 -0.4230769 0
-0.4615385 -0.4230769 0
-0.4615385 -0.4230769 0
-0.4615385 -0.4230769 0
-0.5 -0.4230769 0.08
-0.5 -0.4230769 0.12
-0.5 -0.4230769 0.12
-0.5 -0.4230769 0.12
-0.5 -0.4230769 0.12
-0.5 -0.4230769 0.12
-0.5384616 -0.4230769 0.12
-0.5384616 -0.3846154 0.12
-0.5 -0.3461539 0.12
-0.4230769 -0.3076923 0.12
-0.4230769 -0.3076923 0.16
-0.3846154 -0.2692308 0.2
-0.3846154 -0.2692308 0.28
-0.3846154 -0.3076923 0.32
-0.4230769 -0.3076923 0.32
-0.4230769 -0.2692308 0.36
-0.4230769 -0.2307692 0.44
-0.4230769 -0.1923077 0.52
-0.4615385 -0.1153846 0.64
-0.4615385 -0.07692308 0.8
-0.4615385 -0.07692308 0.92
-0.4230769 -0.07692308 0.96
-0.3846154 -0.07692308 0.96
-0.3461539 -0.03846154 1
-0.3076923 0 1.04
-0.3076923 0 1.12
-0.3461539 0 1.24
-0.3461539 0 1.36
-0.3461539 -0.03846154 1.52
-0.3461539 -0.03846154 1.68
-0.3461539 -0.03846154 1.84
-0.3076923 -0.03846154 1.96
-0.2692308 -0.03846154 2.04
-0.2307692 -0.07692308 2.08
-0.1923077 -0.07692308 2.08
-0.1538462 -0.07692308 2.04
-0.03846154 -0.03846154 2
0.1153846 -0.03846154 1.92
0.2692308 0 1.8
0.3846154 0.03846154 1.72
0.4615385 0.07692308 1.6
0.5 0.07692308 1.52
0.5 0.07692308 1.44
0.5 0.07692308 1.36
0.5384616 0.07692308 1.32
0.5384616 0.03846154 1.2
0.5384616 0.03846154 1.12
0.5769231 0.03846154 1.08
0.6153846 0.07692308 1
0.6923077 0.1153846 0.92
0.7307692 0.1538462 0.8
0.7692308 0.1923077 0.68
0.7692308 0.2307692 0.56
0.8076923 0.2692308 0.48
0.8076923 0.3076923 0.4
0.7692308 0.3076923 0.36
0.7307692 0.3076923 0.32
0.6923077 0.3076923 0.36
0.6538461 0.3076923 0.4
0.5769231 0.3461539 0.48
0.5 0.3461539 0.56
0.4230769 0.3846154 0.56
0.3846154 0.4230769 0.56
0.3846154 0.5 0.52
0.4230769 0.5769231 0.52
0.3846154 0.6538461 0.6
0.3461539 0.6923077 0.68
0.2307692 0.6923077 0.8
0.1538462 0.6923077 0.88
0.03846154 0.6923077 0.96
-0.03846154 0.6538461 1.08
-0.07692308 0.6538461 1.16
-0.1153846 0.6923077 1.2
-0.1153846 0.7307692 1.24
-0.1153846 0.7307692 1.2
-0.1923077 0.6923077 1.28
-0.3076923 0.6538461 1.36
-0.4230769 0.5769231 1.48
-0.5384616 0.5384616 1.56
-0.6538461 0.5 1.6
-0.6923077 0.4615385 1.6
-0.7307692 0.4615385 1.6
-0.6923077 0.4230769 1.72
-0.7307692 0.3846154 1.8
-0.7307692 0.3461539 1.8
-0.7692308 0.3461539 1.76
-0.8076923 0.3076923 1.76
-0.8076923 0.3076923 1.72
-0.7692308 0.2692308 1.64
-0.7307692 0.3076923 1.56
-0.6538461 0.2692308 1.44
-0.6153846 0.2692308 1.36
-0.5769231 0.2692308 1.32
-0.5769231 0.3076923 1.32
-0.5 0.3076923 1.28
-0.5 0.3461539 1.4
-0.4615385 0.3076923 1.48
-0.4615385 0.2692308 1.52
