1384187008071 79906361061514 2406702000000 -5.669470 3.371036 6.895301
1384187008152 79906442024649 2406812000000 -5.822699 4.290410 6.742072
1384187008264 79906553413809 2406922000000 -5.669470 4.137181 7.048530
1384187008375 79906665108145 2407032000000 -3.371036 6.129157 8.121132
1384187008461 79906751106680 2407142000000 -2.758120 7.508216 8.887277
1384187008573 79906862648428 2407252000000 -4.137181 1.838747 8.734048
1384187008684 79906973640860 2407362000000 -6.742072 -5.209783 5.209783
1384187008796 79907085243643 2407472000000 -1.072602 -1.225831 1.225831
1384187008907 79907196236075 2407582000000 1.991976 -0.306458 2.451663
1384187009018 79907307869376 2407692000000 5.056554 -5.822699 17.621325
1384187009129 79907419075430 2407802000000 3.830723 -6.588843 20.839132
1384187009241 79907530220450 2407912000000 2.911349 -3.371036 11.492168
1384187009352 79907641609610 2408022000000 3.983952 -2.604892 8.887277
1384187009476 79907765236319 2408132000000 4.443638 -2.451663 8.887277
1384187009562 79907851478995 2408242000000 4.596867 -2.145205 9.040505
1384187009673 79907962685050 2408352000000 5.822699 -1.532289 8.887277
1384187009795 79908085030020 2408462000000 7.201759 -9.040505 7.508216
1384187009896 79908186195792 2408572000000 4.290410 -2.298434 8.580819
