1384187022580 79920870033682 2421252000000 -5.822699 4.903325 6.588843
1384187022703 79920992561759 2421362000000 -4.750096 5.209783 6.435614
1384187022814 79921103889884 2421472000000 -2.604892 7.354988 6.742072
1384187022912 79921201729239 2421582000000 -1.991976 8.427590 9.040505
1384187023024 79921313270987 2421692000000 -5.209783 1.225831 9.806650
1384187023135 79921424354971 2421802000000 -5.975927 -6.435614 7.508216
1384187023246 79921535622061 2421912000000 -2.145205 -2.604892 2.758120
1384187023361 79921650581778 2422022000000 0.153229 -1.225831 4.290410
1384187023486 79921775581778 2422132000000 -0.766145 -2.145205 13.330915
1384187023573 79921863167227 2422242000000 6.435614 -5.056554 17.927782
1384187023685 79921974373282 2422352000000 4.596867 -3.677494 12.717999
1384187023797 79922086281241 2422462000000 4.903325 -2.758120 8.887277
1384187023893 79922182503165 2422572000000 5.669470 -2.758120 8.580819
1384187024021 79922310249747 2422682000000 5.209783 -2.451663 8.427590
1384187024132 79922421303213 2422792000000 5.056554 -2.758120 9.040505
1384187024243 79922532478751 2422902000000 3.830723 -2.451663 8.580819
