1384250154752 99395313980872 2158911000000 -7.814674 3.830723 4.596867
1384250154863 99395425675208 2159021000000 -7.354988 3.677494 4.903325
1384250154974 99395536881263 2159131000000 -9.193734 -0.919373 8.121132
1384250155086 99395648117835 2159241000000 -2.911349 -2.911349 9.500193
1384250155197 99395759568030 2159351000000 -2.451663 6.129157 0.612916
1384250155286 99395848221595 2159461000000 2.145205 10.572795 0.459687
1384250155397 99395959702308 2159571000000 3.830723 8.887277 4.596867
1384250155509 99396071060950 2159681000000 6.435614 6.435614 7.967903
1384250155620 99396182144935 2159791000000 8.734048 -0.153229 8.734048
1384250155731 99396293228919 2159901000000 10.266337 -5.516241 9.500193
1384250155839 99396401291663 2160011000000 10.266337 -7.201759 10.879252
1384250155950 99396512558753 2160121000000 12.717999 -5.669470 6.588843
1384250156061 99396623551185 2160231000000 15.169662 -2.911349 2.604892
1384250156176 99396738602454 2160341000000 13.024457 2.298434 0.766145
1384250156287 99396849716956 2160451000000 8.887277 -0.306458 2.758120
1384250156398 99396960770423 2160561000000 8.121132 -5.056554 3.217807
1384250156510 99397072769935 2160671000000 8.887277 -5.669470 3.677494
1384250156622 99397184860999 2160781000000 6.895301 -5.516241 5.209783
