0.3846154 0.3076923 1.04
0.3846154 0.3076923 1.04
0.3846154 0.3076923 1.04
0.3846154 0.3076923 1.04
0.3846154 0.3076923 1.04
0.3846154 0.3076923 1.04
0.3846154 0.3076923 1.04
0.3846154 0.3076923 1.04
0.3846154 0.3076923 1.04
0.3846154 0.3076923 1.04
0.3846154 0.3076923 1.04
0.3846154 0.3076923 1.04
0.3846154 0.3076923 1.04
0.4230769 0.3076923 1.08
0.4230769 0.3076923 1.08
0.4615385 0.3076923 1.04
0.4230769 0.2692308 1.04
0.4230769 0.2692308 1.04
0.3846154 0.2692308 1.04
0.3076923 0.2692308 1
0.2307692 0.2307692 1
0.1538462 0.2307692 1.04
0.1153846 0.2307692 1.04
0.1153846 0.1923077 1
0.1153846 0.1923077 1
0.1153846 0.1923077 1
0.1153846 0.1923077 0.96
0.1153846 0.2307692 0.96
0.07692308 0.2692308 0.96
0.03846154 0.2692308 0.92
0 0.2692308 0.92
-0.1153846 0.2692308 0.92
-0.2307692 0.1923077 0.92
-0.3076923 0.1538462 0.92
-0.3461539 0.07692308 0.92
-0.4230769 0.07692308 0.92
-0.4230769 0.03846154 0.92
-0.4615385 -0.03846154 0.92
-0.5 -0.07692308 0.92
-0.5 -0.07692308 0.88
-0.5384616 -0.1153846 0.88
-0.5 -0.1153846 0.88
-0.5 -0.1153846 0.84
-0.5 -0.1153846 0.88
-0.5 -0.1153846 0.88
-0.5 -0.1153846 0.84
-0.5384616 -0.1538462 0.84
-0.5384616 -0.1923077 0.84
-0.5384616 -0.1923077 0.84
-0.5 -0.1923077 0.88
-0.5 -0.1923077 0.92
-0.5384616 -0.2307692 0.92
-0.5769231 -0.2307692 0.92
-0.5384616 -0.2307692 0.92
-0.5 -0.2692308 0.88
-0.5 -0.2307692 0.84
-0.5 -0.2307692 0.84
-0.4615385 -0.2307692 0.88
-0.5 -0.2692308 0.92
-0.5 -0.2692308 0.96
-0.5 -0.2692308 1
-0.5 -0.2692308 1
-0.4615385 -0.2692308 1.04
-0.4615385 -0.2692308 1.04
-0.4615385 -0.2692308 1.04
-0.5 -0.3076923 1.04
-0.5384616 -0.3076923 1
