-0.1538462 0.07692308 0.92
-0.1538462 0.07692308 0.92
-0.1538462 0.07692308 0.92
-0.1538462 0.07692308 0.92
-0.1538462 0.07692308 0.92
-0.1538462 0.07692308 0.92
-0.1538462 0.07692308 0.92
-0.1538462 0.07692308 0.92
-0.1538462 0.07692308 0.92
-0.1538462 0.07692308 0.92
-0.1538462 0.07692308 0.92
-0.07692308 0.1538462 1
-0.03846154 0.2307692 1.16
0 0.3076923 1.32
0.07692308 0.3461539 1.44
0.1153846 0.3846154 1.56
0.1538462 0.4230769 1.64
0.1923077 0.4230769 1.8
0.2307692 0.4615385 1.84
0.3846154 0.5384616 1.88
0.5384616 0.6538461 1.96
0.7307692 0.8076923 2.04
0.9230769 0.9230769 2.04
1.115385 1 2
1.230769 1.038462 1.92
1.307692 1.076923 1.84
1.346154 1.076923 1.76
1.346154 1.038462 1.68
1.307692 1 1.56
1.307692 0.9230769 1.48
1.269231 0.8846154 1.36
1.230769 0.8461539 1.2
1.192308 0.7692308 1.12
1.153846 0.6923077 1
1.076923 0.6153846 0.92
1 0.5769231 0.84
0.9230769 0.5 0.76
0.8461539 0.4230769 0.68
0.7692308 0.3461539 0.6
0.7307692 0.3076923 0.56
0.6923077 0.2692308 0.52
0.6923077 0.2307692 0.48
0.6923077 0.2307692 0.4
0.6538461 0.1923077 0.32
0.6153846 0.1923077 0.32
0.5769231 0.1923077 0.28
0.5384616 0.1538462 0.28
0.5 0.1153846 0.24
0.4230769 0.1153846 0.16
0.3846154 0.07692308 0.12
0.3461539 0.07692308 0.04
0.3076923 0.07692308 0.04
0.2692308 0.07692308 0
0.2307692 0.03846154 -0.04
0.2307692 0.03846154 -0.08
0.1923077 0.03846154 -0.12
0.1153846 0.03846154 -0.12
0.1153846 0.03846154 -0.2
0.07692308 0.03846154 -0.24
0.03846154 0.03846154 -0.28
0 0.03846154 -0.28
0 0.03846154 -0.28
-0.03846154 0.07692308 -0.28
-0.07692308 0.07692308 -0.32
-0.1153846 0.1153846 -0.36
-0.1923077 0.1153846 -0.44
-0.2307692 0.1538462 -0.52
-0.2692308 0.1923077 -0.56
-0.3076923 0.2692308 -0.56
-0.3461539 0.3076923 -0.56
-0.3846154 0.3461539 -0.48
-0.4230769 0.3846154 -0.4
-0.5 0.4615385 -0.2
-0.5769231 0.5 0
-0.7692308 0.4615385 0.32
-1 0.4230769 0.64
-1.346154 0.3076923 1.04
-1.692308 0.07692308 1.72
-1.653846 0.03846154 1.96
-1.5 0.07692308 2.12
-1.269231 0.1538462 2.16
-1.038462 0.2692308 2.16
-0.7692308 0.3846154 2.16
-0.5 0.4230769 2.12
-0.3461539 0.4230769 2.16
-0.2692308 0.4615385 2.12
-0.2307692 0.4230769 2.08
-0.1923077 0.3846154 2.04
-0.2692308 0.1923077 2.12
-0.4230769 0.1538462 2.36
-0.2307692 0.3076923 2.2
0.07692308 0.3846154 1.88
0.2692308 0.4230769 1.6
0.3461539 0.4615385 1.4
0.5 0.5 1.28
0.5384616 0.5 1.24
0.5769231 0.4615385 1.2
0.5769231 0.4615385 1.08
0.6153846 0.4230769 0.96
0.6153846 0.3846154 0.88
0.6153846 0.3461539 0.8
0.6153846 0.3076923 0.76
0.5769231 0.3076923 0.68
0.5384616 0.2692308 0.64
0.5 0.2692308 0.64
0.5 0.2692308 0.64
0.5 0.2307692 0.68
0.5 0.2307692 0.64
0.4615385 0.1923077 0.6
0.4230769 0.1923077 0.64
0.3846154 0.1538462 0.72
0.3846154 0.1538462 0.84
0.3461539 0.1538462 0.92
0.3461539 0.1923077 0.96
0.3461539 0.1923077 1.08
0.2692308 0.1923077 1.16
0.2307692 0.1538462 1.2
0.1923077 0.1538462 1.24
0.1538462 0.1923077 1.24
0.1153846 0.1923077 1.2
0.1153846 0.1923077 1.16
0.1538462 0.2307692 1.16
0.1923077 0.2692308 1.2
0.2307692 0.3461539 1.2
0.2692308 0.3461539 1.2
