0.5769231 0.4615385 0.88
0.5769231 0.4615385 0.88
0.5769231 0.4615385 0.88
0.5769231 0.4615385 0.88
0.5769231 0.4615385 0.88
0.5769231 0.4615385 0.88
0.5769231 0.4615385 0.88
0.6153846 0.4615385 0.84
0.6153846 0.4615385 0.84
0.6153846 0.4615385 0.84
0.6153846 0.4615385 0.84
0.6923077 0.4615385 0.84
0.7692308 0.5 0.84
0.8846154 0.5384616 0.8
0.9230769 0.5769231 0.76
0.9230769 0.6153846 0.76
0.8461539 0.6153846 0.8
0.7307692 0.6538461 0.8
0.5384616 0.6538461 0.84
0.3846154 0.6538461 0.92
0.3076923 0.6923077 0.96
0.2692308 0.6923077 0.96
0.2692308 0.7307692 1
0.2692308 0.7307692 1.04
0.2307692 0.7307692 1
0.1538462 0.7307692 1
0.1153846 0.7307692 0.96
0.03846154 0.7307692 1
-0.03846154 0.7692308 0.96
-0.07692308 0.7307692 1
-0.2307692 0.6538461 1.12
-0.4230769 0.5384616 1.12
-0.5384616 0.3461539 1.12
-0.6538461 0.1538462 1.08
-0.6538461 0 0.96
-0.5769231 -0.07692308 0.92
-0.3461539 0 0.84
-0.3076923 0.1153846 0.84
-0.3076923 0.1153846 0.88
-0.3461539 0.1153846 0.92
-0.4230769 0.07692308 0.96
-0.4615385 0 0.96
-0.4615385 0 1
-0.4615385 0 1
-0.4230769 0.03846154 1
-0.3846154 0.03846154 0.96
-0.3846154 0.03846154 1
-0.3846154 0.03846154 1.04
-0.4615385 0 1.12
-0.6923077 0 1.24
-0.8076923 -0.1153846 1.32
-0.9615384 -0.1923077 1.4
-1 -0.2692308 1.44
-1 -0.2692308 1.44
-0.8461539 -0.2307692 1.36
-0.6923077 -0.1923077 1.28
