0.03846154 0.5 1.32
0.03846154 0.5 1.32
0.07692308 0.5 1.44
0.07692308 0.5 1.44
0.07692308 0.5 1.44
0.07692308 0.5 1.44
0.07692308 0.5 1.44
0.1153846 0.4615385 1.52
0.1153846 0.4615385 1.52
0.1153846 0.4615385 1.52
0.1153846 0.4615385 1.52
0.1153846 0.4615385 1.52
0.1153846 0.4615385 1.52
0.1538462 0.4615385 1.64
0.2692308 0.5 1.64
0.3846154 0.5 1.68
0.5 0.5769231 1.84
0.6923077 0.6923077 1.96
0.8846154 0.8076923 2.04
1 0.8846154 2.04
1.076923 0.8461539 1.96
1.038462 0.8076923 1.88
1 0.7692308 1.8
0.9615384 0.6923077 1.72
1 0.7307692 1.68
1.038462 0.7307692 1.52
1.115385 0.7307692 1.4
1.153846 0.7307692 1.32
1.192308 0.7307692 1.24
1.153846 0.6923077 1.08
1.076923 0.6538461 1
1 0.5769231 0.92
0.9230769 0.5769231 0.8
0.8461539 0.5 0.68
0.8076923 0.4615385 0.56
0.8846154 0.4615385 0.48
0.8076923 0.4615385 0.4
0.7692308 0.4615385 0.36
0.7692308 0.4615385 0.36
0.6923077 0.5 0.32
0.6538461 0.4615385 0.24
0.5384616 0.4230769 0.2
0.4615385 0.3461539 0.16
0.3076923 0.2692308 0.04
0.2692308 0.2307692 -0.04
0.2307692 0.1923077 -0.04
0.1923077 0.1538462 -0.08
0.1153846 0.1153846 -0.08
0.07692308 0.07692308 -0.12
0.03846154 0.07692308 -0.12
0 0.03846154 -0.08
-0.03846154 0 -0.08
-0.03846154 0 -0.08
-0.1153846 0 -0.04
-0.1538462 0 0.04
-0.1538462 0 0.16
-0.1923077 0.03846154 0.16
-0.2307692 0.03846154 0.16
-0.2307692 0.03846154 0.24
-0.2692308 0.03846154 0.28
-0.3076923 0 0.32
-0.3846154 -0.07692308 0.36
-0.4615385 -0.07692308 0.4
-0.5 -0.1153846 0.44
-0.5 -0.1153846 0.44
-0.5384616 -0.1538462 0.4
-0.5769231 -0.1538462 0.4
-0.6153846 -0.1538462 0.4
-0.6538461 -0.1538462 0.48
-0.6923077 -0.1538462 0.56
-0.7307692 -0.1923077 0.6
-0.7692308 -0.1923077 0.56
-0.7692308 -0.1923077 0.56
-0.7692308 -0.1923077 0.6
-0.8076923 -0.1538462 0.68
-0.8076923 -0.1153846 0.76
-0.8076923 -0.1153846 0.84
-0.8461539 -0.1538462 0.96
-0.8846154 -0.1538462 1.04
-0.8846154 -0.1538462 1.08
-0.8846154 -0.1538462 1.2
-0.8461539 -0.1153846 1.28
-0.7692308 -0.03846154 1.36
-0.6538461 0.03846154 1.44
-0.5384616 0.07692308 1.4
-0.4230769 0.1538462 1.36
-0.2692308 0.2307692 1.32
-0.1153846 0.2692308 1.28
-0.1153846 0.2692308 1.44
-0.3076923 0.1153846 1.8
-0.5384616 0.07692308 2.04
-0.5 0.1538462 2.08
-0.2692308 0.2307692 1.88
-0.03846154 0.3461539 1.64
0.1923077 0.3846154 1.44
0.3076923 0.3846154 1.32
0.4230769 0.4230769 1.24
0.5769231 0.5 1.16
0.5769231 0.4615385 1.08
0.5769231 0.4615385 1.08
0.6153846 0.5 1.04
0.6538461 0.5 0.92
0.7692308 0.5 0.8
0.7692308 0.4615385 0.8
0.7692308 0.5 0.8
0.8076923 0.5 0.72
0.8846154 0.5384616 0.68
0.9230769 0.5384616 0.68
0.9615384 0.5769231 0.72
0.9615384 0.5769231 0.72
0.9230769 0.5769231 0.76
0.8461539 0.5384616 0.8
0.7307692 0.5 0.84
0.6538461 0.4615385 0.88
0.5769231 0.4230769 0.92
0.5 0.3846154 0.96
0.3846154 0.3461539 1.04
0.3076923 0.3076923 1.12
0.2307692 0.3076923 1.16
