0.4615385 0.1153846 2.68
0.4615385 0.1153846 2.68
0.4615385 0.1153846 2.68
0.4615385 0.1153846 2.68
0.4615385 0.1153846 2.68
0.4615385 0.1153846 2.68
0.4615385 0.1153846 2.68
0.4615385 0.1153846 2.68
0.4615385 0.1153846 2.68
0.5384616 0.1923077 2.8
0.5384616 0.1923077 2.8
0.5384616 0.1923077 2.8
0.5 0.1923077 2.8
0.3076923 0.1923077 2.76
0.1153846 0.1538462 2.64
0.03846154 0.1538462 2.44
-0.03846154 0.1538462 2.16
-0.1538462 0.1538462 1.88
-0.2307692 0.1923077 1.56
-0.3076923 0.1538462 1.36
-0.3076923 0.2307692 0.68
-0.2692308 0.2307692 0.44
-0.1923077 0.2307692 0.28
-0.1923077 0.1923077 0.16
-0.1538462 0.1538462 0.04
-0.1153846 0.1538462 -0.08
-0.07692308 0.1153846 -0.16
-0.03846154 0.07692308 -0.2
0.03846154 0.07692308 -0.24
0.03846154 0.07692308 -0.24
0.07692308 0.03846154 -0.24
0.03846154 -0.03846154 -0.24
0 -0.03846154 -0.16
-0.03846154 -0.07692308 -0.04
-0.1538462 -0.1538462 0.12
-0.3076923 -0.1923077 0.32
-0.5 -0.3076923 0.48
-0.6923077 -0.4230769 0.56
-0.9230769 -0.5384616 0.68
-1.076923 -0.6538461 0.76
-1.230769 -0.7307692 0.84
-1.269231 -0.7692308 0.92
-1.307692 -0.7692308 0.96
-1.307692 -0.7692308 1
-1.269231 -0.7307692 1
-1.192308 -0.6538461 0.92
-1.038462 -0.5769231 0.84
-0.8846154 -0.5 0.76
-0.6538461 -0.3846154 0.64
-0.3846154 -0.3076923 0.56
-0.07692308 -0.1923077 0.48
0.1923077 -0.07692308 0.48
0.4230769 0 0.48
0.6153846 0.07692308 0.48
0.7692308 0.1538462 0.56
0.8846154 0.1538462 0.64
0.9615384 0.1538462 0.72
1.038462 0.1923077 0.76
1.076923 0.1538462 0.72
1.038462 0.1153846 0.72
1 0.1153846 0.68
0.9615384 0.07692308 0.68
0.8461539 0 0.64
0.7307692 -0.03846154 0.6
0.6538461 -0.1153846 0.52
0.5384616 -0.1538462 0.44
0.4615385 -0.1538462 0.4
0.4615385 -0.1153846 0.36
0.4615385 -0.07692308 0.28
0.4615385 -0.03846154 0.2
0.4615385 -0.03846154 0.08
0.3846154 -0.03846154 0.04
0.2692308 -0.03846154 -0.04
0.1923077 -0.03846154 -0.08
0.1153846 0 -0.12
0.07692308 0.03846154 -0.2
0.07692308 0.1538462 -0.2
0.1153846 0.2692308 -0.12
0.1923077 0.3846154 0.12
0.3076923 0.5 0.44
0.4615385 0.5384616 0.8
0.4230769 0.5 1.16
0.1923077 0.3076923 1.56
-0.07692308 0.1153846 1.92
-0.3461539 -0.07692308 2.24
-0.4615385 -0.2692308 2.48
-0.5 -0.3846154 2.6
-0.4615385 -0.4230769 2.68
-0.3461539 -0.4615385 2.68
-0.2307692 -0.4230769 2.64
-0.1153846 -0.3846154 2.52
0.03846154 -0.3461539 2.4
0.1538462 -0.2692308 2.2
0.2307692 -0.2307692 2
0.2692308 -0.1538462 1.88
0.3076923 -0.1153846 1.68
0.3076923 -0.07692308 1.52
0.3846154 0 1.4
0.5 0.1538462 1.16
0.5 0.1538462 1.16
0.5384616 0.1923077 1.08
0.5769231 0.2692308 1.04
0.6153846 0.3076923 1.04
0.6538461 0.3461539 0.96
0.7307692 0.4230769 0.92
0.8461539 0.5384616 0.88
0.9615384 0.6153846 0.88
1.076923 0.7307692 0.84
1.115385 0.7692308 0.76
1.076923 0.7692308 0.72
0.9615384 0.8076923 0.68
0.8076923 0.8076923 0.72
0.6923077 0.8076923 0.72
0.5769231 0.8461539 0.76
0.5 0.9230769 0.76
0.3846154 0.9615384 0.76
0.3076923 1 0.84
0.1923077 1.038462 0.92
0.03846154 1.038462 1.08
-0.3461539 0.9615384 1.36
-0.8076923 0.7692308 1.6
-1.192308 0.5 1.68
-1.5 0.2307692 1.68
-1.653846 0 1.64
-1.692308 -0.1538462 1.52
-1.576923 -0.2307692 1.4
-1.461538 -0.2307692 1.32
-1.346154 -0.1923077 1.28
-1.269231 -0.1923077 1.2
-1.153846 -0.1923077 1.08
-1.038462 -0.1923077 1
-0.9615384 -0.1923077 0.92
-0.8461539 -0.1538462 0.88
-0.7307692 -0.1153846 0.84
-0.5769231 -0.07692308 0.88
-0.4230769 0 0.88
-0.2692308 0.07692308 0.88
