-1.5 -0.7692308 1.24
-1.5 -0.7692308 1.24
-1.5 -0.7692308 1.24
-1.5 -0.7692308 1.24
-1.5 -0.7692308 1.24
-1.5 -0.7692308 1.24
-1.5 -0.7692308 1.24
-1.5 -0.7692308 1.24
-1.5 -0.7692308 1.24
-1.538462 -0.7692308 1.24
-1.538462 -0.7692308 1.24
-1.538462 -0.7692308 1.24
-1.5 -0.7307692 1.2
-1.461538 -0.6153846 1.16
-1.384615 -0.5 1.08
-1.307692 -0.3846154 1
-1.230769 -0.2307692 0.96
-1.076923 -0.03846154 0.96
-0.7692308 0.1923077 0.92
-0.3846154 0.4615385 0.96
0.03846154 0.6153846 1.04
0.3461539 0.7307692 1.12
0.5384616 0.7692308 1.16
0.6538461 0.7692308 1.12
0.7307692 0.7692308 1.08
0.7692308 0.7307692 1.04
0.8076923 0.6923077 1
0.8846154 0.6923077 0.96
0.9615384 0.6538461 0.92
1 0.6538461 0.92
1 0.6153846 0.92
1 0.5769231 0.92
1 0.5769231 0.92
1 0.5 0.92
0.9615384 0.5 0.92
0.9615384 0.4230769 0.92
0.9230769 0.3846154 0.92
0.8846154 0.3461539 0.92
0.8461539 0.3076923 0.88
0.7692308 0.2692308 0.84
0.7692308 0.2307692 0.8
0.7692308 0.2307692 0.76
0.7692308 0.1923077 0.76
0.8076923 0.1923077 0.76
0.8076923 0.1538462 0.72
0.7692308 0.1153846 0.72
0.6923077 0.07692308 0.72
0.6153846 0.03846154 0.76
