0.5769231 1.961538 0.76
0.5769231 1.961538 0.76
0.5769231 1.961538 0.76
0.5769231 1.961538 0.76
0.5769231 1.961538 0.76
0.5769231 1.961538 0.76
0.5769231 1.961538 0.76
0.5769231 1.961538 0.76
0.2307692 2.076923 1.16
0.2307692 2.076923 1.16
0.2307692 2.076923 1.16
0.2307692 2.076923 1.16
-0.2307692 1.961538 1.56
-0.7307692 1.615385 1.72
-1.038462 1.115385 1.64
-1.192308 0.6153846 1.48
-1.153846 0.3076923 1.32
-0.9615384 0.1923077 1.2
-0.7692308 0.1923077 1.24
-0.6153846 0.2692308 1.28
-0.5769231 0.2692308 1.28
-0.6153846 0.2692308 1.2
-0.6923077 0.2307692 1.2
-0.7692308 0.1538462 1.2
-0.9230769 0.03846154 1.32
-1.038462 -0.07692308 1.4
-1.076923 -0.1923077 1.36
-1.076923 -0.1923077 1.32
-1 -0.1923077 1.28
-0.8461539 -0.1538462 1.28
-0.6923077 -0.07692308 1.2
-0.5769231 -0.03846154 1.16
-0.4615385 0 1.12
-0.4230769 -0.03846154 1.12
-0.4230769 -0.07692308 1.16
-0.4615385 -0.1153846 1.12
-0.4615385 -0.1538462 1.16
-0.4230769 -0.1538462 1.12
-0.3846154 -0.1538462 1.08
-0.3461539 -0.1153846 1.08
-0.2692308 -0.07692308 1.08
-0.1538462 0 1.12
-0.07692308 0.03846154 1.12
-0.03846154 0.07692308 1.12
0 0.07692308 1.08
