0.1923077 0.2307692 2.48
0.1923077 0.2307692 2.48
0.1923077 0.2307692 2.48
0.1923077 0.2307692 2.48
0.07692308 0.1538462 2.6
0.07692308 0.1538462 2.6
0.07692308 0.1538462 2.6
-0.07692308 0.1153846 2.64
-0.07692308 0.1153846 2.64
-0.07692308 0.1153846 2.64
-0.07692308 0.1153846 2.64
-0.2692308 0.03846154 2.52
-0.5 0 2.44
-0.6538461 -0.07692308 2.36
-0.8076923 -0.07692308 1.96
-0.9230769 -0.07692308 1.72
-1.076923 -0.1153846 1.64
-1.153846 -0.1538462 1.48
-1.192308 -0.1153846 1.32
-1.192308 -0.1153846 1.12
-1.230769 -0.07692308 1
-1.230769 -0.03846154 0.88
-1.230769 0 0.76
-1.192308 0.03846154 0.68
-1.153846 0.07692308 0.56
-1.153846 0.07692308 0.48
-1.153846 0.03846154 0.36
-1.153846 0.03846154 0.24
-1.076923 0.03846154 0.16
-1.038462 0.07692308 0.08
-0.9230769 0.07692308 0
-0.8076923 0.1538462 -0.08
-0.6538461 0.1538462 -0.08
-0.5769231 0.1538462 -0.12
-0.5384616 0.1538462 -0.16
-0.5 0.1153846 -0.16
-0.4615385 0.1153846 -0.2
-0.4230769 0.1538462 -0.2
-0.3076923 0.1923077 -0.2
-0.2307692 0.1923077 -0.2
-0.1153846 0.2307692 -0.2
-0.03846154 0.2692308 -0.16
0 0.2692308 -0.16
0.03846154 0.2692308 -0.12
0.1153846 0.2692308 -0.08
0.1538462 0.3076923 -0.04
0.1153846 0.3076923 0
0.1153846 0.3076923 0.08
0.1153846 0.3076923 0.16
0.1153846 0.2692308 0.24
0.1538462 0.2692308 0.24
0.1923077 0.2692308 0.28
0.2692308 0.3076923 0.28
0.3461539 0.3846154 0.32
0.4230769 0.4615385 0.44
0.5384616 0.5769231 0.48
0.6153846 0.6923077 0.68
0.7692308 0.7307692 0.88
0.8846154 0.7692308 1.08
0.8461539 0.7307692 1.2
1 0.8076923 1.32
1.038462 0.8461539 1.36
1.038462 0.8846154 1.4
1.038462 0.9230769 1.6
1.076923 0.9230769 1.72
1.076923 0.9230769 1.88
1.038462 0.9615384 1.96
0.9615384 0.9615384 1.96
0.8846154 0.9230769 1.96
0.6923077 0.9230769 2
0.5 0.8461539 2.08
0.1923077 0.7307692 2.24
-0.1923077 0.5384616 2.36
-0.5769231 0.3076923 2.44
-0.8461539 0.1153846 2.44
-1 -0.03846154 2.32
-1.076923 -0.1538462 2.2
-1.115385 -0.1538462 2.08
-1.153846 -0.1923077 2.08
-1.153846 -0.1538462 2.04
-1.115385 -0.1538462 1.96
-1.076923 -0.1153846 1.8
-1 -0.07692308 1.64
-0.9615384 -0.07692308 1.44
-0.9230769 -0.03846154 1.24
-0.8076923 0 1.08
-0.7307692 0 1
-0.6153846 0.07692308 0.92
-0.5 0.1153846 0.84
-0.3846154 0.1923077 0.8
-0.2692308 0.1923077 0.8
-0.2307692 0.2307692 0.8
-0.1538462 0.2692308 0.8
-0.1538462 0.2692308 0.8
