-0.7692308 -0.4230769 -0.16
-0.7692308 -0.4230769 -0.16
-0.7692308 -0.4230769 -0.16
-0.7692308 -0.4230769 -0.16
-0.7692308 -0.4230769 -0.16
-0.7692308 -0.4230769 -0.16
-0.7692308 -0.4230769 -0.16
-0.7692308 -0.4230769 -0.16
-0.7692308 -0.4230769 -0.16
-0.7692308 -0.4230769 -0.16
-0.8076923 -0.5 -0.16
-0.8461539 -0.5769231 -0.16
-0.9615384 -0.6538461 -0.12
-1 -0.6538461 -0.08
-1.038462 -0.6538461 -0.04
-1.038462 -0.6153846 0.04
-0.9615384 -0.5769231 0.16
-0.8846154 -0.6153846 0.28
-0.8076923 -0.6153846 0.44
-0.7307692 -0.5769231 0.52
-0.6923077 -0.5769231 0.68
-0.6538461 -0.5384616 0.88
-0.5769231 -0.4615385 1
-0.4615385 -0.3846154 1.16
-0.2692308 -0.3461539 1.28
-0.07692308 -0.3076923 1.44
0.1153846 -0.2692308 1.48
0.2692308 -0.2307692 1.56
0.3461539 -0.2307692 1.56
0.3846154 -0.1923077 1.56
0.4230769 -0.1923077 1.52
0.5384616 -0.03846154 1.48
0.6923077 0.03846154 1.52
0.8461539 0.1153846 1.56
1 0.1538462 1.56
1.115385 0.1923077 1.44
1.115385 0.1923077 1.28
1 0.2307692 1.2
0.9230769 0.2692308 1.12
0.7692308 0.3076923 1.12
0.6538461 0.3461539 1.08
0.6153846 0.4230769 0.96
0.5769231 0.5384616 0.92
0.5769231 0.6923077 0.88
0.4230769 0.7692308 1.08
0.2307692 0.8461539 1.24
0.03846154 0.9230769 1.36
-0.2692308 0.8461539 1.52
-0.5 0.7307692 1.52
-0.5769231 0.6538461 1.48
-0.7307692 0.5384616 1.48
-0.8846154 0.3461539 1.56
-1.115385 0.1538462 1.64
-1.384615 -0.07692308 1.72
-1.576923 -0.2307692 1.72
-1.730769 -0.3846154 1.68
-1.769231 -0.5384616 1.64
-1.769231 -0.6153846 1.56
-1.692308 -0.6538461 1.44
-1.5 -0.6153846 1.32
-1.269231 -0.5 1.2
-1.076923 -0.3846154 1.12
-0.8846154 -0.2692308 1.08
-0.7307692 -0.1923077 1.08
-0.5769231 -0.1153846 1.12
-0.4615385 -0.07692308 1.16
-0.3846154 -0.03846154 1.16
