1.807692 1.923077 0.56
1.807692 1.923077 0.56
1.807692 1.923077 0.56
1.807692 1.923077 0.56
1.5 2.269231 0.64
1.5 2.269231 0.64
1.5 2.269231 0.64
1.5 2.269231 0.64
1.5 2.269231 0.64
1.5 2.269231 0.64
0.9230769 2.576923 0.92
0.9230769 2.576923 0.92
0.2692308 2.846154 1.32
-0.4230769 3 1.92
-1.076923 2.615385 2.28
-1.653846 1.615385 2.28
-2 0.5 1.96
-2.076923 -0.2307692 1.4
-1.807692 -0.4230769 0.92
-1.384615 -0.3076923 0.96
-1.038462 -0.1153846 1.28
-0.8076923 0 1.44
-0.7692308 0.03846154 1.32
-0.8076923 0 1.2
-0.8461539 -0.07692308 1.16
-0.8461539 -0.1538462 1.12
-0.9230769 -0.2692308 0.96
-0.8846154 -0.3461539 0.84
-0.8076923 -0.3461539 0.84
-0.6153846 -0.2307692 0.84
-0.4615385 -0.1538462 0.84
-0.3461539 -0.03846154 0.88
-0.2692308 0 0.96
-0.2307692 0 1
-0.2692308 -0.03846154 1
-0.3461539 -0.1538462 1.04
-0.4230769 -0.2307692 1.12
-0.4230769 -0.2692308 1.12
-0.4230769 -0.2692308 1.12
-0.3846154 -0.2692308 1.08
-0.3461539 -0.1923077 1.08
-0.1923077 -0.1153846 1.08
-0.03846154 -0.03846154 1.12
0 -0.03846154 1.16
0 -0.07692308 1.2
-0.07692308 -0.1153846 1.24
-0.1153846 -0.1538462 1.2
-0.1538462 -0.1923077 1.2
-0.1923077 -0.1923077 1.16
-0.2307692 -0.1923077 1.12
-0.2307692 -0.1538462 1.12
