-0.07692308 0.7307692 1.24
-0.1153846 0.6538461 1.52
-0.1153846 0.6538461 1.52
-0.1153846 0.6538461 1.52
-0.1153846 0.6538461 1.52
-0.1153846 0.6538461 1.52
-0.1153846 0.6538461 1.52
-0.1153846 0.6538461 1.52
-0.1153846 0.6538461 1.52
-0.1153846 0.6538461 1.52
-0.1153846 0.6538461 1.52
-0.1153846 0.6538461 1.52
-0.1153846 0.6538461 1.52
-0.1923077 0.6153846 1.84
-0.1153846 0.5769231 2.16
0.03846154 0.5769231 2.44
0.1538462 0.6153846 2.6
0.3461539 0.6153846 2.64
0.5 0.6153846 2.6
0.6153846 0.6153846 2.52
0.7692308 0.6153846 2.36
0.7692308 0.5769231 2.16
0.7692308 0.5384616 2.04
0.7307692 0.5 1.88
0.6923077 0.4615385 1.8
0.6153846 0.4230769 1.68
0.5384616 0.3461539 1.6
0.4615385 0.3461539 1.56
0.4230769 0.3076923 1.56
0.4230769 0.3076923 1.48
0.4230769 0.3076923 1.44
0.3846154 0.3076923 1.36
0.3846154 0.3076923 1.32
0.3461539 0.3076923 1.24
0.3461539 0.3076923 1.16
0.3076923 0.3076923 1.16
0.2692308 0.2692308 1.12
0.2692308 0.2692308 1.12
0.2692308 0.2692308 1.16
0.3461539 0.3076923 1.2
0.3461539 0.3076923 1.28
0.3846154 0.3461539 1.36
0.4230769 0.3461539 1.4
0.4615385 0.3461539 1.4
0.5 0.3461539 1.4
0.5384616 0.3076923 1.4
