-0.8076923 -0.5769231 0.08
-0.8076923 -0.5769231 0.08
-0.8076923 -0.5769231 0.08
-0.8076923 -0.5769231 0.08
-0.8076923 -0.5769231 0.08
-0.8076923 -0.5769231 0.08
-0.8076923 -0.5769231 0.08
-0.8076923 -0.5769231 0.08
-0.8461539 -0.6538461 0.08
-0.8461539 -0.6538461 0.08
-0.8461539 -0.6538461 0.08
-0.8461539 -0.6538461 0.08
-0.8846154 -0.6923077 0.04
-0.8846154 -0.7307692 0.12
-0.8461539 -0.6923077 0.24
-0.7307692 -0.6153846 0.44
-0.6153846 -0.5384616 0.68
-0.4615385 -0.5 0.92
-0.3076923 -0.4615385 1.04
-0.1923077 -0.4615385 1.08
-0.1538462 -0.4615385 1.12
-0.07692308 -0.4615385 1.12
0 -0.4230769 1.12
0.07692308 -0.3846154 1.12
0.1923077 -0.3076923 1.16
0.3461539 -0.2692308 1.2
0.4230769 -0.2307692 1.24
0.5 -0.1538462 1.24
0.6153846 -0.1153846 1.24
0.7692308 -0.07692308 1.2
0.8076923 -0.03846154 1.12
0.8076923 0 1.08
0.8461539 0.03846154 1.04
0.8846154 0.1153846 1.04
1.192308 0.3461539 1.08
1.307692 0.4230769 1.04
1.346154 0.5384616 0.96
1.346154 0.6538461 0.8
1.269231 0.8076923 0.76
1.153846 1 0.88
1 1.230769 1.16
0.7307692 1.423077 1.56
0.2692308 1.423077 1.88
-0.1538462 1.269231 2.04
-0.6538461 0.9230769 2.16
-1.115385 0.5 2
-1.307692 0.1538462 1.68
-1.307692 0.03846154 1.48
-1.230769 -0.03846154 1.48
-1.192308 -0.07692308 1.6
-1.230769 -0.1538462 1.64
-1.307692 -0.1923077 1.6
-1.346154 -0.2307692 1.4
-1.346154 -0.3076923 1.28
-1.307692 -0.3076923 1.24
-1.230769 -0.3461539 1.2
-1.153846 -0.3461539 1.2
-1.076923 -0.3076923 1.16
-0.9230769 -0.1923077 1.08
-0.7307692 -0.07692308 1.08
-0.5769231 0 1.12
-0.5 0.03846154 1.16
-0.5 0.03846154 1.16
-0.5 0 1.16
-0.5384616 -0.03846154 1.16
-0.5384616 -0.07692308 1.16
