-0.6153846 0.3461539 2.32
-0.6153846 0.3461539 2.32
-0.6153846 0.3461539 2.32
-0.6153846 0.3461539 2.32
-0.6153846 0.3461539 2.32
-0.6153846 0.3461539 2.32
-0.6153846 0.3461539 2.32
-0.6153846 0.3461539 2.32
-0.6153846 0.3461539 2.32
-0.6153846 0.3461539 2.32
-0.6153846 0.3461539 2.32
-0.6153846 0.3461539 2.32
-0.6153846 0.3461539 2.32
-0.6923077 0.2692308 2.24
-0.6923077 0.2692308 2.2
-0.7307692 0.2692308 2.24
-0.7692308 0.3076923 2.16
-0.7692308 0.3846154 2.04
-0.7692308 0.4230769 1.96
-0.8461539 0.4230769 1.84
-0.9230769 0.4230769 1.72
-0.9230769 0.4230769 1.68
-0.9230769 0.4615385 1.56
-0.9230769 0.5384616 1.48
-0.9615384 0.5384616 1.36
-1.038462 0.5 1.2
-1.076923 0.4230769 1.04
-1.115385 0.3846154 0.96
-1.115385 0.3461539 0.84
-1.115385 0.3461539 0.76
-1.115385 0.3461539 0.68
-1.076923 0.3846154 0.64
-1.038462 0.4230769 0.56
-0.9230769 0.4615385 0.48
-0.8846154 0.4615385 0.32
-0.8461539 0.4230769 0.2
-0.8461539 0.3461539 0.16
-0.8461539 0.3076923 0.08
-0.8461539 0.3076923 0.04
-0.8076923 0.3076923 -0.04
-0.7307692 0.3076923 -0.04
-0.6538461 0.3461539 -0.08
-0.5769231 0.3846154 -0.12
-0.5 0.3846154 -0.12
-0.4230769 0.3846154 -0.24
-0.3461539 0.3461539 -0.4
-0.3076923 0.3076923 -0.48
-0.2692308 0.3076923 -0.52
-0.2307692 0.3076923 -0.52
-0.1538462 0.3076923 -0.52
-0.1153846 0.2692308 -0.48
-0.07692308 0.2692308 -0.48
-0.03846154 0.2692308 -0.48
0 0.3076923 -0.48
0.07692308 0.3846154 -0.52
0.1923077 0.4230769 -0.48
0.2692308 0.5 -0.48
0.3846154 0.5769231 -0.44
0.4230769 0.5769231 -0.36
0.4230769 0.6153846 -0.28
0.4230769 0.6538461 -0.12
0.4615385 0.6923077 0
0.5384616 0.8076923 0.12
0.5769231 0.8846154 0.32
0.6153846 0.9615384 0.48
0.6153846 0.9615384 0.64
0.5384616 1 0.88
0.5384616 1 1.04
0.5384616 1 1.16
0.5384616 1.038462 1.28
0.6923077 1.115385 1.24
0.8461539 1.230769 1.32
0.8846154 1.307692 1.48
0.9230769 1.307692 1.64
0.7307692 1.307692 1.8
0.5769231 1.269231 1.92
0.4615385 1.230769 2.04
0.3461539 1.192308 2.08
0.3076923 1.153846 2.16
0.2692308 1.076923 2.32
0.2307692 1 2.48
0.1923077 0.9230769 2.68
0.1153846 0.8461539 2.72
0 0.7692308 2.68
-0.07692308 0.7307692 2.52
-0.2307692 0.6538461 2.24
-0.3846154 0.5769231 2.16
-0.5 0.5 2.12
-0.6538461 0.4230769 2.04
-0.7692308 0.4230769 1.92
-0.8461539 0.3846154 1.8
-0.9230769 0.3461539 1.76
-1 0.2692308 1.76
-1.115385 0.2307692 1.72
