-0.7692308 -0.07692308 -0.88
-0.7692308 -0.07692308 -0.88
-0.7692308 -0.07692308 -0.88
-0.7692308 -0.03846154 -0.96
-0.7692308 -0.03846154 -0.96
-0.7692308 -0.03846154 -0.96
-0.7692308 -0.03846154 -0.96
-0.7692308 -0.03846154 -0.96
-0.8076923 -0.03846154 -1
-0.8076923 -0.03846154 -1
-0.8076923 -0.03846154 -1
-0.8076923 -0.03846154 -1
-0.8076923 -0.03846154 -1
-0.8076923 -0.03846154 -1
-0.9230769 -0.07692308 -0.96
-1.076923 -0.1538462 -0.96
-1.269231 -0.2307692 -0.96
-1.346154 -0.2692308 -0.92
-1.423077 -0.3076923 -0.88
-1.423077 -0.2692308 -0.8
-1.423077 -0.2307692 -0.76
-1.461538 -0.2692308 -0.64
-1.576923 -0.2692308 -0.52
-1.653846 -0.3076923 -0.4
-1.615385 -0.2307692 -0.24
-1.538462 -0.1923077 0
-1.423077 -0.07692308 0.32
-1.269231 0.07692308 0.72
-1.038462 0.1923077 1.2
-0.8461539 0.2692308 1.72
-0.7692308 0.2692308 2.2
-0.6538461 0.2307692 2.44
-0.5 0.1923077 2.52
-0.3461539 0.1538462 2.52
-0.1923077 0.1153846 2.52
-0.07692308 0.07692308 2.48
0.03846154 0.03846154 2.36
0.1153846 0.03846154 2.2
0.1538462 0 2.08
0.2307692 0 1.96
0.3076923 0 1.8
0.3846154 0 1.64
0.4615385 0 1.48
0.4615385 0 1.36
0.5 0.03846154 1.24
0.5384616 0.1153846 1.16
0.7307692 0.3846154 1.04
0.7692308 0.4230769 0.92
0.7692308 0.4615385 0.92
0.7692308 0.5 0.84
0.7307692 0.5769231 0.84
0.6923077 0.6923077 0.8
0.6153846 0.8076923 0.84
0.5384616 0.9615384 0.96
0.5384616 1.115385 1.04
0.5384616 1.269231 1.12
0.5 1.423077 1.24
0.2692308 1.423077 1.32
-0.1538462 1.423077 1.32
-0.9615384 1.192308 1.32
-1.884615 0.8076923 1.24
-2.653846 0.4230769 1.08
-3.076923 0.1153846 1.04
-3.038461 -0.07692308 1.08
-2.769231 -0.07692308 1.28
-2.576923 -0.1153846 1.4
-2.576923 -0.1923077 1.36
-2.538461 -0.1923077 1.2
-2.346154 -0.1538462 1.08
-2.076923 -0.07692308 1.04
-1.884615 0 1
-1.692308 0.03846154 0.96
-1.576923 0.07692308 0.88
-1.5 0.1153846 0.88
-1.461538 0.1153846 0.84
-1.461538 0.07692308 0.84
-1.423077 0.07692308 0.76
-1.307692 0.07692308 0.72
-1.192308 0.1153846 0.68
-1.076923 0.1538462 0.68
-0.8846154 0.2307692 0.64
