-1.692308 0.4230769 1.2
-1.692308 0.4230769 1.2
-1.692308 0.4230769 1.2
-1.692308 0.4230769 1.2
-1.346154 0.6153846 1.16
-1.346154 0.6153846 1.16
-1.346154 0.6153846 1.16
-1.076923 0.7692308 1.12
-1.076923 0.7692308 1.12
-1.076923 0.7692308 1.12
-1.076923 0.7692308 1.12
-1.076923 0.7692308 1.12
-1.076923 0.7692308 1.12
-0.8076923 0.9230769 1.04
-0.5769231 1 0.96
-0.3461539 1.115385 0.92
-0.07692308 1.230769 0.88
0.1923077 1.269231 0.88
0.4230769 1.307692 0.92
0.5384616 1.307692 0.96
0.5769231 1.269231 1
0.6538461 1.230769 1
0.7307692 1.153846 1
0.8461539 1.115385 0.96
0.8846154 1.076923 0.88
0.8846154 1 0.8
0.8846154 0.9615384 0.76
0.8846154 0.8461539 0.68
0.8461539 0.7692308 0.6
0.8461539 0.6538461 0.52
0.8076923 0.5384616 0.48
0.7692308 0.5 0.48
0.7307692 0.3846154 0.44
0.6923077 0.3076923 0.4
0.6923077 0.2307692 0.44
0.6538461 0.1538462 0.48
0.6153846 0.07692308 0.52
0.5769231 0 0.56
0.5384616 -0.03846154 0.56
0.5 -0.07692308 0.56
0.5 -0.1153846 0.56
0.5 -0.1153846 0.6
0.5384616 -0.1538462 0.6
0.5384616 -0.1923077 0.64
0.5384616 -0.2307692 0.68
0.5 -0.2307692 0.68
0.5 -0.2307692 0.68
0.4615385 -0.2307692 0.68
0.4615385 -0.2307692 0.68
0.5 -0.2307692 0.68
0.5 -0.1923077 0.72
0.5384616 -0.1923077 0.72
0.5384616 -0.1538462 0.68
0.5384616 -0.1538462 0.68
0.5384616 -0.1538462 0.64
0.5 -0.1538462 0.6
