-1.230769 0.3076923 3.08
-1.230769 0.3076923 3.08
-1.230769 0.3076923 3.08
-1.230769 0.3076923 3.08
-1.230769 0.3076923 3.08
-1.230769 0.3076923 3.08
-1.230769 0.3076923 3.08
-1.230769 0.3076923 3.08
-1.230769 0.3076923 3.08
-1.230769 0.3076923 3.08
-1.230769 0.3076923 3.08
-1.153846 0.4230769 2.8
-1.115385 0.5384616 2.52
-1.038462 0.6153846 2.36
-1 0.7307692 2.16
-0.8846154 0.8461539 1.92
-0.8076923 0.9230769 1.76
-0.6923077 1 1.52
-0.5384616 1.076923 1.32
-0.3846154 1.115385 1.12
-0.2307692 1.115385 0.92
-0.1153846 1.115385 0.76
-0.03846154 1.076923 0.6
0.03846154 1 0.44
0.1153846 0.9230769 0.28
0.1923077 0.8846154 0.12
0.2307692 0.8076923 -0.04
0.2692308 0.7692308 -0.12
0.2692308 0.6538461 -0.24
0.2307692 0.5769231 -0.28
0.1923077 0.5 -0.28
0.1538462 0.4230769 -0.32
0.1538462 0.3846154 -0.32
0.1153846 0.3461539 -0.28
0.03846154 0.2692308 -0.24
0 0.2307692 -0.2
-0.03846154 0.1923077 -0.16
-0.1538462 0.1538462 -0.12
-0.2692308 0.07692308 -0.04
-0.3461539 0 -0.04
-0.4230769 0 0
-0.5 -0.03846154 0.04
-0.5769231 -0.07692308 0.04
-0.6923077 -0.1538462 0
-0.8076923 -0.1923077 -0.04
-0.8461539 -0.2307692 -0.04
-0.9230769 -0.2692308 -0.08
-1.076923 -0.3461539 -0.12
-1.230769 -0.4615385 -0.24
-1.346154 -0.5384616 -0.28
-1.461538 -0.6153846 -0.4
-1.5 -0.6923077 -0.48
-1.576923 -0.6923077 -0.56
-1.615385 -0.7307692 -0.6
-1.653846 -0.7307692 -0.6
-1.653846 -0.6923077 -0.56
-1.653846 -0.6538461 -0.44
-1.615385 -0.6153846 -0.36
-1.576923 -0.5384616 -0.2
-1.5 -0.4615385 -0.12
-1.346154 -0.1923077 0.32
-1.346154 -0.1923077 0.32
-1.076923 0 0.44
-0.7692308 0.1923077 0.6
-0.4615385 0.3461539 0.92
-0.1538462 0.4615385 1.2
0.03846154 0.5 1.48
0.2307692 0.5384616 1.72
0.4615385 0.5 1.88
0.5769231 0.4230769 1.96
0.5769231 0.3076923 1.88
0.5384616 0.1538462 1.68
0.5 0.03846154 1.56
0.4615385 -0.03846154 1.4
0.4615385 -0.1538462 1.28
0.4230769 -0.1538462 1.08
0.3846154 -0.2307692 0.92
0.3076923 -0.2692308 0.8
0.2692308 -0.2692308 0.68
0.2307692 -0.2692308 0.56
0.2307692 -0.2692308 0.48
0.2307692 -0.2307692 0.4
0.3076923 -0.2307692 0.32
0.3846154 -0.1923077 0.24
0.4230769 -0.1538462 0.2
0.4230769 -0.1153846 0.12
0.4230769 -0.07692308 0.12
0.4615385 -0.03846154 0.04
0.4615385 0 0
0.5 0.07692308 -0.04
0.5 0.1153846 -0.08
0.4615385 0.1538462 -0.12
0.4615385 0.2307692 -0.16
0.4615385 0.3076923 -0.28
0.4615385 0.4615385 -0.44
0.5384616 0.6153846 -0.48
0.6923077 0.7692308 -0.4
0.7692308 0.8846154 0.08
0.4615385 0.7692308 0.8
-0.1538462 0.4615385 1.48
-0.8076923 0.07692308 1.84
-1.307692 -0.2307692 2
-1.576923 -0.5 2.12
-1.692308 -0.7307692 2.28
-1.653846 -0.8461539 2.36
-1.5 -0.8846154 2.36
-1.384615 -0.9615384 2.4
-1.307692 -0.9615384 2.36
-1.115385 -0.8846154 2.28
-0.8461539 -0.7692308 2.16
-0.6153846 -0.6153846 2.08
-0.4230769 -0.4615385 2
-0.2692308 -0.3461539 1.92
-0.1538462 -0.2307692 1.8
-0.07692308 -0.1538462 1.72
0 -0.1153846 1.6
0.03846154 -0.03846154 1.52
0.03846154 0 1.48
-0.03846154 0.03846154 1.4
-0.03846154 0.07692308 1.36
0.03846154 0.1538462 1.32
0.1538462 0.2307692 1.32
0.3461539 0.3076923 1.32
0.5 0.4230769 1.36
0.5769231 0.5769231 1.36
0.6153846 0.6923077 1.4
0.6153846 0.8461539 1.4
0.5769231 0.9230769 1.36
0.6538461 1 1.28
0.6538461 1.038462 1.24
0.6153846 1.153846 1.28
0.5384616 1.192308 1.36
0.5384616 1.346154 1.4
0.5769231 1.576923 1.44
0.4615385 1.769231 1.36
0.1153846 1.923077 1.2
-0.5 2.076923 1.16
-1.692308 1.807692 1.32
-2.653846 1.192308 1.2
-3.115385 0.6153846 0.8
-3.153846 0.1153846 0.48
-2.923077 -0.2307692 0.4
-2.576923 -0.3076923 0.4
-2.269231 -0.3461539 0.4
-2.115385 -0.3461539 0.36
-2.038461 -0.3461539 0.28
-1.961538 -0.3461539 0.12
-1.884615 -0.3461539 -0.04
-1.807692 -0.3846154 0.04
-1.653846 -0.3461539 0.08
-1.384615 -0.2307692 0.08
