-1.461538 0.1153846 3.28
-1.461538 0.1153846 3.28
-1.461538 0.1153846 3.28
-1.461538 0.1153846 3.28
-1.461538 0.1153846 3.28
-1.461538 0.1153846 3.28
-1.461538 0.1153846 3.28
-1.461538 0.1153846 3.28
-1.461538 0.1153846 3.28
-1.538462 0.2307692 3.12
-1.538462 0.2307692 3.12
-1.538462 0.2307692 3.12
-1.576923 0.3461539 2.96
-1.576923 0.5 2.76
-1.538462 0.6153846 2.48
-1.423077 0.7692308 2.24
-1.346154 0.8846154 2.04
-1.230769 1 1.88
-1.076923 1.076923 1.68
-0.9615384 1.153846 1.48
-0.8076923 1.230769 1.24
-0.6538461 1.269231 1.08
-0.4615385 1.307692 0.88
-0.3076923 1.269231 0.72
-0.1153846 1.269231 0.56
0.03846154 1.269231 0.4
0.1923077 1.230769 0.24
0.3846154 1.192308 0.08
0.5384616 1.115385 -0.04
0.6153846 1.038462 -0.12
0.6538461 0.9615384 -0.24
0.6923077 0.8846154 -0.36
0.6538461 0.8076923 -0.44
0.5769231 0.6923077 -0.44
0.4615385 0.5769231 -0.48
0.3846154 0.4615385 -0.44
0.3076923 0.4230769 -0.48
0.3076923 0.3846154 -0.48
0.2307692 0.3461539 -0.44
0.1538462 0.3461539 -0.4
0.03846154 0.2692308 -0.32
-0.1538462 0.1923077 -0.28
-0.3846154 0.1153846 -0.28
-0.6153846 0 -0.28
-0.8461539 -0.1153846 -0.24
-1.115385 -0.2307692 -0.28
-1.307692 -0.3461539 -0.4
-1.461538 -0.4230769 -0.52
-1.538462 -0.5 -0.6
-1.576923 -0.5384616 -0.64
-1.615385 -0.5384616 -0.72
-1.653846 -0.5769231 -0.76
-1.730769 -0.6538461 -0.84
-1.884615 -0.7307692 -0.88
-2.038461 -0.8076923 -1
-2.153846 -0.8461539 -1.08
-2.269231 -0.8076923 -1
-2.307692 -0.7692308 -0.88
-2.269231 -0.6153846 -0.72
-2.076923 -0.4230769 -0.56
-1.807692 -0.1538462 -0.36
-1.423077 0.1538462 -0.08
-1 0.5 0.32
-0.5 0.7692308 0.84
-0.03846154 0.9230769 1.44
0.2692308 0.9230769 2
0.4230769 0.7692308 2.4
0.4615385 0.6153846 2.4
0.5 0.4230769 2.24
0.4615385 0.2307692 2.08
0.3846154 0.07692308 1.92
0.3076923 -0.07692308 1.72
0.2692308 -0.2307692 1.56
0.1538462 -0.3846154 1.12
0.1153846 -0.3846154 0.88
0.03846154 -0.4230769 0.68
0 -0.4230769 0.56
0.03846154 -0.4230769 0.52
0.07692308 -0.3846154 0.48
0.1538462 -0.3076923 0.44
0.1923077 -0.2307692 0.36
0.2307692 -0.1923077 0.36
0.2307692 -0.1538462 0.28
0.2307692 -0.1538462 0.24
0.2307692 -0.1538462 0.16
0.2692308 -0.1153846 0.08
0.2692308 -0.07692308 0
0.2692308 -0.03846154 -0.04
0.3076923 0.03846154 -0.12
0.3846154 0.1538462 -0.16
0.4615385 0.2692308 -0.2
0.5384616 0.4230769 -0.2
0.6538461 0.5384616 -0.28
0.7692308 0.6538461 -0.2
0.7307692 0.6923077 0
0.4230769 0.6153846 0.36
0 0.4615385 0.68
-0.5384616 0.2692308 1
-1.115385 0 1.28
-1.653846 -0.3461539 1.52
-2.192308 -0.6538461 1.76
-2.538461 -0.9230769 1.96
-2.730769 -1.153846 2.16
-2.692308 -1.269231 2.28
-2.461539 -1.230769 2.28
-2.115385 -1.076923 2.2
-1.653846 -0.8846154 2.04
-1.230769 -0.6538461 1.92
-0.8461539 -0.4230769 1.76
-0.6153846 -0.3076923 1.64
-0.4615385 -0.2307692 1.52
-0.4230769 -0.1923077 1.44
-0.3846154 -0.1923077 1.36
-0.4230769 -0.2307692 1.32
-0.4230769 -0.1923077 1.28
-0.4615385 -0.1923077 1.24
-0.5384616 -0.1923077 1.2
-0.5384616 -0.1538462 1.16
-0.3846154 -0.03846154 1.16
-0.07692308 0.1153846 1.16
0.2307692 0.2307692 1.16
0.4615385 0.3461539 1.12
0.5 0.4230769 1.16
0.3076923 0.4615385 1.2
0.3076923 0.4615385 1.2
0.2307692 0.4230769 1.28
0.2692308 0.4230769 1.36
0.3846154 0.4615385 1.48
0.4230769 0.5 1.56
0.3846154 0.5769231 1.56
0.3846154 0.6538461 1.44
0.5384616 0.7692308 1.28
0.5 0.8846154 1.24
0.3461539 0.8846154 1.2
0.1923077 0.9615384 1.16
0.1923077 1.038462 1.16
0 1.038462 1.2
-0.3461539 1.115385 1.16
-1.153846 1.115385 1.36
-2.192308 0.6923077 1.56
-2.615385 0.3076923 1.44
-2.307692 0.1153846 1.16
-1.807692 0.07692308 1
-1.538462 0.07692308 0.88
-1.576923 0 0.76
-1.692308 -0.07692308 0.6
-1.769231 -0.1153846 0.44
-1.884615 -0.1923077 0.32
-2 -0.3076923 0.32
-2 -0.4230769 0.32
-1.923077 -0.4230769 0.36
-1.730769 -0.4230769 0.32
-1.538462 -0.3461539 0.32
-1.346154 -0.2692308 0.28
-1.192308 -0.1923077 0.28
-1.076923 -0.1538462 0.28
