-0.6538461 1.615385 2.6
-0.6538461 1.615385 2.6
-0.6538461 1.615385 2.6
-0.6538461 1.615385 2.6
-0.6538461 1.615385 2.6
-0.6538461 1.615385 2.6
-0.6538461 1.615385 2.6
-0.6538461 1.615385 2.6
-0.5769231 1.538462 2.44
-0.5769231 1.538462 2.44
-0.5769231 1.538462 2.36
-0.5769231 1.538462 2.36
-0.5769231 1.538462 2.36
-0.5769231 1.576923 2.44
-0.5769231 1.538462 2.68
-0.5384616 1.461538 2.92
-0.4615385 1.346154 3.12
-0.4615385 1.153846 3.24
-0.5769231 0.9230769 3.32
-0.6923077 0.6923077 3.24
-0.6153846 0.5769231 2.96
-0.4615385 0.5769231 2.64
-0.2692308 0.5769231 2.4
-0.1538462 0.5769231 2.2
-0.03846154 0.5769231 2.04
0 0.5769231 1.84
-0.03846154 0.5384616 1.68
-0.07692308 0.5 1.64
-0.1153846 0.5 1.68
-0.1153846 0.5 1.76
-0.1538462 0.5384616 1.84
-0.1538462 0.5 1.92
-0.1538462 0.5 2
-0.1923077 0.5 1.96
-0.2307692 0.5 1.92
-0.2692308 0.4615385 1.84
-0.3076923 0.5 1.76
-0.2692308 0.5 1.68
-0.2307692 0.5 1.64
-0.2307692 0.5 1.6
