0.9615384 0.6923077 3
1 0.8846154 2.76
1 0.8846154 2.76
1 0.8846154 2.76
1 0.8846154 2.76
1 0.8846154 2.76
1 0.8846154 2.76
1 0.8846154 2.76
1 0.8846154 2.76
1 0.8846154 2.76
1 0.8846154 2.76
1 0.8846154 2.76
1 0.8846154 2.76
1 0.8846154 2.76
1 1.038462 2.56
1 1.192308 2.36
1.115385 1.346154 2.28
1.307692 1.423077 2.2
1.461538 1.5 2.04
1.5 1.5 1.76
1.230769 1.384615 1.16
1.038462 1.307692 0.96
0.9230769 1.192308 0.84
0.7692308 1.076923 0.68
0.6923077 1 0.6
0.6153846 0.9615384 0.48
0.5769231 0.9230769 0.4
0.5384616 0.8846154 0.32
0.4615385 0.8461539 0.24
0.3461539 0.7692308 0.16
0.2307692 0.6923077 0.04
0.1153846 0.6153846 -0.04
0.07692308 0.5769231 -0.16
0.03846154 0.5769231 -0.24
0.03846154 0.5384616 -0.32
0.03846154 0.5 -0.4
0.03846154 0.5 -0.44
0 0.4615385 -0.48
-0.03846154 0.4230769 -0.48
-0.07692308 0.3846154 -0.48
-0.1538462 0.3461539 -0.48
-0.1923077 0.3461539 -0.48
-0.2307692 0.3461539 -0.44
-0.2692308 0.3076923 -0.4
-0.3461539 0.2692308 -0.32
-0.4230769 0.2307692 -0.32
-0.4615385 0.2307692 -0.28
-0.5 0.1923077 -0.28
-0.5384616 0.1538462 -0.24
-0.5384616 0.1538462 -0.2
-0.5769231 0.1538462 -0.12
-0.6153846 0.1538462 0
-0.6538461 0.1538462 0.12
-0.7307692 0.1538462 0.24
-0.7307692 0.2307692 0.24
-0.6538461 0.2692308 0.32
-0.6923077 0.3076923 0.48
-0.8076923 0.3076923 0.72
-0.9615384 0.2692308 1
-1.153846 0.1923077 1.2
-1.346154 0.07692308 1.28
-1.423077 0.03846154 1.36
-1.346154 0.07692308 1.44
-1.269231 0.1153846 1.52
-1.153846 0.1538462 1.64
-1.076923 0.1538462 1.8
-1 0.1923077 1.88
-0.9615384 0.1538462 1.88
-0.9615384 0.1538462 1.92
-1 0.1538462 1.96
-1 0.1538462 1.96
-0.9230769 0.1923077 1.92
-0.8076923 0.2692308 1.84
-0.6923077 0.3461539 1.8
-0.5 0.4615385 1.8
-0.2692308 0.5769231 1.88
-0.07692308 0.6538461 1.92
-0.03846154 0.6923077 2
0 0.7692308 2.08
0.07692308 0.8461539 2.04
0.3461539 0.9615384 2
0.5769231 1.076923 2
0.8461539 1.153846 1.96
1.038462 1.192308 1.88
1.115385 1.153846 1.8
1.192308 1.115385 1.68
1.115385 0.9615384 1.56
0.9615384 0.8461539 1.44
