-0.4615385 0.3076923 2.08
-0.5769231 0.3076923 1.96
-0.5769231 0.3076923 1.96
-0.5769231 0.3076923 1.96
-0.5769231 0.3076923 1.96
-0.5769231 0.3076923 1.96
-0.5769231 0.3076923 1.96
-0.5769231 0.3076923 1.96
-0.7307692 0.2692308 1.8
-0.7307692 0.2692308 1.8
-0.7307692 0.2692308 1.8
-0.7307692 0.2692308 1.8
-0.8076923 0.2692308 1.76
-0.9230769 0.2692308 1.72
-1.076923 0.2692308 1.68
-1.115385 0.2692308 1.64
-1.115385 0.3076923 1.64
-1.153846 0.3076923 1.6
-1.115385 0.3461539 1.52
-1.076923 0.3846154 1.44
-1 0.4230769 1.36
-1 0.4615385 1.28
-1.038462 0.4230769 1.16
-1.076923 0.4230769 1.08
-1.076923 0.4230769 0.96
-1.076923 0.4230769 0.84
-1.115385 0.4230769 0.68
-1.115385 0.4230769 0.48
-1.115385 0.3846154 0.4
-1.115385 0.3461539 0.32
-1.076923 0.3461539 0.28
-1.038462 0.3846154 0.24
-1.038462 0.3846154 0.2
-0.9615384 0.3846154 0.12
-0.9230769 0.4230769 0.08
-0.8461539 0.3846154 0
-0.8076923 0.4230769 -0.08
-0.7307692 0.4230769 -0.16
-0.6538461 0.4230769 -0.24
-0.5384616 0.4230769 -0.36
-0.4615385 0.4230769 -0.44
-0.3461539 0.4230769 -0.56
-0.2307692 0.4230769 -0.6
-0.1538462 0.4230769 -0.6
-0.1153846 0.3846154 -0.56
-0.03846154 0.3846154 -0.52
0 0.3461539 -0.52
0 0.3076923 -0.52
0 0.2692308 -0.56
0 0.2692308 -0.6
0.03846154 0.3461539 -0.64
0.1153846 0.4230769 -0.64
0.2307692 0.5 -0.64
0.3461539 0.5769231 -0.56
0.4230769 0.6153846 -0.44
0.4615385 0.6923077 -0.36
0.4615385 0.7307692 -0.28
0.5 0.8076923 -0.12
0.5384616 0.9230769 0.08
0.6153846 1 0.32
0.6923077 1.038462 0.64
0.6923077 1.076923 0.96
0.6153846 1.076923 1.2
0.6153846 1.076923 1.36
0.6153846 1.076923 1.44
0.6153846 1.115385 1.44
0.6923077 1.153846 1.52
0.7307692 1.230769 1.8
0.7692308 1.269231 2.16
0.7307692 1.269231 2.48
0.6153846 1.230769 2.72
0.4615385 1.115385 2.72
0.3461539 0.9615384 2.6
0.2307692 0.8461539 2.48
0.1538462 0.8076923 2.4
0.07692308 0.7307692 2.4
0 0.6538461 2.44
-0.1538462 0.6153846 2.48
-0.1923077 0.5769231 2.52
-0.1923077 0.5384616 2.52
-0.3076923 0.5 2.52
-0.4230769 0.4615385 2.48
-0.5769231 0.4230769 2.44
-0.6923077 0.3461539 2.36
-0.8076923 0.3076923 2.2
-0.8846154 0.3076923 2
-0.8846154 0.2692308 1.8
-0.8846154 0.2692308 1.64
-0.9230769 0.1923077 1.48
-0.9230769 0.1538462 1.32
-0.8461539 0.1538462 1.16
