0.5 0.2307692 2.24
0.5 0.2307692 2.24
0.5 0.2307692 2.24
0.5 0.2307692 2.24
0.5 0.2307692 2.24
0.5 0.2307692 2.24
0.5 0.2307692 2.24
0.5 0.2307692 2.24
0.5 0.2307692 2.24
0.5 0.2307692 2.24
0.5 0.2307692 2.24
0.7307692 0.5384616 2.36
0.8846154 0.7692308 2.44
1.038462 1.115385 2.2
1.153846 1.192308 1.96
1.230769 1.269231 1.68
1.230769 1.269231 1.44
1.192308 1.192308 1.2
1.076923 1.115385 0.68
1.076923 1.076923 0.56
1.038462 0.9615384 0.48
0.9230769 0.9230769 0.4
0.8076923 0.8461539 0.32
0.6923077 0.7692308 0.28
0.5769231 0.6923077 0.2
0.5384616 0.6538461 0.12
0.4615385 0.6153846 0.04
0.4230769 0.6153846 0
0.4230769 0.5769231 -0.08
0.4230769 0.6153846 -0.12
0.3461539 0.5769231 -0.2
0.2307692 0.5384616 -0.28
0.07692308 0.5 -0.32
-0.03846154 0.4230769 -0.32
-0.1538462 0.3461539 -0.36
-0.2692308 0.3076923 -0.4
-0.3076923 0.2692308 -0.44
-0.2692308 0.2692308 -0.44
-0.2307692 0.3076923 -0.44
-0.1923077 0.3076923 -0.44
-0.1538462 0.3461539 -0.4
-0.1923077 0.3461539 -0.36
-0.3076923 0.3461539 -0.32
-0.3846154 0.3076923 -0.28
-0.4615385 0.3076923 -0.24
-0.5384616 0.2692308 -0.2
-0.6538461 0.2307692 -0.12
-0.6923077 0.2307692 -0.12
-0.6923077 0.3076923 -0.08
-0.6538461 0.3846154 0.04
-0.6153846 0.4615385 0.24
-0.6923077 0.5 0.48
-0.8461539 0.4615385 0.76
-0.9615384 0.4230769 0.96
-1.076923 0.3846154 1.08
-1.153846 0.3846154 1.2
-1.307692 0.2692308 1.52
-1.5 0.1923077 1.88
-1.615385 0.03846154 2.2
-1.692308 -0.07692308 2.4
-1.730769 -0.1923077 2.36
-1.653846 -0.1538462 2.24
-1.5 -0.1153846 2.12
-1.307692 0 1.96
-1.115385 0.1153846 1.84
-0.8846154 0.2692308 1.84
-0.6153846 0.4230769 1.88
-0.4230769 0.5384616 1.96
-0.2692308 0.6923077 1.96
-0.03846154 0.8846154 1.96
0.3461539 1.076923 2.04
0.7692308 1.230769 2.2
1.038462 1.307692 2.32
1.192308 1.269231 2.32
1.192308 1.153846 2.2
1.115385 1.038462 1.96
1 0.8846154 1.76
0.9230769 0.7692308 1.64
0.8461539 0.6153846 1.48
