-0.1538462 1.346154 2.8
-0.1538462 1.346154 2.8
-0.1538462 1.346154 2.8
-0.1538462 1.346154 2.8
-0.1538462 1.346154 2.8
-0.1538462 1.346154 2.8
-0.1538462 1.346154 2.8
-0.1538462 1.346154 2.8
-0.1538462 1.346154 2.8
-0.1538462 1.346154 2.8
-0.1538462 1.346154 2.8
-0.2692308 1.384615 2.56
-0.3461539 1.423077 2.4
-0.3846154 1.423077 2.2
-0.3461539 1.423077 2
-0.2307692 1.461538 1.68
-0.1538462 1.461538 1.44
-0.1153846 1.423077 1.24
-0.1153846 1.346154 1.08
-0.1538462 1.307692 0.92
-0.1538462 1.192308 0.76
-0.1538462 1.153846 0.64
-0.07692308 1.076923 0.48
0 1 0.36
0 0.9230769 0.28
0 0.8461539 0.24
0 0.6923077 0.04
0 0.6153846 -0.08
0.03846154 0.5769231 -0.2
0.03846154 0.5 -0.28
0.03846154 0.3846154 -0.4
0.07692308 0.3076923 -0.44
0.07692308 0.2307692 -0.52
0.1153846 0.1538462 -0.52
0.07692308 0.07692308 -0.52
0.07692308 0 -0.52
0 -0.03846154 -0.52
-0.03846154 -0.1153846 -0.52
-0.07692308 -0.1538462 -0.56
-0.07692308 -0.1538462 -0.6
-0.07692308 -0.1923077 -0.6
-0.03846154 -0.1923077 -0.64
0 -0.1923077 -0.64
0.03846154 -0.1923077 -0.68
0.07692308 -0.2307692 -0.68
0.07692308 -0.2307692 -0.64
0.07692308 -0.2307692 -0.6
0.1153846 -0.2307692 -0.56
0.1153846 -0.2692308 -0.56
