-2.153846 -0.5 -0.32
-2.153846 -0.5 -0.32
-2.153846 -0.5 -0.32
-2.153846 -0.5 -0.32
-2.153846 -0.5 -0.32
-2.153846 -0.5 -0.32
-2.153846 -0.5 -0.32
-2.153846 -0.5 -0.32
-2.153846 -0.5 -0.32
-2.153846 -0.5 -0.32
-2.153846 -0.5 -0.32
-2.269231 -0.5769231 -0.48
-2.461539 -0.6153846 -0.56
-2.692308 -0.5769231 -0.52
-2.846154 -0.4230769 -0.32
-2.846154 -0.1923077 -0.08
-2.730769 0.1538462 0.16
-2.5 0.5384616 0.4
-2.115385 1 0.6
-1.576923 1.423077 0.8
-0.9615384 1.807692 1.08
-0.3461539 2.192308 1.48
0.3076923 2.5 1.96
0.8846154 2.615385 2.4
1.346154 2.538461 2.6
1.615385 2.307692 2.6
1.730769 2.038461 2.6
1.730769 1.730769 2.52
1.653846 1.384615 2.36
1.461538 1.076923 2.24
1.230769 0.7692308 2.04
0.9230769 0.4615385 1.72
0.7307692 0.2307692 1.44
0.6153846 0.07692308 1.2
0.5384616 0 1.08
0.5384616 -0.03846154 1
0.5384616 -0.03846154 0.92
0.5769231 -0.03846154 0.84
0.5769231 -0.03846154 0.76
0.5 -0.07692308 0.76
0.4230769 -0.07692308 0.76
0.3461539 -0.1153846 0.76
0.2692308 -0.1538462 0.76
0.1923077 -0.1538462 0.8
0.1923077 -0.1538462 0.8
0.1923077 -0.1538462 0.76
0.1923077 -0.1153846 0.72
0.2307692 -0.1153846 0.64
0.2692308 -0.07692308 0.6
