0.1538462 1.384615 1.16
0.1538462 1.384615 1.16
0.1538462 1.384615 1.16
0.1538462 1.384615 1.16
0.1538462 1.384615 1.16
0 1.423077 1.16
0 1.423077 1.16
0 1.423077 1.16
0 1.423077 1.16
0 1.423077 1.16
0 1.423077 1.16
0 1.423077 1.16
-0.2307692 1.5 1.16
-0.6153846 1.461538 1.2
-1 1.346154 1.28
-1.192308 1.192308 1.32
-1.230769 1.076923 1.32
-1.230769 0.9230769 1.36
-1.076923 0.8461539 1.36
-1.038462 0.7692308 1.4
-1.038462 0.6923077 1.44
-1.076923 0.6153846 1.4
-1.153846 0.5384616 1.32
-1.269231 0.4230769 1.24
-1.346154 0.2692308 1.2
-1.423077 0.1538462 1.12
-1.423077 0.03846154 1.08
-1.384615 0 1.04
-1.307692 0 1
-1.384615 -0.03846154 1
-1.615385 -0.1538462 0.76
-1.923077 -0.2692308 0.6
-1.923077 -0.3461539 0.48
-1.5 -0.2307692 0.6
-1.038462 -0.03846154 0.84
-0.8076923 0.07692308 1.08
-0.7307692 0.1153846 1.12
-0.7307692 0.1153846 1.04
-0.7692308 0.03846154 1
-0.8076923 0.03846154 0.96
-0.8076923 0 0.96
-0.7692308 0 1
-0.7307692 0 1
-0.6538461 0 1
