-1.461538 0.3076923 2.32
-1.461538 0.3076923 2.32
-1.461538 0.3076923 2.32
-1.461538 0.3076923 2.32
-1.461538 0.3076923 2.32
-1.461538 0.3076923 2.32
-1.461538 0.3076923 2.32
-1.461538 0.3076923 2.32
-1.461538 0.3076923 2.32
-1.461538 0.3846154 2.24
-1.461538 0.3846154 2.24
-1.461538 0.3846154 2.24
-1.461538 0.3846154 2.24
-1.461538 0.3846154 2.24
-1.423077 0.5 2.12
-1.346154 0.5769231 1.96
-1.230769 0.6923077 1.8
-1.076923 0.8076923 1.68
-0.9615384 0.8846154 1.56
-0.8461539 0.9230769 1.4
-0.7307692 0.9615384 1.24
-0.5769231 1 1.08
-0.4230769 1 0.92
-0.2692308 1 0.72
-0.07692308 1 0.52
0.03846154 1 0.32
0.1538462 0.9615384 0.16
0.2692308 0.9230769 0
0.3846154 0.8846154 -0.12
0.4615385 0.8076923 -0.2
0.5384616 0.7307692 -0.28
0.5384616 0.6538461 -0.36
0.5384616 0.5769231 -0.4
0.4615385 0.5 -0.4
0.3846154 0.4230769 -0.4
0.2692308 0.3461539 -0.4
0.1538462 0.3076923 -0.4
0.07692308 0.2307692 -0.36
-0.03846154 0.1923077 -0.32
-0.1538462 0.1153846 -0.28
-0.3076923 0.07692308 -0.28
-0.4615385 0 -0.24
-0.6538461 -0.07692308 -0.24
-0.8461539 -0.1923077 -0.24
-1.076923 -0.3076923 -0.24
-1.192308 -0.4230769 -0.32
-1.307692 -0.5 -0.36
-1.423077 -0.5384616 -0.44
-1.461538 -0.6153846 -0.52
-1.5 -0.6923077 -0.6
-1.576923 -0.7692308 -0.68
-1.653846 -0.8076923 -0.72
-1.692308 -0.8076923 -0.76
-1.884615 -0.8461539 -0.72
-1.846154 -0.7692308 -0.64
-1.769231 -0.6153846 -0.56
-1.615385 -0.4615385 -0.48
-1.346154 -0.2692308 -0.32
-1.076923 -0.07692308 -0.16
-0.7307692 0.07692308 0.04
-0.4615385 0.2307692 0.28
-0.1538462 0.3461539 0.6
0.1153846 0.4230769 0.88
0.3076923 0.4230769 1.2
0.4230769 0.4230769 1.48
0.5 0.3461539 1.68
0.5384616 0.2692308 1.84
0.5769231 0.1923077 2
0.6153846 0.1153846 2.08
0.6153846 0 2.08
0.5 -0.1153846 2.04
0.3846154 -0.2692308 1.92
0.2692308 -0.3461539 1.72
0.2692308 -0.3846154 1.48
0.2307692 -0.4230769 1.24
0.1923077 -0.4615385 1
0.1923077 -0.4615385 0.8
0.1923077 -0.4615385 0.64
0.1923077 -0.4230769 0.48
0.1923077 -0.4230769 0.36
0.1538462 -0.3846154 0.28
0.1538462 -0.3846154 0.16
0.1538462 -0.3461539 0.12
0.1923077 -0.2692308 0.04
0.2692308 -0.2692308 0
0.3076923 -0.1923077 -0.04
0.3461539 -0.1153846 -0.08
0.3461539 -0.03846154 -0.12
0.3846154 0.03846154 -0.2
0.3846154 0.1153846 -0.28
0.3846154 0.1923077 -0.36
0.3461539 0.2692308 -0.36
0.3461539 0.3461539 -0.28
0.2307692 0.3846154 -0.16
0.07692308 0.3846154 0.04
-0.07692308 0.3076923 0.2
-0.2692308 0.2307692 0.36
-0.5 0.1923077 0.56
-0.8076923 0.1153846 0.68
-1.115385 0 0.96
-1.423077 -0.1153846 1.24
-1.730769 -0.2692308 1.52
-1.923077 -0.3846154 1.76
-2.038461 -0.5384616 2
-2.076923 -0.6923077 2.12
-2 -0.8076923 2.16
-1.846154 -0.8461539 2.2
-1.692308 -0.8461539 2.12
-1.5 -0.8076923 2.04
-1.307692 -0.7307692 1.92
-1.076923 -0.6538461 1.8
-0.8846154 -0.5384616 1.72
-0.7692308 -0.5 1.6
-0.6538461 -0.4230769 1.52
-0.5384616 -0.3846154 1.44
-0.4615385 -0.3461539 1.36
-0.3846154 -0.3076923 1.36
-0.2692308 -0.2692308 1.32
-0.1538462 -0.2307692 1.28
-0.03846154 -0.1538462 1.28
0.07692308 -0.1153846 1.28
0.1538462 -0.03846154 1.28
0.1923077 0.07692308 1.24
0.2692308 0.1538462 1.24
0.3076923 0.2307692 1.28
0.3461539 0.3076923 1.32
0.3846154 0.3461539 1.36
0.3846154 0.4615385 1.4
0.3846154 0.5 1.44
0.3846154 0.5384616 1.52
0.3846154 0.6153846 1.64
0.3846154 0.7307692 1.76
0.4230769 0.9230769 1.84
0.4615385 1.076923 1.88
0.4615385 1.230769 1.88
0.3461539 1.346154 1.76
0.1153846 1.384615 1.52
-0.4615385 1.346154 1.2
-1.153846 1.076923 0.88
-1.807692 0.7692308 0.6
-2.423077 0.2692308 0.36
-2.730769 -0.1153846 0.16
-2.615385 -0.2307692 0.08
-2.307692 -0.2307692 0.08
-2.076923 -0.1923077 0.08
-1.884615 -0.1923077 0.04
-1.807692 -0.1538462 -0.04
-1.730769 -0.1538462 -0.12
-1.615385 -0.1153846 -0.16
-1.461538 -0.07692308 -0.2
-1.346154 -0.03846154 -0.08
-1.192308 0 0
-1.076923 0.07692308 0.04
-0.9230769 0.1153846 0.08
-0.8461539 0.1538462 0.12
-0.7692308 0.1923077 0.12
