0.7692308 0.6923077 2.64
0.7692308 0.6923077 2.64
0.7692308 0.6923077 2.64
0.7692308 0.6923077 2.64
0.7692308 0.6923077 2.64
0.7692308 0.6923077 2.64
1.076923 0.9615384 2.64
1.076923 0.9615384 2.64
1.076923 0.9615384 2.64
1.230769 1.115385 2.56
1.230769 1.115385 2.56
1.230769 1.115385 2.56
1.230769 1.115385 2.56
1.269231 1.192308 2.44
1.269231 1.192308 2.44
1.230769 1.269231 2.24
1.192308 1.269231 2.04
1.153846 1.230769 1.84
1.153846 1.192308 1.64
1.192308 1.192308 1.48
1.153846 1.153846 1.36
1.115385 1.115385 1.28
1 1.115385 1.2
0.9615384 1.076923 1.04
0.8846154 1.038462 0.92
0.8076923 1 0.8
0.7692308 0.9615384 0.68
0.6923077 0.9230769 0.56
0.6538461 0.8846154 0.48
0.6153846 0.8461539 0.36
0.5384616 0.8076923 0.28
0.5 0.7692308 0.2
0.4230769 0.6923077 0.12
0.3461539 0.6538461 0.04
0.3076923 0.6153846 0
0.2692308 0.6153846 -0.08
0.2307692 0.5769231 -0.2
0.1538462 0.5769231 -0.24
0.1153846 0.5 -0.28
0 0.4615385 -0.36
-0.07692308 0.4230769 -0.4
-0.1538462 0.4230769 -0.44
-0.1538462 0.4230769 -0.48
-0.1538462 0.3846154 -0.48
-0.2307692 0.3461539 -0.44
-0.3461539 0.3461539 -0.4
-0.4230769 0.3076923 -0.32
-0.4615385 0.2692308 -0.28
-0.5 0.2307692 -0.24
-0.5384616 0.1923077 -0.28
-0.5769231 0.2307692 -0.32
-0.5769231 0.1923077 -0.28
-0.6153846 0.1923077 -0.32
-0.6923077 0.1538462 -0.28
-0.6923077 0.1923077 -0.24
-0.6923077 0.2307692 -0.12
-0.7692308 0.2692308 0.08
-0.8461539 0.2692308 0.28
-1 0.1923077 0.44
-1.115385 0.1538462 0.6
-1.153846 0.1538462 0.68
-1.115385 0.1538462 0.8
-1.115385 0.1538462 0.96
-1.153846 0.07692308 1.16
-1.269231 0 1.32
-1.423077 -0.1538462 1.48
-1.615385 -0.2692308 1.64
-1.807692 -0.3461539 1.8
-1.884615 -0.3846154 1.92
-1.846154 -0.3461539 2
-1.730769 -0.2307692 2.08
-1.576923 -0.1538462 2.12
-1.423077 0 2.12
-1.230769 0.1923077 2.12
-0.9230769 0.5 2.2
-0.4230769 0.8076923 2.36
0.1923077 1.076923 2.6
0.6153846 1.230769 2.76
0.8461539 1.230769 2.76
0.8846154 1.153846 2.6
0.8461539 1.038462 2.4
0.9230769 0.8846154 1.96
0.9615384 0.8076923 1.68
0.9230769 0.6923077 1.52
0.8461539 0.5769231 1.44
0.6923077 0.4230769 1.32
0.5384616 0.3461539 1.28
