-0.4615385 0.8461539 2.2
-0.4615385 0.8461539 2.2
-0.4615385 0.8461539 2.2
-0.4615385 0.8461539 2.2
-0.4615385 0.8461539 2.2
-0.4615385 0.8461539 2.2
-0.4615385 0.8461539 2.2
-0.4615385 0.8461539 2.2
-0.4615385 0.8461539 2.2
-0.5384616 0.7692308 2.08
-0.5384616 0.7692308 2.08
-0.5384616 0.7692308 2.08
-0.5 0.8461539 2.04
-0.4615385 0.8846154 2
-0.3846154 0.9230769 1.88
-0.3076923 1 1.64
-0.2692308 1 1.4
-0.2307692 1 1.2
-0.1538462 1 1.04
-0.1153846 0.9615384 0.88
-0.1153846 0.9230769 0.8
-0.07692308 0.8846154 0.64
-0.07692308 0.8076923 0.56
-0.07692308 0.7307692 0.44
-0.07692308 0.6153846 0.36
-0.07692308 0.5384616 0.28
-0.1153846 0.4615385 0.24
-0.1153846 0.3846154 0.16
-0.07692308 0.3461539 0.04
0 0.3461539 -0.04
0.07692308 0.3076923 -0.12
0.1153846 0.3076923 -0.24
0.1153846 0.2307692 -0.32
0.1153846 0.1923077 -0.36
0.1153846 0.1153846 -0.4
0.07692308 0.03846154 -0.36
0.07692308 0 -0.4
0.03846154 -0.03846154 -0.4
0 -0.07692308 -0.4
0 -0.1153846 -0.4
0.03846154 -0.1153846 -0.4
0.03846154 -0.1153846 -0.4
0.03846154 -0.1538462 -0.44
0.03846154 -0.1538462 -0.4
0 -0.1538462 -0.4
0 -0.1538462 -0.44
0 -0.1923077 -0.44
0 -0.1923077 -0.44
0.03846154 -0.1923077 -0.44
0.07692308 -0.1923077 -0.44
0.1153846 -0.2307692 -0.44
0.1153846 -0.2307692 -0.44
0.07692308 -0.2307692 -0.36
0.03846154 -0.2307692 -0.32
0 -0.2307692 -0.28
-0.07692308 -0.2307692 -0.28
