-0.4615385 0.8846154 2.24
-0.4615385 0.8846154 2.24
-0.4615385 0.8846154 2.24
-0.4615385 0.8846154 2.24
-0.4615385 0.8846154 2.24
-0.4615385 0.8846154 2.24
-0.4615385 0.8846154 2.24
-0.4615385 0.8846154 2.24
-0.4615385 0.8846154 2.24
-0.4615385 0.8846154 2.04
-0.4615385 0.8846154 2.04
-0.5 0.8846154 1.84
-0.5 0.8846154 1.84
-0.5 0.8846154 1.84
-0.5 0.8461539 1.6
-0.5 0.8076923 1.4
-0.5 0.7692308 1.24
-0.4615385 0.7307692 1.16
-0.3846154 0.6923077 1.04
-0.3076923 0.6923077 0.92
-0.2692308 0.6923077 0.84
-0.1538462 0.6923077 0.76
-0.1153846 0.6923077 0.68
-0.07692308 0.6923077 0.56
-0.03846154 0.6538461 0.44
0.03846154 0.6538461 0.32
0.03846154 0.6153846 0.2
0.07692308 0.5769231 0.08
0.03846154 0.5 -0.04
0 0.4615385 -0.12
0 0.3846154 -0.2
0 0.3461539 -0.24
0 0.2692308 -0.28
-0.03846154 0.2692308 -0.32
-0.03846154 0.1923077 -0.36
-0.03846154 0.1538462 -0.4
-0.03846154 0.1538462 -0.48
0 0.1153846 -0.56
0 0.07692308 -0.6
0.03846154 0.03846154 -0.64
0.03846154 0.03846154 -0.72
0.03846154 0 -0.76
0 -0.03846154 -0.84
0 -0.07692308 -0.88
-0.03846154 -0.1153846 -0.92
0 -0.1538462 -0.92
0 -0.1538462 -0.92
0.03846154 -0.1923077 -0.88
0.03846154 -0.1923077 -0.84
0.03846154 -0.2307692 -0.8
0 -0.2307692 -0.76
-0.07692308 -0.2692308 -0.68
