1384355985872 146414274674314 1692694000000 8.427590 -2.451663 5.669470
1384355985963 146414366318600 1692804000000 8.274362 -2.451663 5.669470
1384355986073 146414476334470 1692914000000 10.266337 1.379060 8.887277
1384355986184 146414587448972 1693024000000 15.629349 5.056554 15.629349
1384355986313 146414716355222 1693134000000 19.613300 -3.830723 13.637373
1384355986421 146414824143308 1693244000000 10.726024 -6.129157 0.000000
1384355986533 146414935807126 1693354000000 0.153229 -2.758120 -0.766145
1384355986635 146415038254636 1693464000000 -2.604892 1.379060 0.459687
1384355986763 146415165818112 1693574000000 -0.459687 1.991976 -0.306458
1384355986868 146415270798581 1693684000000 2.758120 1.685518 2.145205
1384355986964 146415366654294 1693794000000 9.959879 1.379060 9.346964
1384355987062 146415464768308 1693904000000 15.782578 1.379060 12.411542
1384355987186 146415589524167 1694014000000 12.564771 2.604892 10.879252
1384355987288 146415690903561 1694124000000 10.572795 2.604892 7.508216
1384355987415 146415818589108 1694234000000 9.193734 0.919373 6.129157
1384355987520 146415923050778 1694344000000 8.427590 1.225831 5.363012
1384355987624 146416026749509 1694454000000 7.354988 1.072602 5.056554
1384355987725 146416128281491 1694564000000 7.354988 0.612916 2.758120
1384355987842 146416245285886 1694674000000 8.887277 1.225831 5.516241
1384355987974 146416377365964 1694784000000 8.427590 0.306458 5.975927
