1384355353073 145781475968259 1059804000000 6.742072 -1.225831 7.814674
1384355353184 145781587326901 1059914000000 6.588843 -1.379060 7.508216
1384355353289 145781691727536 1060024000000 6.742072 -0.766145 8.427590
1384355353399 145781802597897 1060134000000 8.580819 -0.612916 15.476120
1384355353505 145781908127683 1060244000000 12.258313 -3.064578 19.766529
1384355353604 145782006791013 1060354000000 11.492168 -4.290410 7.661446
1384355353730 145782133316892 1060464000000 1.379060 1.685518 -0.766145
1384355353830 145782233109372 1060574000000 -4.596867 1.225831 0.612916
1384355353952 145782354721921 1060684000000 -4.596867 -0.766145 6.742072
1384355354054 145782456803220 1060794000000 -4.290410 -2.911349 9.653421
1384355354154 145782557541745 1060904000000 -2.604892 -3.371036 12.105083
1384355354284 145782686966794 1061014000000 -2.145205 0.153229 10.113108
1384355354384 145782786759274 1061124000000 0.000000 1.838747 8.887277
1384355354487 145782890061276 1061234000000 -0.459687 3.371036 10.879252
1384355354603 145783005661862 1061344000000 -1.379060 1.838747 9.346964
1384355354719 145783122239011 1061454000000 -2.758120 1.379060 9.193734
1384355354832 145783235001462 1061564000000 -2.145205 1.838747 10.113108
1384355354925 145783328324216 1061674000000 -2.145205 2.298434 9.806650
1384355355037 145783439896481 1061784000000 -3.677494 7.967903 8.427590
1384355355161 145783564591306 1061894000000 -3.064578 2.451663 9.193734
1384355355273 145783676407712 1062004000000 -2.758120 2.911349 9.346964
