1387457298490 659519184707395 1006860000000 4.750096 -2.145205 7.814674
1387457298601 659519295211545 1006970000000 2.145205 -7.201759 9.346964
1387457298711 659519405563107 1007080000000 5.822699 -9.500193 11.492168
1387457298814 659519508163205 1007190000000 8.274362 0.306458 9.959879
1387457298935 659519628951780 1007300000000 6.129157 4.750096 8.580819
1387457299035 659519729629270 1007410000000 4.137181 2.451663 8.121132
1387457299158 659519852370968 1007520000000 1.685518 -2.145205 9.193734
1387457299254 659519948104611 1007630000000 -0.919373 -9.653421 12.564771
1387457299364 659520058334102 1007740000000 -2.451663 -9.500193 8.887277
1387457299478 659520171951047 1007850000000 -1.225831 -3.217807 9.193734
1387457299581 659520275588739 1007960000000 0.612916 3.217807 9.193734
1387457299704 659520398177853 1008070000000 -1.532289 3.677494 7.508216
1387457299801 659520495589963 1008180000000 -3.677494 2.451663 7.967903
1387457299983 659520677596797 1008290000000 -4.443638 1.532289 9.346964
1387457300033 659520727645627 1008400000000 -3.983952 1.379060 9.346964
1387457300141 659520835281125 1008510000000 -5.209783 0.919373 7.814674
1387457300244 659520938277950 1008620000000 -4.750096 0.919373 9.193734
1387457300352 659521045882932 1008730000000 -0.766145 0.766145 8.734048
1387457300480 659521173873655 1008840000000 -4.290410 2.298434 9.040505
