1387456717537 658938231612910 425920000000 -3.830723 -0.766145 8.427590
1387456717643 658938337783566 426030000000 -2.298434 -2.145205 5.056554
1387456717749 658938442855587 426140000000 -2.451663 -2.145205 1.225831
1387456717896 658938590682735 426250000000 2.145205 -5.056554 1.379060
1387456717975 658938669051877 426360000000 13.637373 -8.734048 14.097059
1387456718092 658938786544550 426470000000 9.193734 -11.798626 23.290794
1387456718188 658938882400265 426580000000 10.572795 -9.653421 12.871228
1387456718318 658939012283078 426690000000 10.266337 -4.903325 8.274362
1387456718427 658939121139279 426800000000 3.677494 -1.072602 3.677494
1387456718531 658939225417842 426910000000 -2.298434 1.532289 3.524265
1387456718643 658939337325801 427020000000 -5.056554 -0.306458 6.742072
1387456718754 658939447860471 427130000000 -5.209783 -0.153229 7.967903
1387456718852 658939546676389 427240000000 -5.056554 -0.612916 8.121132
1387456718959 658939652969113 427350000000 -4.903325 -0.612916 8.580819
1387456719082 658939776656857 427460000000 -5.209783 -0.766145 9.040505
1387456719198 658939891860714 427570000000 -4.903325 -0.153229 8.274362
