1387456724066 658944760696165 432440000000 -3.677494 0.153229 9.040505
1387456724173 658944866866818 432550000000 -3.217807 -0.153229 8.580819
1387456724278 658944972732295 432660000000 -1.379060 -0.766145 2.758120
1387456724379 658945073287718 432770000000 -0.459687 -2.145205 -0.153229
1387456724500 658945194259396 432880000000 7.814674 -5.516241 6.895301
1387456724639 658945333022824 432990000000 15.476120 -9.806650 17.008410
1387456724710 658945404281369 433100000000 9.346964 -14.863204 13.943830
1387456724822 658945516769162 433210000000 11.032481 -12.258313 10.726024
1387456724934 658945628127804 433320000000 8.121132 -5.209783 6.282385
1387456725058 658945752670039 433430000000 3.983952 -0.766145 3.524265
1387456725160 658945854324093 433540000000 -1.991976 1.379060 3.830723
1387456725279 658945972884883 433650000000 -5.516241 1.072602 7.048530
1387456725388 658946082565061 433760000000 -5.822699 -0.306458 8.274362
1387456725480 658946173995724 433870000000 -5.975927 -0.919373 8.580819
1387456725603 658946297225705 433980000000 -5.669470 -0.919373 7.814674
1387456725707 658946401473752 434090000000 -4.750096 0.612916 8.734048
1387456725821 658946515548459 434200000000 -5.363012 -1.685518 8.274362
