1387456733811 658954505172483 442200000000 -3.983952 -0.612916 8.734048
1387456733923 658954617202512 442310000000 -2.451663 -0.306458 6.742072
1387456734028 658954722182980 442420000000 -2.145205 -1.838747 3.830723
1387456734159 658954852981319 442530000000 -1.225831 -5.056554 2.451663
1387456734260 658954954757443 442640000000 5.209783 -5.975927 7.814674
1387456734370 658955064651242 442750000000 9.959879 -8.121132 20.532675
1387456734475 658955169570676 442860000000 6.742072 -10.726024 14.097059
1387456734600 658955294112911 442970000000 7.201759 -9.500193 10.879252
1387456734704 658955398391476 443080000000 5.975927 -3.064578 7.354988
1387456734807 658955501510374 443190000000 1.379060 -0.153229 4.903325
1387456734929 658955623397580 443300000000 -2.145205 1.379060 5.056554
1387456735023 658955717117063 443410000000 -3.983952 -0.612916 7.508216
1387456735133 658955827132931 443520000000 -5.209783 -0.459687 8.887277
1387456735247 658955941024533 443630000000 -4.596867 -0.612916 9.346964
1387456735350 658956044418088 443740000000 -4.750096 -1.072602 9.500193
1387456735463 658956157668819 443850000000 -4.290410 -0.306458 8.734048
