1387456736869 658957563644162 445240000000 -4.443638 -0.766145 8.887277
1387456736980 658957674728146 445350000000 -4.137181 -0.766145 8.274362
1387456737085 658957779739132 445460000000 -3.830723 -3.524265 2.451663
1387456737192 658957886031857 445570000000 -1.379060 -4.750096 1.532289
1387456737291 658957984969845 445680000000 6.588843 -2.758120 5.669470
1387456737413 658958107467403 445790000000 14.250289 -4.443638 16.242264
1387456737509 658958203323116 445900000000 7.967903 -6.435614 20.992361
1387456737625 658958319656125 446010000000 11.492168 -7.048530 13.177687
1387456737756 658958450362912 446120000000 9.653421 -3.983952 7.508216
1387456737846 658958540298216 446230000000 1.379060 -0.306458 2.298434
1387456737949 658958643417111 446340000000 -3.524265 2.298434 4.290410
1387456738080 658958774276487 446450000000 -4.903325 3.217807 8.580819
1387456738173 658958867294063 446560000000 -4.903325 0.612916 8.121132
1387456738290 658958984054318 446670000000 -4.903325 0.306458 8.734048
1387456738397 658959091842405 446780000000 -5.516241 0.000000 8.887277
1387456738505 658959198837032 446890000000 -5.975927 0.459687 9.500193
1387456738627 658959321059933 447000000000 -4.903325 0.612916 8.887277
