1387456740056 658960750808469 448420000000 -4.290410 -0.153229 8.734048
1387456740150 658960844405881 448530000000 -3.830723 -1.379060 8.274362
1387456740256 658960949844113 448640000000 -2.298434 -3.371036 1.379060
1387456740361 658961054916134 448750000000 0.766145 -2.911349 0.306458
1387456740483 658961177291624 448860000000 10.113108 -4.443638 11.492168
1387456740583 658961277297727 448970000000 12.411542 -8.734048 21.452047
1387456740699 658961393752805 449080000000 8.274362 -8.887277 15.782578
1387456740815 658961509780636 449190000000 10.572795 -8.427590 10.572795
1387456740959 658961653426877 449300000000 6.742072 -1.685518 4.596867
1387456741034 658961728591671 449410000000 1.072602 0.919373 3.677494
1387456741142 658961836196651 449520000000 -3.830723 0.153229 6.588843
1387456741246 658961940231076 449630000000 -3.830723 -0.153229 8.580819
1387456741360 658962054794065 449740000000 -4.443638 0.306458 9.040505
1387456741474 658962168594112 449850000000 -4.443638 -0.459687 9.040505
1387456741582 658962276107542 449960000000 -4.290410 -0.153229 8.887277
