1387456755530 658976223861447 463890000000 -2.911349 -1.685518 4.750096
1387456755640 658976334274045 464000000000 -3.524265 0.153229 4.290410
1387456755736 658976430465451 464110000000 2.145205 -4.903325 1.225831
1387456755836 658976530380003 464220000000 11.492168 -5.056554 10.419566
1387456755952 658976646713010 464330000000 12.105083 -6.588843 21.452047
1387456756059 658976752853145 464440000000 9.346964 -9.040505 15.476120
1387456756170 658976864028682 464550000000 10.726024 -8.274362 9.500193
1387456756279 658976973373164 464660000000 6.129157 -2.145205 5.209783
1387456756424 658977117965450 464770000000 1.379060 0.919373 4.903325
1387456756504 658977197952024 464880000000 -1.532289 1.225831 6.588843
1387456756602 658977296584835 464990000000 -2.911349 0.153229 8.274362
1387456756720 658977414077511 465100000000 -4.903325 -5.056554 11.185710
1387456756828 658977522353877 465210000000 -3.524265 -0.306458 9.346964
1387456756940 658977634139767 465320000000 -3.983952 0.153229 8.887277
1387456757074 658977768508663 465430000000 -3.371036 0.612916 9.500193
