1384268367666 115241589413674 5417416000000 1.072602 -0.766145 9.806650
1384268367789 115241712704690 5417526000000 1.379060 -0.459687 9.653421
1384268367889 115241812436135 5417636000000 2.451663 0.459687 5.363012
1384268368016 115241939450296 5417746000000 4.750096 -1.225831 -4.750096
1384268368120 115242043149026 5417856000000 13.637373 -2.758120 7.814674
1384268368221 115242144131692 5417966000000 17.008410 -4.903325 23.137566
1384268368324 115242247250588 5418076000000 14.403518 -1.379060 15.016433
1384268368450 115242373745950 5418186000000 14.709975 -5.209783 9.346964
1384268368554 115242477383645 5418296000000 7.814674 -5.056554 3.371036
1384268368655 115242578549417 5418406000000 1.685518 -1.838747 1.225831
1384268368784 115242707943948 5418516000000 0.000000 1.072602 6.588843
1384268368874 115242797329934 5418626000000 -0.306458 1.838747 9.040505
1384268368999 115242922299417 5418736000000 0.153229 1.072602 10.113108
1384268369099 115243022152932 5418846000000 0.766145 0.153229 10.266337
1384268369207 115243130917581 5418956000000 0.919373 -0.459687 10.113108
