1384268375235 115249158291848 5424986000000 1.072602 0.612916 10.113108
1384268375346 115249269955667 5425096000000 1.532289 0.153229 9.346964
1384268375473 115249396969827 5425206000000 2.604892 0.000000 3.524265
1384268375574 115249497128518 5425316000000 5.209783 -4.137181 -2.298434
1384268375681 115249604336770 5425426000000 13.024457 0.612916 11.645397
1384268375782 115249705929788 5425536000000 13.637373 2.145205 20.226215
1384268375908 115249831875833 5425646000000 13.484144 1.225831 11.645397
1384268376010 115249933224710 5425756000000 14.097059 -1.379060 11.951855
1384268376134 115250057278665 5425866000000 11.338940 -3.371036 7.814674
1384268376246 115250169827493 5425976000000 3.371036 -2.604892 0.612916
1384268376349 115250272061379 5426086000000 -0.766145 -1.072602 3.371036
1384268376449 115250372250588 5426196000000 0.000000 -1.072602 8.580819
1384268376570 115250493802102 5426306000000 0.306458 2.298434 10.113108
1384268376688 115250611264260 5426416000000 0.612916 2.145205 10.572795
1384268376782 115250705716165 5426526000000 1.379060 1.685518 9.959879
1384268376905 115250828732522 5426636000000 0.459687 1.072602 10.113108
