1384268836389 115710312191994 5886176000000 -0.766145 1.072602 10.419566
1384268836500 115710423642189 5886286000000 -0.306458 0.459687 10.419566
1384268836602 115710525113137 5886396000000 -1.225831 -5.056554 10.572795
1384268836722 115710645962746 5886506000000 0.919373 -8.121132 8.580819
1384268836835 115710758786232 5886616000000 1.685518 -2.911349 4.137181
1384268836956 115710879941017 5886726000000 5.363012 3.064578 5.669470
1384268837059 115710982449562 5886836000000 5.516241 9.653421 13.024457
1384268837170 115711093533547 5886946000000 7.354988 5.056554 12.871228
1384268837270 115711193570168 5887056000000 8.121132 -4.137181 7.508216
1384268837381 115711304440529 5887166000000 6.129157 -7.048530 5.056554
1384268837483 115711406155617 5887276000000 5.363012 -11.032481 4.903325
1384268837609 115711532437355 5887386000000 9.193734 -9.500193 7.967903
1384268837711 115711634610207 5887496000000 11.185710 -2.604892 8.427590
1384268837826 115711749539406 5887606000000 9.193734 3.217807 6.282385
1384268837928 115711851040871 5887716000000 6.282385 -0.459687 4.750096
1384268838057 115711980679543 5887826000000 7.201759 -4.137181 6.129157
1384268838164 115712087063820 5887936000000 7.048530 -3.983952 7.661446
1384268838266 115712189602883 5888046000000 6.435614 -1.685518 7.201759
1384268838367 115712290799172 5888156000000 8.274362 -2.451663 6.895301
