1387384026331 600310350661184 2737953000000 0.153229 0.459687 9.959879
1387384026440 600310460280325 2738063000000 0.612916 0.919373 10.419566
1387384026552 600310572096731 2738173000000 2.298434 4.750096 10.879252
1387384026663 600310683272268 2738283000000 1.991976 5.056554 10.572795
1387384026750 600310769575979 2738393000000 2.604892 1.991976 11.032481
1387384026861 600310880690481 2738503000000 0.000000 -3.371036 10.879252
1387384026983 600311003432180 2738613000000 -1.225831 -3.217807 8.427590
1387384027095 600311114760305 2738723000000 -1.225831 -0.459687 6.282385
1387384027192 600311212050344 2738833000000 0.000000 0.612916 4.443638
1387384027328 600311348250295 2738943000000 3.371036 0.612916 5.975927
1387384027433 600311453352835 2739053000000 8.427590 -1.379060 10.419566
1387384027519 600311539534475 2739163000000 9.346964 1.685518 14.709975
1387384027631 600311651472952 2739273000000 8.274362 1.072602 10.726024
1387384027742 600311762038137 2739383000000 8.274362 0.612916 7.814674
1387384027853 600311873457815 2739493000000 8.427590 0.000000 6.588843
1387384027982 600312002303030 2739603000000 8.427590 -0.459687 6.282385
1387384028086 600312106337454 2739713000000 8.580819 -0.153229 5.822699
1387384028197 600312217207815 2739823000000 10.726024 1.685518 7.354988
1387384028308 600312328535940 2739933000000 7.814674 0.766145 6.742072
