1387384116501 600400520644094 2828133000000 0.919373 0.000000 9.959879
1387384116612 600400631941702 2828243000000 1.225831 -0.153229 9.806650
1387384116724 600400744337942 2828353000000 0.919373 0.612916 10.266337
1387384116836 600400855605032 2828463000000 2.451663 2.604892 10.266337
1387384116933 600400952895071 2828573000000 3.830723 4.596867 10.266337
1387384117076 600401096510793 2828683000000 3.983952 2.451663 10.266337
1387384117174 600401194136526 2828793000000 3.064578 -1.991976 11.338940
1387384117260 600401280348684 2828903000000 0.766145 -2.451663 7.661446
1387384117374 600401394179250 2829013000000 0.612916 0.306458 5.669470
1387384117485 600401505476858 2829123000000 4.443638 0.000000 4.290410
1387384117597 600401616621877 2829233000000 9.500193 0.919373 5.822699
1387384117708 600401728011038 2829343000000 12.411542 2.145205 9.500193
1387384117819 600401838789846 2829453000000 11.032481 2.758120 9.040505
1387384117942 600401961867239 2829563000000 9.500193 1.685518 5.975927
1387384118053 600402072890188 2829673000000 9.653421 0.919373 4.443638
1387384118139 600402159132864 2829783000000 10.113108 0.612916 3.371036
1387384118272 600402291609670 2829893000000 10.113108 0.459687 2.911349
1387384118367 600402386671926 2830003000000 9.500193 0.000000 2.145205
1387384118478 600402497908498 2830113000000 9.500193 0.153229 3.830723
1387384118602 600402622542288 2830223000000 9.806650 0.000000 3.217807
