1384249838936 99079498093421 1843071000000 -6.282385 2.604892 7.201759
1384249839047 99079609329993 1843181000000 -6.435614 2.451663 6.742072
1384249839133 99079695481116 1843291000000 -4.903325 0.612916 2.604892
1384249839244 99079806565101 1843401000000 -2.604892 -1.685518 -1.072602
1384249839355 99079917679603 1843511000000 4.750096 -4.290410 2.604892
1384249839466 99080028122718 1843621000000 14.556746 -4.443638 8.427590
1384249839587 99080149063880 1843731000000 20.072987 -3.524265 12.717999
1384249839698 99080260269935 1843841000000 14.097059 1.379060 11.492168
1384249839809 99080371659095 1843951000000 9.653421 -4.290410 7.048530
1384249839920 99080482712562 1844061000000 15.476120 -7.508216 17.314867
1384249840031 99080593643958 1844171000000 20.379444 -5.516241 11.032481
1384249840143 99080705216224 1844281000000 12.105083 -2.298434 1.685518
1384249840256 99080818039710 1844391000000 0.766145 1.072602 -0.459687
1384249840368 99080930252845 1844501000000 -4.137181 2.451663 1.225831
1384249840454 99081016739661 1844611000000 -5.669470 5.669470 4.750096
1384249840565 99081127732093 1844721000000 -6.129157 5.669470 5.516241
1384249840677 99081238938148 1844831000000 -5.975927 5.056554 5.822699
1384249840787 99081349533851 1844941000000 -5.363012 6.588843 5.056554
