1384249848397 99088959671790 1852541000000 -6.435614 3.677494 7.048530
1384249848524 99089086746986 1852651000000 -6.282385 3.371036 6.895301
1384249848610 99089172165687 1852761000000 -5.822699 4.443638 6.895301
1384249848722 99089284653480 1852871000000 -4.903325 0.000000 2.298434
1384249848834 99089396439368 1852981000000 -1.685518 -4.443638 -1.379060
1384249848945 99089507614905 1853091000000 4.290410 -2.145205 3.830723
1384249849057 99089619156654 1853201000000 10.266337 -5.669470 9.806650
1384249849168 99089730179603 1853311000000 16.089035 -4.443638 9.806650
1384249849279 99089841446692 1853421000000 16.242264 -0.153229 10.572795
1384249849389 99089951706702 1853531000000 11.032481 -1.072602 11.032481
1384249849501 99090063706214 1853641000000 14.709975 -8.734048 17.927782
1384249849612 99090174362952 1853751000000 20.839132 -8.887277 9.959879
1384249849724 99090285996253 1853861000000 5.516241 0.766145 -1.532289
1384249849830 99090392075355 1853971000000 -1.072602 1.685518 1.991976
1384249849941 99090503525550 1854081000000 -3.064578 2.911349 4.137181
1384249850052 99090614884192 1854191000000 -3.830723 5.822699 4.443638
1384249850165 99090727036292 1854301000000 -5.669470 4.443638 6.435614
1384249850275 99090837082679 1854411000000 -2.298434 3.371036 3.064578
