1384249874914 99115476090247 1879051000000 -6.129157 2.451663 7.201759
1384249875025 99115587326820 1879161000000 -6.282385 2.145205 6.895301
1384249875136 99115698380286 1879271000000 -4.443638 1.532289 2.145205
1384249875223 99115785019691 1879381000000 -1.685518 -1.991976 -1.379060
1384249875335 99115897171790 1879491000000 7.661446 -6.742072 3.371036
1384249875465 99116027420814 1879601000000 15.629349 -7.201759 10.266337
1384249875576 99116138443763 1879711000000 17.774553 -2.298434 13.637373
1384249875663 99116224961097 1879821000000 14.556746 3.983952 13.943830
1384249875774 99116336167152 1879931000000 12.105083 -8.121132 18.081011
1384249875885 99116447068030 1880041000000 18.387468 -7.201759 12.717999
1384249875996 99116558426673 1880151000000 11.185710 -1.685518 3.677494
1384249876110 99116672562415 1880261000000 0.612916 -0.306458 -1.532289
1384249876222 99116784561927 1880371000000 -3.524265 2.451663 1.991976
1384249876333 99116895920569 1880481000000 -5.516241 4.750096 4.596867
1384249876445 99117007035071 1880591000000 -2.451663 -0.919373 -2.604892
1384249876555 99117117722327 1880701000000 -5.209783 5.822699 6.588843
