1384248407943 97648505204017 412011000000 0.306458 -0.153229 9.500193
1384248408063 97648625260169 412121000000 0.612916 -0.459687 9.806650
1384248408174 97648736405189 412231000000 1.225831 -2.451663 9.959879
1384248408260 97648822586829 412341000000 3.064578 -5.822699 9.959879
1384248408379 97648941117103 412451000000 5.363012 -5.669470 9.040505
1384248408490 97649052567298 412561000000 9.040505 -3.830723 9.040505
1384248408601 97649163834388 412671000000 9.193734 0.766145 9.346964
1384248408713 97649275528724 412781000000 5.209783 4.443638 8.427590
1384248408824 97649386429603 412891000000 1.838747 0.306458 9.806650
1384248408935 97649497635657 413001000000 1.991976 -1.685518 10.419566
1384248409046 97649608231360 413111000000 2.451663 -1.072602 10.113108
1384248409159 97649721360023 413221000000 2.298434 -0.766145 10.113108
1384248409269 97649831375892 413331000000 1.379060 -0.153229 10.879252
1384248409375 97649937241370 413441000000 1.532289 -0.306458 12.871228
1384248409497 97650059708411 413551000000 1.991976 0.153229 7.508216
