1384248416220 97656782608802 420291000000 1.072602 -0.459687 9.806650
1384248416331 97656893051917 420401000000 1.532289 -0.612916 10.113108
1384248416442 97657004227454 420511000000 1.379060 -0.612916 9.806650
1384248416553 97657115433509 420621000000 1.991976 -2.758120 10.726024
1384248416664 97657226853187 420731000000 2.451663 -3.524265 10.266337
1384248416776 97657338059241 420841000000 3.983952 -2.758120 9.346964
1384248416889 97657451706702 420951000000 5.975927 -1.072602 9.193734
1384248417002 97657564347083 421061000000 5.822699 1.838747 8.734048
1384248417113 97657675431068 421171000000 4.137181 3.983952 10.266337
1384248417199 97657761643226 421281000000 2.758120 2.604892 10.726024
1384248417311 97657872940833 421391000000 1.225831 -0.306458 10.419566
1384248417422 97657984177405 421501000000 1.991976 0.000000 9.653421
1384248417533 97658095597083 421611000000 1.685518 -0.153229 10.572795
1384248417645 97658207260902 421721000000 -0.459687 2.911349 9.959879
1384248417760 97658322892005 421831000000 -0.153229 0.153229 12.871228
1384248417883 97658445877845 421941000000 0.766145 -1.379060 9.040505
