0.03846154 0.3846154 2.2
0.03846154 0.3846154 2.2
0.03846154 0.3846154 2.2
0.03846154 0.3846154 2.2
0.03846154 0.3846154 2.2
0.03846154 0.3846154 2.2
0.03846154 0.3846154 2.2
0.03846154 0.3846154 2.2
0.03846154 0.3846154 2.2
0.03846154 0.3846154 2.2
0.03846154 0.3846154 2.2
-0.03846154 0.3846154 2.24
0 0.5 1.92
0.1153846 0.6153846 0.8
0.2307692 0.4615385 0.28
0.2692308 0.2307692 0.04
0.1923077 0.03846154 -0.08
0.1923077 -0.1538462 -0.2
0.1923077 -0.2692308 -0.36
0.07692308 -0.3846154 -0.48
-0.03846154 -0.5 -0.48
-0.1538462 -0.5384616 -0.48
-0.2307692 -0.5384616 -0.48
-0.2307692 -0.5 -0.48
-0.1538462 -0.4615385 -0.52
