-0.1538462 0.2307692 0.44
-0.1538462 0.2307692 0.44
-0.1538462 0.2307692 0.44
-0.1538462 0.2307692 0.44
-0.1538462 0.2307692 0.44
-0.1538462 0.2307692 0.44
-0.1538462 0.2307692 0.44
-0.1538462 0.2307692 0.44
-0.1538462 0.2307692 0.44
-0.1538462 0.2307692 0.44
0.5 0.7307692 0.88
0.5 0.7307692 0.88
0.7692308 0.9230769 1.24
0.9230769 1 1.64
0.9615384 0.9615384 1.8
0.7692308 0.8461539 1.72
0.5769231 0.7692308 1.48
0.3076923 0.5769231 1.36
0.03846154 0.3461539 1.32
-0.03846154 0.2307692 1.36
0 0.2307692 1.4
0.07692308 0.2307692 1.48
0.1923077 0.2692308 1.48
0.2307692 0.3076923 1.36
0.2307692 0.2692308 1.28
0.2307692 0.2692308 1.28
0.2307692 0.2692308 1.28
0.2692308 0.3461539 1.24
0.3461539 0.3846154 1.2
0.3846154 0.4615385 1.16
0.3846154 0.5 1
0.3846154 0.5769231 0.84
0.4230769 0.5769231 0.92
0.3846154 0.5384616 1.08
0.3461539 0.4615385 1.16
0.2692308 0.4230769 1.12
0.2307692 0.4230769 1.08
0.2692308 0.3846154 1.04
0.2307692 0.3461539 1
0.2307692 0.3461539 0.92
