0.07692308 0.5 0.72
0.07692308 0.5 0.72
0.07692308 0.5 0.72
0.07692308 0.5 0.72
0.07692308 0.5 0.72
0.07692308 0.5 0.72
0.1538462 0.5 1.24
0.1538462 0.5 1.24
0.1538462 0.5 1.24
0.1538462 0.5 1.24
0.1538462 0.5 1.24
0.1923077 0.4615385 1.68
0.1538462 0.4230769 1.8
0.1538462 0.4230769 1.56
0.1153846 0.4615385 1.32
0.1538462 0.5 1.28
0.1923077 0.5 1.32
0.1923077 0.5384616 1.44
0.1923077 0.5769231 1.52
0.1923077 0.5384616 1.6
0.1923077 0.5769231 1.6
0.2307692 0.5769231 1.6
0.2692308 0.5769231 1.56
0.3076923 0.6153846 1.56
0.3461539 0.6538461 1.52
0.3461539 0.6538461 1.48
