0.07692308 0.4615385 0.52
0.07692308 0.4615385 0.52
0.07692308 0.4615385 0.52
0.07692308 0.4615385 0.52
0.07692308 0.4615385 0.52
0.07692308 0.4615385 0.52
0.07692308 0.4615385 0.52
0.07692308 0.4615385 0.52
0.07692308 0.4615385 0.52
0.07692308 0.4615385 0.52
0.07692308 0.4615385 0.52
0.07692308 0.4615385 0.52
0.2692308 0.6153846 0.76
0.4615385 0.7692308 1.08
0.5384616 0.8461539 1.4
0.5769231 0.8076923 1.56
0.5384616 0.7692308 1.52
0.5 0.7692308 1.44
0.4615385 0.7692308 1.32
0.3461539 0.7692308 1.48
0.3076923 0.7307692 1.68
0.3461539 0.7692308 1.8
0.4230769 0.7692308 1.8
0.5 0.7692308 1.8
0.5384616 0.8076923 1.72
0.5384616 0.7307692 1.56
0.4615385 0.6153846 1.48
0.3846154 0.5384616 1.36
0.3076923 0.4615385 1.16
0.3076923 0.4230769 1.08
0.2692308 0.3846154 1
