0.4230769 0.5 0.68
0.4230769 0.5 0.68
0.4230769 0.5 0.68
0.4230769 0.5 0.68
0.4230769 0.5 0.68
0.4230769 0.5 0.68
0.4230769 0.5 0.68
0.4230769 0.5 0.68
0.5384616 0.6153846 0.52
0.5384616 0.6153846 0.52
0.5384616 0.6153846 0.52
0.5384616 0.6153846 0.52
0.5 0.7692308 0.48
0.1538462 0.8076923 0.84
-0.2307692 0.6923077 1.32
-0.6153846 0.4230769 1.68
-0.6538461 0.2307692 1.68
-0.8076923 0.03846154 1.56
-0.9615384 -0.1538462 1.12
-1.153846 -0.4230769 0.44
-1.346154 -0.7307692 0.24
-1.269231 -0.8076923 0.48
-1.115385 -0.7692308 0.68
-0.9615384 -0.6153846 0.76
-0.8461539 -0.5 0.76
-0.6538461 -0.3461539 0.96
-0.6153846 -0.3076923 0.96
