-0.5769231 0.03846154 1.76
-0.5769231 0.03846154 1.76
-0.5769231 0.03846154 1.76
-0.5769231 0.03846154 1.76
-0.5769231 0.03846154 1.76
-0.5769231 0.03846154 1.76
-0.5769231 0.03846154 1.76
-0.6538461 0.07692308 1.68
-0.6538461 0.07692308 1.68
-0.5769231 0.1538462 1.6
-0.5769231 0.1538462 1.6
-0.5769231 0.1538462 1.6
-0.5769231 0.1538462 1.6
-0.6153846 0.07692308 1.56
-0.7692308 -0.03846154 1.48
-1 -0.2307692 1.24
-1.192308 -0.3076923 1
-1.269231 -0.3461539 0.72
-1.153846 -0.4230769 0.52
-1 -0.3846154 0.28
-0.8846154 -0.4230769 0
-0.8461539 -0.5384616 -0.24
-0.9230769 -0.6153846 -0.36
-0.9230769 -0.5769231 -0.4
-0.8461539 -0.5384616 -0.44
-0.8076923 -0.4230769 -0.36
-0.7307692 -0.3846154 -0.32
-0.5769231 -0.2692308 -0.28
-0.4230769 -0.1923077 -0.28
-0.1538462 -0.1538462 -0.44
0.1538462 -0.07692308 -0.64
0.3461539 0 -0.72
0.5 0.07692308 -0.72
0.5 0.1538462 -0.56
0.3846154 0.2307692 -0.36
0.3076923 0.3461539 -0.08
0.2692308 0.5 0.28
0.1923077 0.6153846 0.68
0.3076923 0.6153846 1.08
0.5384616 0.6923077 1.32
0.8461539 0.8461539 1.48
1.115385 1.038462 1.64
1.192308 1.269231 1.84
1.038462 1.423077 2.08
0.4615385 1.307692 2.48
-0.2307692 0.9615384 2.92
-0.7692308 0.5769231 3
-1 0.2307692 2.8
-1.153846 -0.07692308 2.52
-1.076923 -0.2692308 2.12
-0.9615384 -0.3846154 1.72
-0.9615384 -0.3846154 1.32
-0.9230769 -0.4615385 0.92
-0.9615384 -0.5 0.64
-0.9615384 -0.5384616 0.56
-0.9230769 -0.5384616 0.64
