0.6153846 0.8076923 0.84
0.6153846 0.8076923 0.84
0.6153846 0.8076923 0.84
0.6153846 0.8076923 0.84
0.6153846 0.8076923 0.84
0.6153846 0.8076923 0.84
0.6153846 0.8076923 0.84
0.6153846 0.8076923 0.84
0.6153846 0.8076923 0.84
0.6153846 0.8076923 0.84
0.6153846 0.8076923 0.84
0.3076923 0.8461539 0.8
-0.1153846 0.6538461 0.72
-0.1153846 0.6538461 0.72
-0.4615385 0.3846154 0.76
-0.6538461 0.03846154 0.84
-0.6923077 -0.1153846 0.84
-0.6538461 -0.1538462 0.84
-0.5384616 -0.07692308 0.88
-0.4615385 0 0.88
-0.5 0.03846154 0.92
-0.6538461 -0.07692308 0.96
-0.8846154 -0.3076923 1.08
-1.038462 -0.5 1.08
-1.038462 -0.5769231 1.04
-1 -0.5769231 0.96
-0.9230769 -0.4615385 1
-0.8461539 -0.3461539 1.08
-0.6538461 -0.1923077 1.12
-0.5 -0.07692308 1.08
-0.4230769 -0.03846154 1.04
