0.03846154 0.3461539 1.8
0.03846154 0.3461539 1.8
0.03846154 0.3461539 1.8
0.03846154 0.3461539 1.8
0.03846154 0.3461539 1.8
0.03846154 0.3461539 1.8
0.03846154 0.3461539 1.8
0.03846154 0.3461539 1.8
0.03846154 0.3461539 1.8
0.03846154 0.3461539 1.8
0.03846154 0.3461539 1.8
0.03846154 0.3461539 1.8
-0.03846154 0.1923077 1.56
-0.1153846 0.1538462 1.28
-0.1153846 0.1923077 1.12
0.03846154 0.2692308 1.2
0.1923077 0.4230769 1.36
0.3076923 0.5 1.36
0.3461539 0.5769231 1.32
0.3461539 0.5769231 1.32
0.3461539 0.6538461 1.44
0.4230769 0.6923077 1.44
0.4230769 0.7307692 1.48
0.4230769 0.7307692 1.52
0.3846154 0.6923077 1.6
0.3846154 0.7307692 1.64
0.3846154 0.7307692 1.64
0.4230769 0.7307692 1.64
0.4615385 0.7307692 1.6
0.4615385 0.6923077 1.52
