-0.6153846 0.07692308 1.36
-0.6153846 0.07692308 1.36
-0.6153846 0.07692308 1.36
-0.6153846 0.07692308 1.36
-0.6153846 0.07692308 1.36
-0.6153846 0.07692308 1.36
-0.5769231 0.1538462 1.52
-0.5769231 0.1538462 1.52
-0.5769231 0.1538462 1.52
-0.5769231 0.1538462 1.52
-0.5769231 0.1538462 1.52
-0.5769231 0.1538462 1.52
-0.4230769 0.2692308 1.64
-0.2692308 0.4230769 1.68
-0.1923077 0.5 1.8
-0.1153846 0.5769231 1.84
-0.07692308 0.7692308 1.72
0.07692308 0.9615384 1.64
0.4615385 1.153846 1.6
0.7692308 1.269231 1.52
1 1.230769 1.52
1.115385 1.115385 1.48
1.192308 1.038462 1.44
1.153846 0.9615384 1.36
1.115385 0.8846154 1.12
1 0.8461539 0.88
0.8846154 0.8076923 0.6
0.7692308 0.7692308 0.36
0.6538461 0.7692308 0.12
0.4615385 0.7307692 -0.08
0.2307692 0.6538461 -0.2
0.07692308 0.6153846 -0.32
-0.1923077 0.5384616 -0.4
-0.5 0.4230769 -0.48
-1 0.1538462 -0.64
-1.346154 -0.2692308 -0.6
-1.653846 -0.5384616 -0.52
-1.769231 -0.6538461 -0.36
-1.769231 -0.6538461 -0.2
-1.692308 -0.5769231 -0.08
-1.615385 -0.5769231 -0.08
-1.576923 -0.4615385 -0.12
-1.384615 -0.2692308 -0.16
-1.115385 0 -0.28
-0.8076923 0.3076923 -0.2
-0.5769231 0.5 0.16
-0.6538461 0.5384616 0.68
-0.8076923 0.4615385 1.2
-0.9230769 0.4230769 1.84
-0.8461539 0.4230769 2.4
-0.6538461 0.4230769 2.68
-0.4615385 0.5384616 2.56
-0.3076923 0.6153846 2.08
