1.884615 0.1923077 0.68
1.884615 0.1923077 0.68
1.884615 0.1923077 0.68
1.884615 0.1923077 0.68
1.884615 0.1923077 0.68
1.884615 0.1923077 0.68
1.884615 0.1923077 0.68
1.923077 0.3076923 0.6
1.923077 0.3076923 0.6
1.923077 0.3076923 0.6
1.923077 0.3076923 0.6
1.884615 0.4230769 0.56
1.846154 0.6153846 0.6
1.769231 0.7692308 0.72
1.769231 0.9230769 0.88
1.769231 1.076923 1
1.653846 1.230769 1.04
1.576923 1.346154 1.04
1.538462 1.538462 1
1.423077 1.769231 1
1.269231 1.961538 1
1.076923 2.115385 1.04
0.9615384 2.192308 1.04
0.8846154 2.269231 1
0.8076923 2.307692 0.96
0.7692308 2.307692 0.96
0.6538461 2.384615 0.96
0.4615385 2.423077 0.92
0.1538462 2.461539 0.88
-0.03846154 2.461539 0.8
0 2.384615 0.72
0.1153846 2.307692 0.64
0.07692308 2.230769 0.64
-0.2307692 2.192308 0.76
-0.5769231 2.038461 0.96
-0.8076923 1.884615 1.08
-0.9230769 1.692308 1.08
-0.9615384 1.538462 0.96
-1 1.346154 0.84
-1.076923 1.230769 0.8
-1.076923 1.115385 0.84
-0.8461539 1.038462 0.92
-0.8846154 0.9615384 1
-0.8846154 0.8846154 1
-0.9615384 0.8076923 0.96
-0.8461539 0.7307692 0.8
-0.8461539 0.6538461 0.72
-0.8461539 0.6153846 0.68
-0.8076923 0.5769231 0.8
-0.6923077 0.5384616 0.96
-0.5769231 0.4615385 1.16
-0.5 0.4230769 1.32
-0.4230769 0.3461539 1.4
-0.3461539 0.3461539 1.44
-0.2307692 0.3461539 1.32
-0.1538462 0.3461539 1.16
-0.03846154 0.3461539 1.04
0.07692308 0.3846154 1.04
0.1153846 0.3461539 1.08
0.1153846 0.3076923 1.12
0.1153846 0.2692308 1.12
0.1153846 0.2692308 1.16
0.1153846 0.2307692 1.16
0.07692308 0.1923077 1.28
0.03846154 0.2307692 1.32
0 0.2692308 1.28
0 0.3461539 1.2
-0.03846154 0.4230769 1.08
-0.07692308 0.5 0.96
-0.1153846 0.5 0.88
-0.1538462 0.5384616 0.84
-0.1538462 0.5384616 0.88
-0.1538462 0.5384616 0.88
-0.1538462 0.5384616 0.92
