0.3846154 0.3846154 -1.28
0.3846154 0.3846154 -1.28
0.3846154 0.3846154 -1.28
0.3846154 0.3846154 -1.28
0.3846154 0.3846154 -1.28
0.3846154 0.3846154 -1.28
0.3461539 0.5 -1.32
0.3461539 0.5 -1.32
0.3461539 0.5 -1.32
0.3461539 0.5 -1.32
0.3461539 0.5 -1.32
0.3461539 0.5 -1.32
0.3461539 0.5 -1.32
0.3461539 0.6538461 -1.36
0.2692308 0.8846154 -1.2
0.2692308 1.115385 -0.84
0.3076923 1.346154 -0.52
0.3461539 1.538462 -0.24
0.3846154 1.615385 -0.04
0.3846154 1.807692 0.16
0.4615385 2.038461 0.4
0.5384616 2.307692 0.68
0.5 2.461539 1
0.3461539 2.5 1.2
0.2692308 2.5 1.16
0.2692308 2.615385 1.08
0.3846154 2.884615 1.08
0.4230769 3.307692 1.4
0.4230769 3.538461 1.88
0.3461539 3.423077 2.16
0.2692308 3.192308 2.12
0.2307692 2.923077 2.04
0.2307692 2.730769 2
0.2307692 2.538461 2.04
0.1153846 2.384615 2
-0.1538462 2.230769 1.92
-0.4230769 2.115385 1.8
-0.5384616 2.076923 1.68
-0.5769231 2 1.76
-0.5 1.961538 1.92
-0.3461539 1.923077 2.04
-0.1153846 1.884615 2
0.1153846 1.884615 1.84
0.2307692 1.846154 1.64
0.1923077 1.730769 1.52
-0.9230769 1.653846 3.24
-0.3076923 1.538462 1.76
0.2692308 1.538462 0.4
-0.3076923 1.230769 0.68
-0.2307692 1.076923 0.88
0.1153846 1.076923 0.68
0.1538462 1.076923 0.56
0.03846154 1.076923 0.6
0.07692308 1.076923 0.6
0.1153846 1.038462 0.64
0.1153846 1.038462 0.68
0.1153846 1 0.68
0.1538462 1 0.56
0.1538462 1 0.36
0.1538462 1 0.12
0.1538462 0.9615384 0
0.1923077 0.9230769 0.04
0.1923077 0.8461539 0.16
0.1923077 0.8076923 0.28
0.1538462 0.8076923 0.4
0.1538462 0.8461539 0.48
0.1153846 0.8846154 0.48
0.07692308 0.9230769 0.4
0.03846154 0.9230769 0.32
0.03846154 0.9230769 0.32
0 0.9230769 0.36
0.03846154 0.9230769 0.44
0.07692308 0.9230769 0.48
0.1153846 0.9230769 0.56
0.1538462 0.8846154 0.6
0.1538462 0.8846154 0.68
0.1538462 0.8846154 0.68
