-1.346154 0.3076923 -0.12
-1.346154 0.3076923 -0.12
-1.346154 0.3076923 -0.12
-1.346154 0.3076923 -0.12
-1.346154 0.3076923 -0.12
-1.346154 0.3076923 -0.12
-1.346154 0.3076923 -0.12
-1.269231 0.3461539 -0.04
-1.269231 0.3461539 -0.04
-1.269231 0.3461539 -0.04
-1.269231 0.3461539 -0.04
-1.269231 0.3461539 -0.04
-1.269231 0.3461539 -0.04
-1.269231 0.3461539 -0.04
-1.269231 0.3461539 -0.04
-1.230769 0.3846154 0.12
-1.230769 0.3846154 0.12
-1.115385 0.4230769 0.28
-1.076923 0.5 0.4
-0.9615384 0.5384616 0.44
-0.8076923 0.5769231 0.4
-0.5769231 0.5769231 0.48
-0.3846154 0.5769231 0.64
-0.1538462 0.5769231 0.8
0.03846154 0.6153846 0.92
0.1923077 0.6923077 1
0.3076923 0.8076923 1.08
0.5 0.8461539 1.16
0.7307692 0.8846154 1.32
1 0.8076923 1.56
1.269231 0.7307692 1.76
1.5 0.6538461 1.92
1.653846 0.5769231 1.96
1.769231 0.5384616 1.92
1.846154 0.5 1.76
1.961538 0.3846154 1.52
2.153846 0.2692308 1.36
2.230769 0.1538462 1.28
2.192308 0.1153846 1.2
2.115385 0.1153846 1.12
2.038461 0.1538462 1
1.923077 0.1923077 0.92
1.807692 0.2692308 0.84
1.653846 0.3461539 0.76
1.538462 0.4615385 0.68
1.384615 0.5769231 0.64
1.269231 0.6923077 0.64
1.153846 0.8076923 0.64
1.076923 0.9230769 0.68
1 1.076923 0.72
0.8846154 1.192308 0.72
0.6923077 1.346154 0.8
0.4615385 1.461538 0.96
0.2307692 1.5 1.16
0 1.538462 1.32
-0.2307692 1.576923 1.4
-0.4230769 1.576923 1.4
-0.5769231 1.692308 1.32
-0.7307692 1.692308 1.36
-0.8846154 1.615385 1.44
-1 1.5 1.4
-1.038462 1.346154 1.36
-1.076923 1.192308 1.32
-1.038462 1.038462 1.32
-0.9230769 0.9230769 1.32
-0.8076923 0.8076923 1.32
-0.6538461 0.8461539 1.32
-0.5 0.8461539 1.2
-0.4615385 0.8846154 1
-0.5769231 0.8461539 0.96
-0.6538461 0.7692308 1.04
-0.5769231 0.6923077 1.12
-0.5384616 0.6153846 1.12
-0.5 0.5769231 1.12
-0.3846154 0.5384616 1.12
-0.2307692 0.5769231 1.04
-0.07692308 0.6538461 0.92
0.03846154 0.6923077 0.8
0.1153846 0.6923077 0.72
0.1538462 0.6923077 0.72
0.1923077 0.6923077 0.76
0.3076923 0.5384616 0.96
0.3076923 0.5 0.96
0.3076923 0.5 0.96
0.3076923 0.5 0.92
0.3076923 0.5384616 0.88
0.2692308 0.5769231 0.8
