-0.9230769 1.423077 0.84
-0.9230769 1.423077 0.84
-0.9230769 1.423077 0.84
-0.9230769 1.423077 0.84
-0.9230769 1.423077 0.84
-0.9230769 1.423077 0.84
-0.9230769 1.423077 0.84
-1.076923 1.5 1.32
-1.076923 1.5 1.32
-1.076923 1.5 1.32
-1.076923 1.5 1.32
-1.230769 1.615385 1.68
-1.230769 1.615385 1.68
-1.192308 1.769231 1.84
-1.076923 1.923077 1.8
-0.9615384 2.153846 1.56
-0.8076923 2.346154 1.24
-0.6538461 2.538461 1
-0.5 2.692308 0.84
-0.3076923 2.769231 0.84
-0.03846154 2.807692 1.16
0.1923077 2.769231 1.56
0.4230769 2.846154 1.88
0.6153846 2.923077 2.08
0.8076923 3.115385 2.12
0.8846154 3.307692 1.96
0.8461539 3.384615 1.72
0.8846154 3.384615 1.48
1.038462 3.230769 1.28
1.230769 2.961539 1.24
1.461538 2.769231 1.32
1.5 2.615385 1.44
1.5 2.461539 1.52
1.461538 2.384615 1.52
1.346154 2.384615 1.24
1.038462 2.5 0.6
0.7692308 2.461539 0.08
0.6153846 2.192308 0.08
0.6153846 1.923077 0.4
0.7307692 1.653846 0.68
0.9230769 1.5 0.76
1.115385 1.538462 0.64
1.115385 1.615385 0.32
1 1.769231 -0.08
0.8461539 1.769231 -0.36
0.7307692 1.615385 -0.4
0.7692308 1.384615 -0.08
0.8461539 1.192308 0.24
0.8846154 1.115385 0.28
0.6923077 1.115385 0.16
0.5 1.153846 -0.08
0.3076923 1.076923 -0.32
0.1923077 0.9615384 -0.44
0.1538462 0.7692308 -0.48
0.1153846 0.6538461 -0.4
0.1153846 0.5384616 -0.28
0.1538462 0.4615385 -0.24
0.07692308 0.3846154 -0.32
-0.03846154 0.3846154 -0.4
-0.1538462 0.3846154 -0.52
-0.1923077 0.4615385 -0.56
-0.1923077 0.5 -0.44
-0.1538462 0.5384616 -0.28
-0.2692308 0.5769231 -0.12
-0.4230769 0.5769231 0.04
-0.5384616 0.5769231 0.08
-0.6153846 0.5769231 0.04
-0.6153846 0.5769231 -0.08
-0.5769231 0.5769231 -0.12
-0.5384616 0.6153846 -0.04
-0.5384616 0.6153846 0.08
-0.5 0.5769231 0.12
-0.4615385 0.6153846 0.16
-0.5384616 0.6153846 0.2
-0.6923077 0.6153846 0.2
-0.7307692 0.6923077 0.12
-0.6923077 0.7307692 0
-0.6923077 0.8076923 0.08
-0.7692308 0.8461539 0.32
-0.8076923 0.9230769 0.68
-0.9230769 0.8846154 0.92
-1 0.8461539 1.04
-1 0.7692308 0.92
-0.9230769 0.7307692 0.76
-0.8846154 0.7692308 0.6
-0.9615384 0.8846154 0.6
-1 0.9230769 0.8
-1 0.9230769 1.08
-0.8846154 0.8461539 1.28
-0.8076923 0.7692308 1.32
-0.6923077 0.8076923 1.2
-0.5769231 0.9615384 0.96
-0.5384616 1.153846 0.92
-0.5 1.307692 1.08
-0.4230769 1.346154 1.36
-0.3461539 1.307692 1.64
-0.1538462 1.269231 1.8
-0.03846154 1.192308 1.92
0.3461539 1.192308 1.8
0.3461539 1.192308 1.8
0.5769231 1.153846 1.52
0.7692308 1.115385 1.44
0.8461539 1 1.44
0.9230769 0.8846154 1.48
0.9615384 0.8076923 1.52
0.9615384 0.8076923 1.64
0.9615384 0.8076923 1.8
0.9615384 0.8461539 1.88
1 0.8461539 1.92
1.076923 0.7692308 1.84
1.115385 0.6923077 1.76
1.153846 0.6538461 1.68
1.076923 0.5769231 1.56
1 0.5 1.44
0.9230769 0.4615385 1.32
0.8461539 0.4230769 1.2
0.5769231 0.3846154 1
0.4615385 0.3461539 0.92
