0.5384616 0.5 -1.4
0.5384616 0.5 -1.4
0.5384616 0.5 -1.4
0.5384616 0.5 -1.4
0.5384616 0.5 -1.4
0.5384616 0.5 -1.4
0.5384616 0.5 -1.4
0.5384616 0.5 -1.4
0.6923077 0.6538461 -1.4
0.6923077 0.6538461 -1.4
0.6923077 0.6538461 -1.4
0.7692308 0.8076923 -1.36
0.7692308 0.9615384 -1.32
0.7307692 1.192308 -1.24
0.7307692 1.461538 -1
0.8076923 1.692308 -0.72
0.8461539 2 -0.32
0.7307692 2.269231 0.16
0.5 2.461539 0.72
0.2307692 2.653846 1.12
-0.07692308 2.692308 1.48
-0.2307692 2.576923 1.72
-0.2307692 2.576923 1.92
-0.1538462 2.576923 2.08
-0.1538462 2.730769 2.12
-0.1923077 2.884615 2.12
-0.07692308 3 2.24
-0.07692308 3 2.24
0.03846154 2.846154 2.44
0 2.653846 2.64
-0.1538462 2.423077 2.64
-0.3076923 2.307692 2.52
-0.3846154 2.153846 2.36
-0.3846154 2 2.32
-0.3076923 1.846154 2.28
-0.2692308 1.769231 2.2
-0.1923077 1.653846 2.16
-0.03846154 1.576923 2.04
0.07692308 1.538462 1.76
0.1153846 1.5 1.52
0.07692308 1.423077 1.36
0 1.346154 1.36
-0.03846154 1.230769 1.36
-0.1153846 1.153846 1.36
-0.1538462 1.115385 1.32
-0.1538462 1.076923 1.08
-0.07692308 1.076923 0.92
0 1.076923 0.72
0.07692308 1.115385 0.68
0.1153846 1.076923 0.64
0.1538462 1 0.64
0.1538462 0.9615384 0.68
0.1153846 0.9230769 0.68
0.07692308 0.8846154 0.76
0.07692308 0.8846154 0.8
0.07692308 0.8846154 0.72
0.03846154 0.9230769 0.6
0.03846154 0.9615384 0.48
0.03846154 0.9615384 0.4
0.07692308 0.9615384 0.36
0.1153846 0.9230769 0.36
