1.346154 1.461538 1.52
1.384615 1.461538 1.52
1.384615 1.461538 1.52
1.384615 1.461538 1.52
1.384615 1.461538 1.52
1.384615 1.5 1.52
1.384615 1.5 1.52
1.384615 1.5 1.52
1.384615 1.5 1.52
1.384615 1.5 1.52
1.384615 1.5 1.52
1.384615 1.5 1.52
1.423077 1.538462 1.4
1.384615 1.615385 1.32
1.346154 1.653846 1.28
1.346154 1.692308 1.36
1.269231 1.730769 1.36
1.038462 1.807692 1.32
0.7692308 1.807692 1.2
0.4615385 1.769231 1.04
0.2692308 1.769231 0.92
0.1538462 1.769231 0.76
0.1923077 1.769231 0.76
0.2307692 1.769231 0.84
0.2692308 1.769231 0.92
0.2307692 1.769231 1.12
0.1538462 1.730769 1.4
0 1.846154 1.52
-0.1538462 1.961538 1.32
-0.2692308 2.115385 0.96
-0.2307692 2.153846 0.72
-0.1153846 2.192308 0.72
-0.03846154 2.192308 0.92
0.03846154 2.153846 1.16
-0.03846154 2.153846 1.44
-0.2307692 2.269231 1.56
-0.5769231 2.538461 1.32
-0.6923077 2.576923 0.64
-0.6153846 2.384615 0.24
-0.5384616 2.115385 0.28
-0.5 1.884615 0.52
-0.5769231 1.653846 0.76
-0.6538461 1.538462 0.92
-0.6538461 1.5 0.84
-0.6538461 1.5 0.6
-0.6538461 1.461538 0.4
-0.6923077 1.384615 0.28
-0.7692308 1.307692 0.32
-0.7307692 1.269231 0.48
-0.6153846 1.192308 0.64
-0.4615385 1.192308 0.76
-0.3076923 1.192308 0.68
-0.1538462 1.153846 0.4
-0.07692308 1.153846 0.04
-0.07692308 1.076923 -0.16
-0.1153846 1.038462 -0.16
-0.2307692 0.9615384 -0.12
-0.2307692 0.9230769 0
-0.1923077 0.8076923 0.04
-0.1538462 0.7692308 0.04
-0.07692308 0.7307692 0
0 0.6923077 -0.16
0.03846154 0.6923077 -0.32
0.07692308 0.6923077 -0.4
0.1153846 0.6923077 -0.36
0.07692308 0.6538461 -0.24
0.07692308 0.5769231 -0.2
0.1153846 0.5384616 -0.24
0.3076923 0.5384616 -0.32
0.4615385 0.6153846 -0.32
0.6153846 0.6538461 -0.2
0.6923077 0.7307692 -0.08
0.6538461 0.7692308 0
0.6923077 0.6538461 -0.04
0.8076923 0.5 -0.08
0.9230769 0.5384616 -0.04
1.192308 0.5769231 0.04
1.423077 0.6923077 0.12
1.461538 0.8846154 0.24
1.423077 0.8846154 0.4
1.384615 0.7692308 0.48
1.5 0.6923077 0.56
1.615385 0.6538461 0.64
1.615385 0.7307692 0.76
1.576923 0.8461539 0.92
1.538462 1 1
1.423077 1.115385 1.16
1.346154 1.192308 1.28
1.307692 1.153846 1.44
1.269231 1.153846 1.52
1.307692 1.076923 1.44
1.346154 1.076923 1.44
1.384615 1.153846 1.64
1.346154 1.269231 2
1.230769 1.346154 2.36
1.115385 1.384615 2.4
0.9230769 1.346154 2.36
0.7692308 1.346154 2.04
0.8076923 1.384615 1.76
0.7692308 1.461538 1.76
0.6923077 1.423077 2
0.5769231 1.384615 2.24
0.4615385 1.307692 2.28
0.3461539 1.307692 2.12
0.07692308 1.307692 1.96
-0.1923077 1.307692 1.76
-0.3076923 1.346154 1.56
-0.3461539 1.307692 1.52
-0.3846154 1.192308 1.64
-0.3846154 1.076923 1.76
-0.3846154 1 1.8
-0.3846154 0.9615384 1.76
-0.3461539 0.8846154 1.52
-0.3461539 0.8461539 1.28
-0.4230769 0.8076923 1.12
-0.4615385 0.7692308 0.96
-0.4615385 0.7307692 0.84
-0.3846154 0.6538461 0.72
-0.3076923 0.6153846 0.64
-0.1538462 0.6153846 0.64
0 0.5769231 0.68
0.1923077 0.5769231 0.72
0.3461539 0.5769231 0.68
0.4230769 0.5769231 0.64
0.3461539 0.5 0.76
0.3461539 0.5 0.76
0.3076923 0.4615385 0.76
0.3076923 0.4615385 0.72
0.3461539 0.4615385 0.72
0.3846154 0.4615385 0.68
0.3846154 0.4615385 0.68
0.4230769 0.5 0.72
0.4230769 0.5 0.76
0.4230769 0.5 0.76
0.4230769 0.5 0.76
0.4230769 0.5384616 0.8
0.4230769 0.5384616 0.8
0.4230769 0.5 0.8
0.4230769 0.5 0.8
0.4230769 0.5 0.76
0.4230769 0.5 0.76
