-0.1538462 0.2307692 -1.24
-0.1538462 0.2307692 -1.24
-0.1538462 0.2307692 -1.24
-0.1538462 0.2307692 -1.24
-0.1538462 0.2307692 -1.24
-0.1538462 0.2307692 -1.24
-0.1538462 0.2307692 -1.24
-0.1538462 0.2307692 -1.24
-0.1153846 0.3076923 -1.28
-0.1153846 0.3076923 -1.28
-0.07692308 0.3461539 -1.2
-0.07692308 0.3461539 -1.2
-0.07692308 0.3461539 -1.2
-0.07692308 0.5 -1.36
-0.07692308 0.5 -1.36
-0.03846154 0.6538461 -1.44
0 0.8076923 -1.56
0 1.038462 -1.48
0.07692308 1.269231 -1.36
0.1923077 1.461538 -1.2
0.2307692 1.653846 -1.08
0.2692308 1.884615 -1.08
0.3461539 2.115385 -1.08
0.4615385 2.423077 -1
0.6538461 2.692308 -0.72
0.8846154 2.961539 -0.32
1.269231 3.423077 0.76
1.346154 3.538461 1.48
1.115385 3.5 2
0.7307692 3.423077 2.04
0.3461539 3.5 2
0 3.615385 2.12
-0.1153846 3.769231 2.4
-0.07692308 3.769231 2.88
0.07692308 3.538461 3.2
0.1923077 3.076923 3.36
0.2692308 2.615385 3.36
0.3076923 2.230769 3.12
0.3461539 2.038461 2.72
0.3076923 1.961538 2.36
0.2692308 2 1.96
0.2307692 1.961538 1.68
0.1538462 1.846154 1.72
0.07692308 1.653846 1.92
0.03846154 1.461538 2.04
0.03846154 1.346154 2
0 1.307692 1.84
-0.03846154 1.269231 1.48
-0.07692308 1.307692 1.12
0 1.307692 0.88
0.07692308 1.269231 0.84
0.1538462 1.153846 0.92
0.2307692 1.076923 1.08
0.2692308 1 1.16
0.1923077 0.9615384 1.12
0.1153846 0.9615384 1
0.07692308 1 0.8
0.03846154 1.038462 0.6
0 1 0.52
0 1 0.48
0.03846154 0.9230769 0.52
0.07692308 0.8846154 0.56
0.1538462 0.8846154 0.56
0.1923077 0.8461539 0.56
0.1923077 0.8461539 0.56
0.1923077 0.8461539 0.56
0.1923077 0.8846154 0.48
0.1538462 0.9230769 0.36
0.1538462 0.9230769 0.32
0.1153846 0.9230769 0.32
0.1153846 0.8846154 0.4
0.1153846 0.8461539 0.44
0.1153846 0.8461539 0.52
0.1538462 0.8076923 0.64
0.1538462 0.8076923 0.68
0.1923077 0.8461539 0.64
0.1538462 0.8461539 0.56
0.1153846 0.9230769 0.4
0.07692308 0.9230769 0.32
0.03846154 0.9230769 0.28
0.07692308 0.8846154 0.32
0.1153846 0.8076923 0.32
