-1.884615 0.5384616 1.08
-1.884615 0.5384616 1.08
-1.884615 0.5384616 1.08
-1.884615 0.5384616 1.08
-1.884615 0.5384616 1.08
-1.884615 0.5384616 1.08
-1.884615 0.5384616 1.08
-1.884615 0.5384616 1.08
-1.884615 0.5384616 1.08
-1.884615 0.5384616 1.08
-1.884615 0.6153846 1.08
-1.884615 0.6153846 1.08
-1.807692 0.6538461 1.08
-1.730769 0.7692308 1.12
-1.692308 0.8846154 1.08
-1.653846 1 1.12
-1.615385 1.115385 1.2
-1.5 1.192308 1.28
-1.384615 1.192308 1.36
-1.269231 1.269231 1.28
-1.192308 1.307692 1.24
-1.115385 1.384615 1.2
-0.9615384 1.5 1.16
-0.7307692 1.653846 1.08
-0.4615385 1.730769 0.92
-0.2692308 1.730769 0.76
-0.07692308 1.769231 0.68
0.1153846 1.730769 0.76
0.2692308 1.653846 0.88
0.4230769 1.730769 1
0.5384616 1.846154 1.04
0.7307692 1.807692 1.08
0.8846154 1.653846 1.16
1 1.461538 1.16
1.076923 1.269231 1.08
1.153846 1.115385 0.96
1.153846 1 0.84
1.192308 0.9230769 0.8
1.153846 0.8076923 0.84
1.153846 0.7307692 0.84
1.153846 0.6538461 0.8
1.192308 0.5384616 0.76
1.153846 0.4230769 0.8
1.115385 0.3076923 0.8
1.076923 0.2307692 0.84
1 0.1923077 0.88
0.8846154 0.1538462 0.88
0.7692308 0.1153846 0.88
0.6153846 0.07692308 0.92
0.5384616 0.03846154 1
0.5384616 -0.03846154 1
0.5384616 -0.03846154 1
0.5 -0.07692308 0.96
0.4615385 -0.07692308 0.92
0.4230769 -0.07692308 0.92
0.3846154 -0.1153846 0.96
0.3461539 -0.1538462 0.96
0.3076923 -0.1538462 1
0.2692308 -0.1538462 1
0.3076923 -0.1538462 1
0.3076923 -0.1153846 1
0.3461539 -0.07692308 0.96
0.3461539 -0.03846154 0.96
0.3846154 0 0.96
0.3846154 0.03846154 0.96
0.4230769 0.03846154 0.96
0.4615385 0.07692308 1
0.5 0.07692308 1.04
0.5 0.07692308 1.04
0.4615385 0.1153846 1
0.4230769 0.1538462 1
0.3846154 0.1923077 0.96
0.3461539 0.1923077 0.96
0.3076923 0.1923077 0.92
