0.8076923 1.346154 1.48
0.8076923 1.346154 1.48
0.8076923 1.346154 1.48
0.8076923 1.346154 1.48
0.8076923 1.346154 1.48
0.8076923 1.346154 1.48
0.8076923 1.346154 1.48
0.8076923 1.346154 1.48
0.7692308 1.423077 1.64
0.7692308 1.423077 1.64
0.7692308 1.423077 1.64
0.7692308 1.461538 1.6
0.7692308 1.461538 1.6
0.7692308 1.5 1.52
0.6923077 1.538462 1.4
0.6153846 1.538462 1.28
0.4230769 1.538462 1.28
0.3076923 1.538462 1.24
0.2307692 1.538462 1.12
0.1923077 1.538462 1.04
0.1153846 1.5 0.96
0.1153846 1.423077 0.92
0.1153846 1.384615 1.04
0.1153846 1.346154 1.2
0.07692308 1.461538 1.32
0 1.692308 1.12
-0.07692308 1.807692 0.84
-0.1538462 1.769231 0.72
-0.1923077 1.692308 0.84
-0.3846154 1.653846 1.04
-0.6153846 1.615385 1.16
-0.8461539 1.653846 1.2
-1 1.730769 1.08
-1.076923 1.884615 0.68
-1.038462 1.961538 0.28
-0.9230769 1.846154 0.16
-0.7692308 1.730769 0.44
-0.7307692 1.615385 0.84
-0.7307692 1.538462 1.12
-0.7692308 1.538462 1.2
-0.7307692 1.538462 1.08
-0.6538461 1.576923 0.8
-0.5769231 1.538462 0.6
-0.4615385 1.461538 0.56
-0.4615385 1.346154 0.6
-0.4615385 1.269231 0.68
-0.4230769 1.192308 0.8
-0.5 1.192308 0.88
-0.5769231 1.192308 0.84
-0.6153846 1.192308 0.72
-0.6538461 1.192308 0.64
-0.5384616 1.153846 0.4
-0.4230769 1.076923 0.24
-0.3076923 1.038462 0.2
-0.2692308 1 0.28
-0.2692308 0.9615384 0.44
-0.2307692 0.8846154 0.48
-0.1538462 0.8461539 0.28
-0.1153846 0.8076923 0.04
0 0.7692308 -0.12
0.03846154 0.6923077 -0.2
-0.07692308 0.6538461 -0.24
-0.1538462 0.6923077 -0.28
-0.1153846 0.7307692 -0.12
0 0.6538461 0.04
0.2307692 0.6153846 -0.04
0.4230769 0.5384616 -0.28
0.5384616 0.5384616 -0.44
0.6153846 0.5384616 -0.44
0.5769231 0.6153846 -0.36
0.4615385 0.6538461 -0.16
0.3846154 0.6153846 0
0.5 0.5 0.08
0.7307692 0.3461539 0.08
0.8076923 0.2692308 0.16
0.8846154 0.3846154 0.16
0.8846154 0.5384616 0.16
0.8076923 0.6923077 0.28
0.7692308 0.8076923 0.44
0.7692308 0.6153846 0.6
1 0.4615385 0.64
1.230769 0.3846154 0.68
1.307692 0.5384616 0.8
1.230769 0.7307692 0.92
1.153846 0.9230769 1.12
1.230769 1 1.28
1.269231 1.076923 1.36
1.192308 1.038462 1.4
1.115385 0.9615384 1.44
1.076923 0.9615384 1.44
1.076923 0.9615384 1.36
1 1.038462 1.36
0.9230769 1.115385 1.44
0.8076923 1.192308 1.56
0.6923077 1.230769 1.6
0.6153846 1.192308 1.6
0.6538461 1.230769 1.56
0.6923077 1.269231 1.52
0.6153846 1.346154 1.56
0.5 1.384615 1.72
0.3846154 1.423077 1.88
0.3076923 1.423077 1.92
0.2692308 1.461538 1.84
0.2692308 1.5 1.72
0.3076923 1.576923 1.64
0.2307692 1.615385 1.68
0.1153846 1.615385 1.76
0 1.538462 1.88
-0.07692308 1.461538 1.88
-0.1538462 1.423077 1.84
-0.2307692 1.346154 1.72
-0.3461539 1.307692 1.52
-0.4230769 1.307692 1.32
-0.5 1.307692 1.16
-0.5384616 1.269231 1.12
-0.5769231 1.192308 1.2
-0.6153846 1.115385 1.2
-0.6153846 1.076923 1.2
-0.6153846 1.038462 1.16
-0.6153846 1 1.08
-0.5769231 0.9615384 1
-0.5384616 0.9230769 0.92
-0.5 0.8461539 0.84
-0.4230769 0.8076923 0.76
-0.3846154 0.7307692 0.76
-0.3076923 0.6923077 0.76
-0.2307692 0.6923077 0.76
-0.1538462 0.6923077 0.8
-0.07692308 0.6923077 0.76
0.03846154 0.6923077 0.76
0.1153846 0.6923077 0.76
0.1538462 0.6538461 0.76
0.1923077 0.6153846 0.8
0.2307692 0.5769231 0.8
0.2307692 0.5769231 0.84
0.2307692 0.5769231 0.8
0.1923077 0.5769231 0.76
0.1923077 0.5769231 0.72
