-0.2307692 2.153846 1.96
-0.2307692 2.153846 1.96
-0.2307692 2.153846 1.96
-0.3846154 2.307692 2.12
-0.3846154 2.307692 2.12
-0.3846154 2.307692 2.12
-0.3846154 2.307692 2.12
-0.3846154 2.307692 2.12
-0.3846154 2.307692 2.12
-0.3846154 2.307692 2.12
-0.3846154 2.307692 2.12
-0.3846154 2.307692 2.12
-0.5384616 2.461539 2.28
-0.5769231 2.5 2.48
-0.5 2.5 2.64
-0.3846154 2.461539 2.8
-0.1538462 2.384615 2.8
0.03846154 2.384615 2.72
0.2307692 2.307692 2.6
0.3846154 2.269231 2.52
0.4230769 2.192308 2.36
0.3846154 2.153846 2.2
0.3076923 2.115385 2
0.1923077 2.153846 1.68
0.1923077 2.192308 1.4
0.1923077 2.230769 1.2
0.2307692 2.346154 1.08
0.3846154 2.384615 0.96
0.5 2.538461 0.72
0.5769231 2.653846 0.24
0.5384616 2.653846 -0.28
0.4230769 2.461539 -0.48
0.3846154 2.269231 -0.32
0.4230769 2.115385 -0.12
0.5 1.961538 -0.04
0.5 1.846154 -0.12
0.3461539 1.769231 -0.4
0.07692308 1.615385 -0.88
-0.1538462 1.423077 -1.12
-0.2692308 1.153846 -1.08
-0.2692308 0.9230769 -0.96
-0.1538462 0.6538461 -0.88
0.03846154 0.4230769 -0.76
0.1153846 0.1923077 -0.72
0.1538462 0.03846154 -0.88
0.1153846 -0.07692308 -1.08
0.03846154 -0.2307692 -1.2
0.03846154 -0.3461539 -1.16
0.07692308 -0.4230769 -0.92
0.1538462 -0.5 -0.64
0.1923077 -0.5384616 -0.44
0.1538462 -0.5769231 -0.36
0.07692308 -0.5769231 -0.28
0.03846154 -0.5769231 -0.08
0 -0.6153846 -0.04
0 -0.6153846 -0.04
0 -0.6538461 0
-0.03846154 -0.6923077 0.08
-0.07692308 -0.6923077 0.2
-0.1153846 -0.6923077 0.28
-0.1538462 -0.6923077 0.32
-0.1538462 -0.7692308 0.28
-0.1538462 -0.7692308 0.28
-0.1923077 -0.7692308 0.28
-0.1923077 -0.8076923 0.32
-0.1923077 -0.7692308 0.32
-0.1538462 -0.7307692 0.32
-0.1153846 -0.6538461 0.32
-0.07692308 -0.5769231 0.32
-0.03846154 -0.4615385 0.24
-0.03846154 -0.3846154 0.2
0.03846154 -0.3076923 0.2
0.1153846 -0.2307692 0.16
0.1153846 -0.2307692 0.16
0.1923077 -0.2307692 0.08
0.2307692 -0.1538462 0.04
0.2307692 -0.1538462 -0.04
0.2692308 -0.07692308 -0.08
0.2692308 -0.03846154 -0.12
0.2307692 0 -0.08
0.1538462 0 -0.04
0.07692308 -0.03846154 0.04
