0.3076923 0.3461539 2.52
0.3076923 0.3461539 2.52
0.3076923 0.3461539 2.52
0.3076923 0.3461539 2.52
0.3076923 0.3461539 2.52
0.3076923 0.3461539 2.52
0.3076923 0.3461539 2.52
0.3076923 0.3461539 2.52
0.3076923 0.3461539 2.52
0.3076923 0.3461539 2.52
0.2692308 0.4230769 2.68
0.2692308 0.4230769 2.68
0.3076923 0.5 2.84
0.4230769 0.6153846 2.96
0.5769231 0.7692308 3.04
0.6923077 0.9230769 3
0.8461539 1.038462 2.88
0.9615384 1.153846 2.72
1 1.192308 2.52
1.038462 1.230769 2.32
1.038462 1.192308 2.04
0.9615384 1.153846 1.8
0.8461539 1.153846 1.52
0.8076923 1.115385 1.28
0.7692308 1.115385 1.12
0.6923077 1.115385 1
0.5769231 1.115385 0.8
0.4230769 1.038462 0.6
0.4230769 1 0.32
0.4230769 0.8846154 0.12
0.3461539 0.7692308 0
0.2692308 0.6538461 -0.16
0.1923077 0.5 -0.28
0.07692308 0.3846154 -0.28
-0.03846154 0.3076923 -0.28
-0.1538462 0.2307692 -0.24
-0.2692308 0.1923077 -0.24
-0.3076923 0.1538462 -0.2
-0.3461539 0.1153846 -0.16
-0.4230769 0.07692308 -0.08
-0.5 0.03846154 0.04
-0.5769231 0 0.08
-0.6538461 -0.03846154 0.16
-0.8076923 -0.03846154 0.24
-0.9615384 -0.03846154 0.28
-1.076923 -0.03846154 0.32
-1.230769 0 0.4
-1.461538 -0.03846154 0.52
-1.615385 -0.07692308 0.6
-1.653846 -0.07692308 0.64
-1.615385 -0.03846154 0.64
-1.538462 0 0.6
-1.5 0.03846154 0.6
-1.461538 0.1153846 0.64
-1.384615 0.1153846 0.72
-1.269231 0.1538462 0.8
-1.115385 0.1923077 0.84
-0.9615384 0.2307692 0.88
-0.7692308 0.2307692 0.96
-0.5384616 0.1923077 1.04
-0.2692308 0.1923077 1.08
0.03846154 0.1923077 1.08
0.1923077 0.1538462 0.92
0.3461539 0.1538462 0.72
0.5 0.1538462 0.52
0.6923077 0.1153846 0.44
0.8846154 0.07692308 0.44
0.9615384 0 0.48
0.9615384 -0.03846154 0.48
0.8076923 -0.03846154 0.32
0.7307692 -0.03846154 0.28
0.6538461 -0.07692308 0.24
0.5384616 -0.07692308 0.16
0.4615385 -0.07692308 0.12
0.3846154 -0.03846154 0.04
0.3076923 0.03846154 0.04
0.2307692 0.1153846 0.04
0.1538462 0.1538462 0
0.07692308 0.1538462 -0.04
0.03846154 0.1538462 -0.08
0.03846154 0.1923077 0
0.07692308 0.2692308 0.08
0.07692308 0.3461539 0.2
0.1153846 0.4230769 0.24
0.07692308 0.4615385 0.28
0.03846154 0.5 0.32
0.03846154 0.5 0.44
0 0.4230769 0.68
-0.07692308 0.4230769 0.96
-0.1923077 0.4230769 1.2
-0.2307692 0.4615385 1.44
-0.3076923 0.5 1.68
-0.4230769 0.5769231 2
-0.5 0.5384616 2.28
-0.4615385 0.4615385 2.56
-0.3846154 0.3846154 2.8
-0.2692308 0.3076923 2.88
-0.1538462 0.3461539 2.76
-0.07692308 0.3846154 2.52
0.1153846 0.4230769 2.24
0.3461539 0.4615385 2.04
0.5769231 0.4615385 2
0.7307692 0.4230769 2.04
0.8076923 0.3461539 2.08
0.7692308 0.3076923 2
0.6923077 0.2692308 1.88
0.6153846 0.1923077 1.72
0.6153846 0.1538462 1.52
0.6153846 0.1538462 1.32
0.7307692 0.2307692 1.16
0.9615384 0.3076923 1.08
1.153846 0.4230769 1
1.307692 0.5 0.92
1.307692 0.5384616 0.84
1.230769 0.6153846 0.76
1.115385 0.6538461 0.68
1 0.7307692 0.68
0.8846154 0.8076923 0.68
0.7692308 0.8846154 0.68
0.6923077 0.9615384 0.72
0.6923077 1 0.76
0.5769231 1.038462 0.84
0.3846154 1.115385 0.88
0.1153846 1.153846 0.88
-0.03846154 1.230769 0.84
-0.1923077 1.269231 0.84
-0.3076923 1.269231 0.92
-0.3846154 1.269231 0.96
-0.5 1.192308 1
-0.6153846 1.192308 1.04
-0.7307692 1.115385 1.04
-0.8076923 1.038462 1.08
-0.8461539 1 1.08
-0.8846154 0.9615384 1.08
-0.9230769 0.9230769 1
-0.9615384 0.8461539 0.96
-0.8846154 0.7692308 0.92
-0.7692308 0.6923077 0.92
-0.6538461 0.6538461 0.96
-0.5769231 0.5769231 1
-0.5 0.5384616 1.12
