1.269231 1.269231 1.28
1.269231 1.269231 1.28
1.269231 1.269231 1.28
1.269231 1.269231 1.28
1.269231 1.269231 1.28
1.269231 1.269231 1.28
1.269231 1.269231 1.28
1.269231 1.269231 1.28
1.269231 1.269231 1.28
1.269231 1.269231 1.28
1.269231 1.269231 1.28
1.076923 1.5 1.32
0.9615384 1.692308 1.36
0.9615384 1.846154 1.48
1 1.884615 1.68
1.076923 1.846154 1.88
1.076923 1.769231 1.92
-0.07692308 1.5 0.48
-1.5 2.269231 0.16
0.4615385 1.230769 2.36
1.307692 1.346154 2.84
1.153846 1.730769 1.64
0.7307692 2.038461 0.4
0.3076923 2.192308 0
-0.1538462 2.192308 0.16
-0.6153846 2.115385 0.44
-0.7692308 1.884615 0.6
-0.7692308 1.576923 0.8
-0.6923077 1.346154 1.12
-0.5384616 1.230769 1.4
-0.3076923 1.192308 1.6
0.03846154 1.307692 1.48
0.2307692 1.5 1.16
0.2692308 1.730769 0.8
0.03846154 1.846154 0.6
-0.2692308 1.923077 0.56
-0.5 1.807692 0.72
-0.6923077 1.730769 0.92
-0.9230769 1.730769 1.04
-0.9615384 1.846154 0.96
-0.9230769 2.076923 0.44
-0.9230769 2.115385 -0.04
-0.9230769 2 -0.16
-0.9230769 1.846154 0.08
-0.9230769 1.692308 0.44
-0.9230769 1.538462 0.72
-0.9230769 1.5 0.76
-0.9230769 1.538462 0.6
-0.8846154 1.615385 0.24
-0.8076923 1.538462 0.04
-0.7692308 1.461538 0.04
-0.7692308 1.384615 0.16
-0.7307692 1.269231 0.24
-0.6923077 1.192308 0.4
-0.5769231 1.115385 0.56
-0.5 1.076923 0.6
-0.4615385 1.038462 0.44
-0.3846154 1 0.24
-0.3461539 0.9230769 0.12
-0.3076923 0.8461539 0.12
-0.3076923 0.7692308 0.16
-0.3461539 0.7692308 0.2
-0.3461539 0.7307692 0.24
-0.2692308 0.6923077 0.28
-0.2307692 0.6153846 0.32
-0.07692308 0.5769231 0.16
0 0.5384616 -0.08
0.07692308 0.5 -0.2
0.1153846 0.5 -0.2
0.07692308 0.5 -0.16
0.1538462 0.5 -0.12
0.1923077 0.4230769 -0.04
0.2307692 0.3076923 -0.04
0.2692308 0.2692308 -0.16
0.3076923 0.2307692 -0.32
0.4230769 0.3076923 -0.44
0.5 0.4230769 -0.4
0.5384616 0.5384616 -0.2
0.4615385 0.5769231 0.04
0.6153846 0.4615385 0.12
0.9230769 0.3076923 0
1.153846 0.2692308 -0.12
1.192308 0.3076923 -0.04
1.115385 0.4615385 0.12
1.038462 0.6538461 0.2
1.038462 0.8076923 0.24
0.9615384 0.7692308 0.2
1 0.6153846 0.24
1.115385 0.4230769 0.32
1.269231 0.3461539 0.48
1.269231 0.4615385 0.64
1.115385 0.6538461 0.76
0.8846154 0.8461539 0.88
0.7692308 1 1.04
0.7307692 0.9615384 1.16
0.8461539 0.8461539 1.16
0.9230769 0.7692308 1.28
1.038462 0.8076923 1.36
1.076923 0.9230769 1.6
1.076923 1.076923 1.84
0.9615384 1.153846 2.08
0.8846154 1.115385 1.96
0.8076923 1.115385 1.68
0.8461539 1.115385 1.52
0.9615384 1.115385 1.48
0.9615384 1.115385 1.6
0.9230769 1.153846 1.8
0.8461539 1.153846 1.92
0.7307692 1.230769 1.92
0.5384616 1.269231 1.88
0.2692308 1.269231 1.76
0.1153846 1.269231 1.56
0.07692308 1.307692 1.36
0.07692308 1.346154 1.32
0 1.269231 1.52
-0.03846154 1.192308 1.72
-0.1153846 1.115385 1.8
-0.2307692 1.115385 1.76
-0.3846154 1.076923 1.68
-0.5769231 1.115385 1.56
-0.6538461 1.153846 1.36
-0.6923077 1.115385 1.2
-0.6923077 1.076923 1.28
-0.6538461 0.9615384 1.48
-0.5769231 0.8461539 1.6
-0.5 0.8076923 1.56
-0.4230769 0.8076923 1.44
-0.3846154 0.7692308 1.32
-0.2692308 0.7692308 1.2
-0.1538462 0.7307692 1.08
-0.03846154 0.7307692 0.96
0.03846154 0.7307692 0.84
0.07692308 0.6923077 0.76
0.1153846 0.6538461 0.76
0.1153846 0.6153846 0.72
0.1923077 0.5384616 0.68
0.2307692 0.5384616 0.68
0.2692308 0.5 0.68
0.3076923 0.5 0.68
