1384855891484 28634610103545 1161710000000 7.967903 -3.830723 4.290410
1384855891598 28634724147734 1161820000000 8.121132 -4.290410 4.596867
1384855891712 28634838283476 1161930000000 8.274362 -3.983952 4.596867
1384855891811 28634937496122 1162040000000 13.637373 -6.895301 18.693928
1384855891911 28635037258085 1162150000000 21.452047 -13.024457 17.008410
1384855892023 28635149257597 1162260000000 8.121132 -5.975927 -7.508216
1384855892143 28635269130644 1162370000000 -0.153229 1.838747 -0.459687
1384855892256 28635382625517 1162480000000 -0.612916 4.443638 5.975927
1384855892356 28635482448515 1162590000000 -0.153229 5.209783 8.274362
1384855892469 28635594997343 1162700000000 0.153229 3.524265 9.193734
1384855892576 28635701808867 1162810000000 -0.919373 -4.137181 9.959879
1384855892691 28635817073759 1162920000000 -1.225831 -6.435614 10.572795
1384855892804 28635929958281 1163030000000 -2.451663 -0.766145 11.185710
1384855892917 28636042781767 1163140000000 -1.991976 -0.459687 10.419566
1384855893037 28636163295683 1163250000000 -2.145205 -0.459687 9.959879
1384855893126 28636252193388 1163360000000 -2.145205 1.685518 9.193734
1384855893240 28636366023955 1163470000000 -0.766145 1.685518 10.572795
1384855893352 28636478267607 1163580000000 -1.685518 -0.459687 9.959879
1384855893449 28636575191435 1163690000000 -1.838747 0.000000 9.959879
1384855893574 28636700679716 1163800000000 -2.145205 0.153229 9.653421
1384855893689 28636815120634 1163910000000 -1.685518 0.153229 10.266337
1384855893784 28636910701689 1164020000000 -1.532289 -1.072602 9.193734
1384855893905 28637031032499 1164130000000 -2.298434 -1.072602 10.879252
