1384248865785 98106347367103 869911000000 6.588843 -6.129157 5.056554
1384248865898 98106460312659 870021000000 6.742072 -5.975927 5.363012
1384248866009 98106571457679 870131000000 6.129157 -5.669470 4.903325
1384248866120 98106682755286 870241000000 5.516241 -8.734048 7.967903
1384248866232 98106793930823 870351000000 16.855181 -28.040890 21.452047
1384248866343 98106905167396 870461000000 20.072987 -7.661446 5.516241
1384248866447 98107009110267 870571000000 7.967903 -1.532289 -1.225831
1384248866558 98107120194251 870681000000 3.217807 1.838747 -3.677494
1384248866668 98107230912025 870791000000 1.532289 -0.153229 -4.290410
1384248866780 98107342636878 870901000000 7.814674 -14.556746 -8.887277
1384248866892 98107453934486 871011000000 18.387468 -24.516626 1.991976
1384248867003 98107565232093 871121000000 18.693928 -17.621325 10.113108
1384248867118 98107680435950 871231000000 15.169662 -4.290410 4.443638
1384248867229 98107790940101 871341000000 8.274362 -0.459687 1.225831
1384248867340 98107902664954 871451000000 5.056554 -3.217807 3.217807
1384248867451 98108013901526 871561000000 6.282385 -5.209783 6.742072
1384248867563 98108125626380 871671000000 2.298434 -6.588843 6.435614
1384248867674 98108236130530 871781000000 5.056554 -5.209783 5.056554
