-1.269231 0.2692308 0.28
-1.269231 0.2692308 0.28
-1.269231 0.2692308 0.28
-1.269231 0.2692308 0.28
-1.269231 0.2692308 0.28
-1.269231 0.2692308 0.28
-1.269231 0.2692308 0.28
-1.269231 0.2692308 0.28
-1.269231 0.2692308 0.28
-1.269231 0.2692308 0.28
-1.269231 0.2692308 0.28
-1.269231 0.2692308 0.28
-1.192308 0.2692308 0.32
-1.192308 0.3076923 0.32
-1.153846 0.3076923 0.4
-1 0.3076923 0.44
-0.8076923 0.3076923 0.48
-0.5 0.2692308 0.6
-0.1538462 0.1923077 0.76
0.1538462 0.1153846 0.92
0.4230769 0 1.04
0.6538461 -0.07692308 1.08
0.8846154 -0.1153846 1.08
1.192308 -0.07692308 1.04
1.423077 -0.07692308 1.04
1.653846 -0.07692308 1.04
1.884615 -0.1153846 1.08
2.076923 -0.1923077 1
2.153846 -0.1923077 0.88
2.076923 -0.1923077 0.68
1.846154 -0.1538462 0.56
1.692308 -0.1538462 0.48
1.576923 -0.1538462 0.44
1.538462 -0.07692308 0.4
1.538462 0 0.44
1.538462 0.07692308 0.48
1.461538 0.1923077 0.52
1.269231 0.3461539 0.48
0.9230769 0.5 0.52
0.5384616 0.6153846 0.6
0.2307692 0.6153846 0.84
0 0.6153846 1.16
-0.1538462 0.6153846 1.52
-0.3461539 0.6153846 1.96
-0.6923077 0.5769231 2.16
-1.076923 0.5769231 2.24
-1.307692 0.5 2.24
-1.346154 0.4230769 2.24
-1.269231 0.3846154 2.2
-1.115385 0.3076923 2.16
-0.9230769 0.2692308 2.12
-0.6923077 0.2692308 2
-0.4615385 0.2692308 1.84
-0.2307692 0.3076923 1.68
-0.07692308 0.3461539 1.52
0.07692308 0.3846154 1.28
0.1538462 0.3846154 1.12
0.1923077 0.3076923 1.08
0.1923077 0.2307692 1
0.2307692 0.1923077 0.96
0.2692308 0.1923077 1.04
