-1.115385 0.3846154 0.12
-1.115385 0.3846154 0.12
-1.115385 0.3846154 0.12
-1.115385 0.3846154 0.12
-1.115385 0.3846154 0.12
-1.115385 0.3846154 0.12
-1.115385 0.3846154 0.12
-1.115385 0.3846154 0.12
-1.115385 0.3846154 0.12
-1.115385 0.3846154 0.12
-1.153846 0.4230769 0.24
-1.153846 0.4230769 0.24
-1.153846 0.4615385 0.32
-1.115385 0.5 0.4
-1 0.4615385 0.44
-0.8461539 0.4230769 0.44
-0.6923077 0.3076923 0.48
-0.5 0.2307692 0.56
-0.3461539 0.1538462 0.68
-0.1153846 0.1538462 0.8
0.1538462 0.1538462 0.92
0.4615385 0.1923077 1.04
0.7692308 0.2307692 1.16
1 0.1923077 1.28
1.192308 0.1538462 1.36
1.346154 0.07692308 1.36
1.5 0 1.32
1.653846 -0.07692308 1.2
1.884615 -0.1538462 1.08
2.038461 -0.2307692 0.96
2.115385 -0.3076923 0.92
2.192308 -0.3076923 0.84
2.115385 -0.3076923 0.8
2 -0.1923077 0.76
1.961538 -0.07692308 0.64
1.884615 0 0.52
1.769231 0.1153846 0.4
1.615385 0.2307692 0.4
1.423077 0.3076923 0.36
1.192308 0.4230769 0.44
0.9230769 0.5 0.52
0.6538461 0.6153846 0.6
0.4230769 0.7307692 0.76
0.1923077 0.8076923 0.92
0 0.8461539 1.12
-0.1538462 0.8461539 1.44
-0.3461539 0.8461539 1.8
-0.6923077 0.7692308 2.16
-1 0.6923077 2.4
-1.153846 0.5769231 2.48
-1.038462 0.4615385 2.44
-0.7692308 0.4230769 2.28
-0.5 0.3846154 2.04
-0.3846154 0.3846154 1.84
-0.3076923 0.3846154 1.6
-0.1923077 0.4615385 1.36
-0.07692308 0.4615385 1.12
0.07692308 0.4615385 1
0.2307692 0.4230769 0.96
0.3076923 0.3846154 0.96
0.3461539 0.3461539 0.96
0.3461539 0.3076923 0.96
0.3846154 0.3076923 0.88
0.3846154 0.3076923 0.84
0.4230769 0.3076923 0.84
0.3846154 0.2692308 0.84
0.3076923 0.2307692 1.04
0.2692308 0.1538462 1.16
0.3076923 0.1538462 1.28
