0.7307692 1.076923 3.08
0.7307692 1.076923 3.08
0.7307692 1.076923 3.08
0.7307692 1.076923 3.08
0.7307692 1.076923 3.08
0.7307692 1.076923 3.08
0.6923077 1.384615 2.64
0.6923077 1.384615 2.64
0.6923077 1.384615 2.64
0.6923077 1.384615 2.64
0.6153846 1.615385 2.2
0.6153846 1.615385 2.2
0.6153846 1.615385 2.2
0.5 1.884615 1.52
0.4615385 1.846154 0.92
0.2307692 1.461538 0.44
0.07692308 1.307692 0.32
-0.1153846 1.192308 0.08
-0.2307692 1.115385 -0.4
-0.2692308 0.8846154 -0.6
-0.3076923 0.6153846 -0.68
-0.4615385 0.4615385 -0.68
-0.6153846 0.3461539 -0.72
-0.6923077 0.1923077 -0.84
-0.6538461 0.07692308 -1
-0.5384616 -0.03846154 -1.12
-0.4615385 -0.1538462 -1.2
-0.4230769 -0.1923077 -1.16
-0.3846154 -0.3076923 -1.08
-0.3076923 -0.5 -0.64
-0.2307692 -0.5769231 -0.68
-0.1538462 -0.6538461 -0.72
-0.1153846 -0.6923077 -0.72
-0.1153846 -0.7307692 -0.64
-0.03846154 -0.7307692 -0.48
0 -0.7692308 -0.32
0 -0.7692308 -0.2
0.03846154 -0.8076923 -0.2
0.07692308 -0.8076923 -0.2
0.07692308 -0.8076923 -0.2
0.07692308 -0.8461539 -0.24
0.03846154 -0.8461539 -0.28
0.03846154 -0.8461539 -0.2
-0.03846154 -0.8461539 0.04
-0.1153846 -0.8461539 0.2
-0.1538462 -0.8461539 0.28
-0.1538462 -0.8846154 0.2
-0.1153846 -0.8461539 0.04
-0.07692308 -0.8461539 -0.2
0 -0.8076923 -0.32
0.07692308 -0.8076923 -0.4
