0.1923077 2.384615 -0.8
0.1923077 2.384615 -0.8
0.1923077 2.384615 -0.8
0.1923077 2.384615 -0.8
0.1923077 2.384615 -0.8
0.1923077 2.384615 -0.8
0.1923077 2.384615 -0.8
0.1923077 2.384615 -0.8
0.5 2.615385 0
0.6923077 2.576923 0.96
0.6923077 2.576923 0.96
0.6923077 2.576923 0.96
0.6923077 2.576923 0.96
0.6923077 2.576923 0.96
0.5384616 2.307692 1.76
0.1153846 2.115385 2
-0.3846154 2.192308 1.88
-0.6153846 2.538461 1.84
-0.7307692 2.692308 2.04
-0.8076923 2.730769 2.28
-0.7307692 2.615385 2.52
-0.5 2.423077 2.72
-0.2307692 2.153846 2.72
0 1.923077 2.56
0.07692308 1.769231 2.16
0.07692308 1.653846 1.64
0.07692308 1.576923 1.2
0.07692308 1.461538 0.84
0.07692308 1.384615 0.68
0.1153846 1.307692 0.68
0.1153846 1.192308 0.8
0.1153846 1.115385 0.92
0.03846154 1.115385 1
-0.07692308 1.115385 0.88
-0.1538462 1.192308 0.72
-0.2692308 1.192308 0.6
-0.3076923 1.153846 0.56
-0.3076923 1.115385 0.6
-0.3076923 1.038462 0.68
-0.2307692 1 0.76
-0.1538462 0.9615384 0.8
-0.1153846 0.9615384 0.84
-0.07692308 0.9615384 0.84
0 1.038462 0.8
0 1.153846 0.64
0.03846154 1.230769 0.56
0.03846154 1.269231 0.56
0.1538462 1.269231 0.68
0.1923077 1.230769 0.8
0.2307692 1.192308 0.92
0.2692308 1.192308 1
