2.192308 1.192308 0.4
2.192308 1.192308 0.4
2.192308 1.192308 0.4
2.192308 1.192308 0.4
2.192308 1.192308 0.4
2.076923 1.384615 0.6
2.076923 1.384615 0.6
2.076923 1.384615 0.6
2.076923 1.384615 0.6
2.076923 1.384615 0.6
1.961538 1.615385 0.84
1.961538 1.615385 0.84
1.961538 1.615385 0.84
1.807692 1.846154 1
1.461538 2.038461 1.12
1 2.230769 1.12
0.4230769 2.346154 1
-0.03846154 2.346154 0.8
-0.4230769 2.307692 0.72
-0.7692308 2.192308 0.8
-0.9615384 2.076923 1
-1 2 1.16
-1.038462 1.884615 1.28
-1.192308 1.730769 1.32
-1.307692 1.5 1.36
-1.346154 1.192308 1.4
-1.384615 1.038462 1.32
-1.423077 0.9230769 1.2
-1.346154 0.8461539 1.12
-1.307692 0.8076923 1.08
-1.192308 0.7692308 1.08
-1.038462 0.7307692 1.16
-0.8461539 0.5769231 1.32
-0.7307692 0.4615385 1.44
-0.5769231 0.3846154 1.48
-0.5 0.3461539 1.44
-0.4615385 0.3461539 1.32
-0.3846154 0.4230769 1.12
-0.2307692 0.4615385 0.96
-0.1153846 0.5 0.88
0 0.4615385 0.92
0.07692308 0.4230769 1
0.07692308 0.3461539 1.12
0.07692308 0.2692308 1.2
0.07692308 0.1923077 1.24
0.03846154 0.1538462 1.24
0 0.1538462 1.2
-0.03846154 0.1538462 1.2
-0.03846154 0.2692308 1.12
0 0.3076923 1
