2.192308 0.9615384 0.92
2.192308 0.9615384 0.92
2.192308 0.9615384 0.92
2.192308 0.9615384 0.92
1.961538 1.076923 0.88
1.961538 1.076923 0.88
1.961538 1.076923 0.88
1.961538 1.076923 0.88
1.961538 1.076923 0.88
1.961538 1.076923 0.88
1.961538 1.076923 0.88
1.961538 1.076923 0.88
1.615385 1.230769 0.8
1.230769 1.384615 0.72
0.5769231 1.653846 0.76
0.3846154 1.692308 0.92
0.1153846 1.692308 1.04
-0.1923077 1.692308 1.04
-0.5 1.615385 0.96
-0.6923077 1.538462 0.88
-0.8076923 1.5 0.84
-0.9230769 1.423077 0.92
-1 1.346154 1.04
-1.115385 1.269231 1.16
-1.230769 1.153846 1.28
-1.269231 1 1.28
-1.269231 0.8461539 1.24
-1.346154 0.6923077 1.24
-1.384615 0.5384616 1.24
-1.346154 0.4230769 1.24
-1.192308 0.3846154 1.24
-1 0.4230769 1.28
-0.8076923 0.3846154 1.36
-0.6923077 0.3846154 1.44
-0.6153846 0.3076923 1.48
-0.5769231 0.2692308 1.48
-0.5384616 0.2307692 1.4
-0.4230769 0.2692308 1.28
-0.3076923 0.2692308 1.24
-0.2307692 0.2692308 1.12
-0.07692308 0.2692308 1.08
0 0.2307692 1.12
0.07692308 0.1923077 1.12
0.07692308 0.1923077 1.16
0.03846154 0.1538462 1.12
0.03846154 0.1538462 1.16
0.07692308 0.1153846 1.2
0.07692308 0.1153846 1.2
0.07692308 0.1923077 1.04
0.07692308 0.2692308 0.96
