-0.8076923 0.8461539 0.88
-0.8076923 0.8461539 0.88
-0.8076923 0.8461539 0.88
-0.8076923 0.8461539 0.88
-0.8076923 0.8461539 0.88
-0.8076923 0.8461539 0.88
-0.8076923 0.8461539 0.88
-0.8076923 0.8461539 0.88
-0.8076923 0.8461539 0.88
-0.7307692 0.9615384 1
-0.7307692 0.9615384 1
-0.7307692 0.9615384 1
-0.7307692 0.9615384 1
-0.7307692 0.9615384 1
-0.7307692 0.9615384 1
-0.6538461 1.076923 1.2
-0.5 1.153846 1.36
-0.3461539 1.307692 1.36
-0.1538462 1.384615 1.36
0 1.461538 1.32
0.07692308 1.5 1.4
0.2307692 1.423077 1.56
0.2692308 1.423077 1.76
0.2692308 1.538462 1.88
0.2692308 1.692308 1.96
0.3461539 1.807692 2
0.4230769 1.807692 2.04
0.4615385 1.730769 2.04
0.5 1.576923 2.12
0.5384616 1.5 2.2
0.7307692 1.461538 2.24
0.9615384 1.576923 2.2
1.115385 1.730769 2.12
1.153846 1.846154 1.96
1.038462 1.846154 1.84
0.9615384 1.807692 1.68
0.9230769 1.692308 1.56
1 1.615385 1.56
1.153846 1.538462 1.68
1.269231 1.461538 1.72
1.269231 1.423077 1.48
1.076923 1.423077 1.28
0.8846154 1.461538 0.96
0.8076923 1.346154 0.68
0.8076923 1.192308 0.6
0.8461539 1.076923 0.68
0.7307692 0.8846154 0.92
0.6538461 0.8846154 0.84
0.6153846 0.9230769 0.64
0.5384616 0.9230769 0.4
0.3846154 0.8846154 0.24
0.2692308 0.7692308 0.24
0.2307692 0.6923077 0.32
0.2307692 0.6153846 0.36
0.1923077 0.5769231 0.32
0.1538462 0.5384616 0.28
0.1153846 0.5 0.16
0.07692308 0.5 0.08
0 0.4615385 0.04
-0.1153846 0.4230769 0
-0.1538462 0.3846154 0
-0.2307692 0.3461539 0
-0.2692308 0.3076923 0.04
-0.3076923 0.2692308 0.04
-0.3461539 0.2692308 0.08
-0.3846154 0.2692308 0.12
-0.4230769 0.2692308 0.16
-0.4230769 0.2692308 0.16
-0.4615385 0.2692308 0.16
-0.5384616 0.2692308 0.12
-0.5769231 0.2692308 0.08
-0.6153846 0.2692308 0.04
-0.5769231 0.2692308 0.08
-0.5769231 0.3076923 0.12
-0.5384616 0.3461539 0.32
-0.5769231 0.3076923 0.44
-0.6153846 0.3461539 0.48
-0.6538461 0.3846154 0.44
-0.7692308 0.4230769 0.4
-0.8461539 0.4230769 0.44
-0.9230769 0.4230769 0.48
-0.8846154 0.4615385 0.52
-0.8076923 0.5 0.56
-0.8076923 0.4615385 0.64
-0.8461539 0.5 0.72
-0.8846154 0.5769231 0.76
-0.8846154 0.6538461 0.8
-0.8846154 0.6923077 0.92
-0.8846154 0.6153846 1.04
-0.8846154 0.5769231 1.12
-0.8846154 0.5 1.12
-0.9230769 0.4615385 1.12
-0.8846154 0.5384616 1.12
-0.8076923 0.7692308 1.08
-0.7692308 0.8461539 1.2
-0.8461539 0.7692308 1.48
-0.8846154 0.6923077 1.72
-0.8461539 0.6153846 1.88
-0.8076923 0.5384616 1.96
-0.6153846 0.6153846 1.92
-0.3846154 0.7307692 1.84
-0.1153846 0.9230769 1.72
0.2307692 1.115385 1.56
0.5769231 1.192308 1.44
0.8461539 1.076923 1.48
0.9615384 0.9230769 1.6
0.9615384 0.6923077 1.72
0.8846154 0.5769231 1.84
0.8076923 0.4615385 1.84
0.8461539 0.3461539 1.76
0.8461539 0.3461539 1.76
0.8461539 0.3076923 1.64
0.8846154 0.3076923 1.44
