1.192308 1.807692 0.64
1.192308 1.807692 0.64
1.192308 1.807692 0.64
1.192308 1.807692 0.64
1.192308 1.807692 0.64
1.192308 1.807692 0.64
1.192308 1.807692 0.64
1.192308 1.807692 0.64
1.192308 1.807692 0.64
1.192308 1.807692 0.64
0.8461539 2.038461 0.8
0.8461539 2.038461 0.8
0.8461539 2.038461 0.8
0.8461539 2.038461 0.8
0.3846154 2.153846 1.04
-0.1538462 2.192308 1.28
-0.5769231 2.115385 1.4
-0.8076923 1.923077 1.44
-0.8846154 1.807692 1.36
-0.9230769 1.730769 1.28
-1.115385 1.615385 1.28
-1.346154 1.423077 1.36
-1.423077 1.230769 1.44
-1.346154 1.076923 1.44
-1.307692 0.9615384 1.4
-1.269231 0.8846154 1.36
-1.269231 0.8076923 1.32
-1.269231 0.7307692 1.28
-1.230769 0.6153846 1.24
-1.115385 0.5 1.24
-0.9615384 0.3846154 1.28
-0.7307692 0.2692308 1.36
-0.5769231 0.2692308 1.32
-0.3846154 0.3076923 1.28
-0.3076923 0.3461539 1.24
-0.2692308 0.3846154 1.16
-0.2307692 0.3846154 1.16
-0.1923077 0.3076923 1.12
-0.1923077 0.3076923 1.16
-0.1923077 0.3076923 1.16
-0.1923077 0.2692308 1.24
-0.1538462 0.2307692 1.32
-0.1153846 0.2307692 1.36
-0.1153846 0.2692308 1.4
-0.1538462 0.3076923 1.44
