1.153846 1.038462 2.04
1.153846 1.038462 2.04
1.153846 1.038462 2.04
1.153846 1.038462 2.04
1.153846 1.038462 2.04
1.192308 1.153846 2.4
1.192308 1.153846 2.4
1.192308 1.153846 2.4
1.192308 1.153846 2.4
1.192308 1.153846 2.4
1.192308 1.153846 2.4
1.192308 1.153846 2.4
1.192308 1.153846 2.4
1.192308 1.153846 2.4
1.115385 1.269231 2.52
0.8076923 1.423077 2.48
0.5384616 1.692308 2.24
0.3846154 1.846154 1.92
0.3076923 1.961538 1.68
0.3461539 1.923077 1.64
0.3461539 1.807692 1.8
0.2692308 1.730769 2.04
0.1153846 1.730769 2.2
-0.1538462 1.730769 2.28
-0.4230769 1.692308 2.28
-0.4615385 1.615385 2.16
-0.4615385 1.615385 1.88
-0.4615385 1.576923 1.52
-0.3846154 1.5 1.24
-0.3076923 1.384615 1.16
-0.2307692 1.269231 1.24
-0.3461539 1.192308 1.4
-0.4230769 1.076923 1.56
-0.4230769 1 1.56
-0.4615385 1.076923 1.36
-0.5384616 1.230769 0.92
-0.5384616 1.230769 0.4
-0.5384616 1.076923 0.12
-0.5769231 0.9230769 0.16
-0.6538461 0.7307692 0.4
-0.7692308 0.6153846 0.68
-0.7692308 0.5 0.96
-0.7307692 0.5 1.04
-0.6923077 0.5 0.96
-0.6153846 0.6153846 0.8
-0.5769231 0.6923077 0.48
-0.5384616 0.7307692 0.24
-0.4615385 0.6538461 0.12
-0.4230769 0.6153846 0.12
-0.3846154 0.5769231 0.24
-0.2692308 0.5 0.48
-0.1153846 0.4230769 0.68
-0.1153846 0.3846154 0.6
-0.1538462 0.3461539 0.4
-0.1153846 0.3076923 0
-0.07692308 0.2692308 -0.08
0 0.2692308 -0.08
0.03846154 0.1923077 0.04
0.07692308 0.1538462 0.2
0.1538462 0.07692308 0.24
0.1923077 0 0.24
0.2692308 -0.03846154 0.12
0.2692308 -0.07692308 -0.04
0.3076923 -0.03846154 -0.16
0.2692308 -0.03846154 -0.2
0.2692308 0.03846154 -0.12
0.2307692 0.03846154 0.04
0.2692308 -0.03846154 0.16
0.3076923 -0.07692308 0.28
0.3846154 -0.1153846 0.32
0.4615385 -0.1153846 0.32
0.5384616 -0.07692308 0.28
0.5 0 0.24
0.4230769 0.1153846 0.28
0.4230769 0.1538462 0.4
0.5 0.1538462 0.52
0.6153846 0.1538462 0.68
0.8076923 0.1538462 0.88
0.9230769 0.1153846 1.04
0.9230769 0.1538462 1.12
0.8846154 0.1923077 1.12
0.8846154 0.3846154 1.16
0.9230769 0.5 1.32
0.9230769 0.5769231 1.52
0.8846154 0.5769231 1.84
0.8076923 0.5384616 2.12
0.6923077 0.4615385 2.32
0.6538461 0.4230769 2.36
0.5384616 0.3846154 2.32
0.5 0.4615385 2.2
0.5 0.6923077 2.08
0.3461539 0.8461539 2
0.1923077 0.8846154 2.04
0 0.8461539 2.08
-0.2307692 0.8461539 2.16
-0.5 0.7307692 2.2
-0.6538461 0.6153846 2.12
-0.6153846 0.5769231 1.88
-0.6538461 0.7307692 1.6
-0.7692308 0.8461539 1.36
-0.9230769 0.8461539 1.32
-0.9615384 0.8076923 1.32
-0.9230769 0.7307692 1.32
-0.8461539 0.6538461 1.28
-0.7307692 0.6153846 1.24
-0.6538461 0.5769231 1.2
-0.5769231 0.5384616 1.2
-0.4230769 0.5 1.16
-0.2692308 0.5384616 1.08
-0.07692308 0.5769231 0.96
0.07692308 0.5769231 0.84
0.1538462 0.5769231 0.76
0.1923077 0.5 0.76
0.2307692 0.4615385 0.8
0.2692308 0.4230769 0.88
0.3461539 0.4230769 1
