0.4615385 2 0.04
0.4615385 2 0.04
0.4615385 2 0.04
0.4615385 2 0.04
0.4615385 2 0.04
0.4615385 2 0.04
0.4615385 2 0.04
0.4615385 2 0.04
0.4615385 2 0.04
0.4615385 2 0.04
0.4615385 2 0.04
0.3846154 2.153846 0.4
0.2692308 2.307692 0.64
0.1923077 2.423077 0.84
0.2307692 2.538461 1.24
0.1538462 2.538461 1.8
-0.03846154 2.730769 2.16
-0.1538462 2.884615 2.4
-0.1538462 2.961539 2.48
-0.1153846 2.807692 2.48
-0.03846154 2.5 2.44
0.07692308 2.192308 2.44
0.2692308 1.730769 2.16
0.1538462 1.615385 1.96
0.1153846 1.538462 1.64
0.07692308 1.5 1.36
0.03846154 1.423077 1.12
0 1.307692 0.96
0 1.192308 0.92
0 1.153846 0.92
0 1.115385 0.88
-0.03846154 1.115385 0.84
-0.07692308 1.153846 0.8
-0.1153846 1.192308 0.76
-0.1923077 1.153846 0.68
-0.1923077 1.153846 0.64
-0.1538462 1.038462 0.64
-0.1538462 0.9230769 0.68
-0.07692308 0.9230769 0.72
-0.03846154 0.9230769 0.72
0.03846154 0.9615384 0.72
0.07692308 1.076923 0.64
0.03846154 1.153846 0.48
0 1.192308 0.4
0 1.192308 0.4
0.03846154 1.153846 0.48
0.1153846 1.115385 0.56
0.1923077 1.115385 0.64
0.2307692 1.115385 0.8
