-0.9615384 0.6153846 0.4
-0.8461539 0.5769231 0.52
-0.8461539 0.5769231 0.52
-0.8461539 0.5769231 0.52
-0.8461539 0.5769231 0.52
-0.8461539 0.5769231 0.52
-0.8461539 0.5769231 0.52
-0.8461539 0.5769231 0.52
-0.8461539 0.5769231 0.52
-0.8461539 0.5769231 0.52
-0.8461539 0.5769231 0.52
-0.8461539 0.5769231 0.52
-0.6923077 0.5 0.6
-0.5 0.3846154 0.64
-0.2692308 0.3076923 0.72
0 0.2307692 0.8
0.1923077 0.1923077 0.88
0.3846154 0.1538462 0.92
0.6153846 0.1153846 0.96
0.8461539 0.1153846 1.04
1.115385 0.07692308 1.12
1.423077 0.03846154 1.12
1.730769 0 1.08
1.884615 0 0.92
1.961538 -0.03846154 0.76
1.961538 -0.07692308 0.64
2.038461 -0.07692308 0.56
2.115385 -0.1153846 0.52
2.153846 -0.1153846 0.56
2.115385 -0.07692308 0.56
1.923077 -0.03846154 0.52
1.769231 0.07692308 0.4
1.615385 0.1923077 0.36
1.5 0.3846154 0.36
1.423077 0.5 0.48
1.230769 0.6153846 0.64
1 0.7307692 0.84
0.7307692 0.8461539 0.92
0.4230769 0.9615384 1
0.1538462 1.038462 1.16
-0.1538462 1.038462 1.4
-0.4230769 0.9230769 1.72
-0.6923077 0.6923077 1.96
-0.8461539 0.5769231 2.08
-0.8846154 0.5384616 2.04
-0.8846154 0.5384616 1.96
-0.8076923 0.5384616 1.88
-0.7307692 0.5 1.8
-0.5384616 0.4615385 1.68
-0.3076923 0.3846154 1.52
-0.1538462 0.3461539 1.44
0.03846154 0.3846154 1.36
0.1538462 0.4230769 1.2
0.2692308 0.5 1.04
0.3461539 0.5769231 0.92
0.3846154 0.5769231 0.84
0.4230769 0.5384616 0.88
0.4615385 0.5 0.88
0.4615385 0.4615385 0.88
0.4615385 0.4230769 0.92
0.4615385 0.4230769 0.96
0.4230769 0.3846154 1
0.4230769 0.3461539 1.04
0.4230769 0.3461539 1.08
0.4230769 0.3846154 1.08
0.3846154 0.4230769 1.08
