0.9230769 0.8076923 1.76
0.9230769 0.8076923 1.76
0.9230769 0.8076923 1.76
0.9615384 0.9230769 2
0.9615384 0.9230769 2
0.9615384 0.9230769 2
0.9615384 0.9230769 2
0.9615384 0.9230769 2
0.9615384 0.9230769 2
0.9615384 0.9230769 2
0.9615384 0.9230769 2
0.9615384 0.9230769 2
1 1.076923 2.2
1 1.076923 2.2
1.038462 1.307692 2.32
1 1.461538 2.32
0.8846154 1.538462 2.4
0.7307692 1.538462 2.44
0.4615385 1.538462 2.44
0.1538462 1.538462 2.36
-0.03846154 1.576923 2.16
-0.07692308 1.615385 1.96
-0.07692308 1.653846 1.8
-0.1538462 1.615385 1.72
-0.2692308 1.538462 1.64
-0.3461539 1.423077 1.64
-0.4230769 1.346154 1.56
-0.4230769 1.269231 1.48
-0.3846154 1.269231 1.4
-0.3846154 1.230769 1.32
-0.3846154 1.230769 1.28
-0.3846154 1.192308 1.24
-0.3846154 1.115385 1.24
-0.4230769 1 1.28
-0.4230769 0.8846154 1.32
-0.4230769 0.8076923 1.28
-0.5 0.7692308 1.2
-0.5384616 0.7692308 1.04
-0.6153846 0.8461539 0.92
-0.6538461 0.8461539 0.72
-0.7307692 0.7692308 0.6
-0.7307692 0.6538461 0.68
-0.7307692 0.5384616 0.88
-0.6923077 0.5 1.04
-0.6538461 0.4615385 1.04
-0.6153846 0.4615385 0.96
-0.5384616 0.5769231 0.84
-0.5 0.6538461 0.72
-0.5 0.6538461 0.52
-0.5 0.6153846 0.44
-0.4615385 0.5769231 0.4
-0.4615385 0.5 0.4
-0.3846154 0.4615385 0.44
-0.3076923 0.4230769 0.48
-0.2692308 0.3846154 0.48
-0.1923077 0.4230769 0.4
-0.1923077 0.4230769 0.28
-0.2307692 0.4230769 0.16
-0.2692308 0.3461539 0.12
-0.2307692 0.3076923 0.08
-0.2307692 0.2692308 0.08
-0.1538462 0.2307692 0.12
-0.07692308 0.1923077 0.16
0.03846154 0.1538462 0.16
0.1153846 0.1538462 0.16
0.1538462 0.1153846 0.16
0.1923077 0.07692308 0.16
0.1923077 0 0.16
0.2307692 -0.03846154 0.16
0.2307692 -0.07692308 0.2
0.2692308 -0.07692308 0.2
0.2692308 -0.03846154 0.16
0.3076923 0 0.16
0.3076923 0 0.12
0.3461539 -0.03846154 0.12
0.4230769 -0.1153846 0.24
0.5 -0.1923077 0.32
0.6153846 -0.1923077 0.4
0.6538461 -0.1923077 0.44
0.6153846 -0.1153846 0.4
0.5 -0.03846154 0.44
0.4230769 0 0.44
0.4230769 0 0.44
0.5 0 0.6
0.6153846 -0.03846154 0.76
0.6923077 -0.03846154 0.96
0.6923077 -0.03846154 1.04
0.6923077 0 1.08
0.6153846 0.07692308 1.04
0.4615385 0.2692308 1.16
0.5 0.2307692 1.48
0.5769231 0.1538462 1.8
0.6923077 0.1153846 2.04
0.7692308 0.07692308 2.08
0.8846154 0.1538462 2.04
0.8461539 0.2692308 1.88
0 0.3461539 2.04
0 0.3461539 2.04
-0.07692308 0.3076923 2.2
0.03846154 0.2692308 2.24
0.1538462 0.3076923 2.16
0.2692308 0.3846154 2.04
0.3076923 0.5384616 1.84
0.1153846 0.6538461 1.72
-0.3076923 0.6538461 1.72
-0.6923077 0.6153846 1.76
-0.8846154 0.5769231 1.8
-0.8461539 0.5 1.76
-0.6923077 0.4230769 1.68
-0.6153846 0.3846154 1.6
-0.5384616 0.3461539 1.32
-0.4615385 0.4230769 1.16
-0.3461539 0.5 1.08
-0.3846154 0.5769231 1
-0.5384616 0.5769231 1.04
-0.6153846 0.5384616 1.12
-0.5 0.4230769 1.2
-0.3846154 0.3846154 1.16
-0.3846154 0.3461539 1.08
-0.3461539 0.3461539 1
-0.3076923 0.3846154 0.92
-0.1923077 0.4230769 0.88
-0.07692308 0.4615385 0.88
0.03846154 0.4230769 0.92
0.1153846 0.4230769 0.88
0.1923077 0.4230769 0.92
