-1.307692 1.038462 1.52
-1.307692 1.038462 1.52
-1.307692 1.038462 1.52
-1.307692 1.038462 1.52
-1.307692 1.038462 1.52
-1.307692 1.038462 1.52
-1.307692 1.038462 1.52
-1.115385 1.230769 1.36
-1.115385 1.230769 1.36
-1.115385 1.230769 1.36
-0.9230769 1.384615 1.16
-0.6538461 1.461538 0.92
-0.6538461 1.461538 0.92
-0.6538461 1.461538 0.92
-0.4615385 1.538462 0.68
-0.1923077 1.538462 0.56
0.07692308 1.461538 0.52
0.4230769 1.384615 0.6
0.7692308 1.269231 0.68
1.115385 1.192308 0.76
1.384615 1.153846 0.76
1.692308 0.9615384 0.6
1.730769 0.8076923 0.56
1.730769 0.5 0.76
1.692308 0.3076923 0.92
1.461538 0.07692308 1.04
1.307692 0 1
1.192308 -0.07692308 0.92
1.038462 -0.1153846 0.84
0.9615384 -0.1538462 0.8
0.8846154 -0.1538462 0.84
0.8461539 -0.1538462 0.88
0.7692308 -0.1923077 1
0.6923077 -0.1538462 1.12
0.6153846 -0.1923077 1.2
0.5769231 -0.1923077 1.2
0.5384616 -0.2307692 1.2
0.5769231 -0.2307692 1.16
0.5769231 -0.2307692 1.16
0.6153846 -0.1923077 1.16
0.6923077 -0.1923077 1.12
