1384350322672 141396850357917 126227000000 0.153229 -1.225831 10.266337
1384350322785 141396962998298 126337000000 0.153229 -0.306458 9.806650
1384350322872 141397050370124 126447000000 2.911349 1.838747 10.266337
1384350322988 141397166458991 126557000000 4.443638 2.604892 10.419566
1384350323101 141397279190925 126667000000 4.596867 1.072602 10.113108
1384350323200 141397377854255 126777000000 2.911349 -7.201759 10.419566
1384350323312 141397490158942 126887000000 -0.306458 -9.653421 11.032481
1384350323436 141397614151862 126997000000 -0.612916 -1.685518 9.346964
1384350323535 141397712967780 127107000000 0.919373 -1.072602 9.959879
1384350323645 141397823655036 127217000000 1.072602 -0.612916 9.806650
1384350323767 141397945420173 127327000000 0.919373 -0.919373 9.500193
1384350323880 141398058457282 127437000000 0.919373 -0.612916 10.419566
1384350323977 141398155655768 127547000000 1.072602 -0.919373 10.266337
1384350324095 141398273606208 127657000000 0.766145 0.459687 9.346964
1384350324196 141398374253181 127767000000 0.306458 -0.153229 10.419566
