1384350326025 141400202744391 129597000000 0.919373 -0.306458 9.346964
1384350326136 141400313980964 129707000000 0.306458 0.000000 10.572795
1384350326251 141400429459479 129817000000 2.604892 1.838747 10.419566
1384350326366 141400544449714 129927000000 7.354988 5.516241 9.653421
1384350326479 141400657151130 130037000000 5.669470 1.685518 9.346964
1384350326592 141400769730475 130147000000 3.217807 -11.338940 11.798626
1384350326704 141400882126716 130257000000 -0.459687 -6.588843 10.266337
1384350326792 141400969712165 130367000000 -0.306458 -0.612916 9.806650
1384350326905 141401083115485 130477000000 0.612916 -0.306458 9.500193
1384350327018 141401196671393 130587000000 0.766145 0.153229 9.500193
1384350327130 141401308640388 130697000000 1.379060 -0.153229 10.113108
1384350327248 141401425919440 130807000000 2.451663 0.000000 9.346964
1384350327360 141401537949470 130917000000 0.459687 -2.911349 9.346964
