1384855087085 27830211666045 357320000000 1.225831 -1.379060 9.653421
1384855087198 27830324153837 357430000000 0.919373 -1.225831 10.113108
1384855087307 27830433406767 357540000000 1.379060 -3.064578 10.419566
1384855087422 27830548183379 357650000000 1.532289 -4.750096 10.419566
1384855087534 27830660060820 357760000000 3.524265 -3.371036 9.959879
1384855087647 27830772792753 357870000000 4.596867 -0.919373 8.887277
1384855087762 27830888149199 357980000000 3.677494 0.306458 9.653421
1384855087849 27830975124296 358090000000 3.983952 0.153229 9.959879
1384855087963 27831089137968 358200000000 3.830723 2.298434 10.726024
1384855088076 27831202083525 358310000000 2.911349 2.451663 10.419566
1384855088200 27831326229033 358420000000 1.838747 1.532289 10.266337
1384855088284 27831409816679 358530000000 1.072602 0.459687 9.806650
1384855088407 27831532955107 358640000000 0.766145 -0.153229 9.959879
1384855088518 27831644679961 358750000000 1.225831 0.766145 10.113108
1384855088633 27831759700713 358860000000 0.766145 0.766145 10.266337
1384855088748 27831874050078 358970000000 0.612916 0.000000 10.419566
1384855088859 27831985317168 359080000000 0.612916 0.612916 9.959879
1384855088950 27832076564726 359190000000 0.612916 0.766145 9.959879
1384855089076 27832202693876 359300000000 1.532289 0.612916 10.419566
1384855089190 27832315853056 359410000000 2.298434 1.225831 10.113108
1384855089304 27832430171904 359520000000 2.604892 0.612916 10.266337
1384855089403 27832529354033 359630000000 0.306458 -0.306458 10.419566
1384855089514 27832640193876 359740000000 0.306458 -0.766145 10.266337
1384855089612 27832737789091 359850000000 -1.991976 -3.064578 9.959879
1384855089734 27832859859404 359960000000 0.306458 0.153229 9.806650
1384855089832 27832958126005 360070000000 0.000000 1.225831 10.113108
1384855089954 27833079891142 360180000000 0.153229 1.225831 9.959879
1384855090067 27833193324980 360290000000 0.306458 1.838747 9.959879
1384855090155 27833280757841 360400000000 0.612916 1.379060 9.806650
1384855090277 27833403346953 360510000000 -0.153229 1.072602 10.419566
1384855090391 27833516780791 360620000000 0.153229 1.225831 10.113108
1384855090510 27833635829863 360730000000 0.000000 1.225831 10.113108
1384855090598 27833724086699 360840000000 0.306458 1.072602 9.959879
1384855090729 27833854824004 360950000000 0.000000 1.072602 9.806650
1384855090843 27833969020781 361060000000 0.000000 0.459687 10.113108
1384855090944 27834070461211 361170000000 -0.153229 0.612916 10.113108
1384855091041 27834166896757 361280000000 1.072602 1.532289 10.113108
1384855091164 27834290401396 361390000000 0.612916 1.225831 9.806650
1384855091278 27834403835234 361500000000 -0.766145 -0.459687 9.193734
1384855091366 27834492122587 361610000000 -0.766145 0.612916 10.266337
1384855091501 27834626735625 361720000000 0.459687 1.072602 9.959879
