1384510065350 35435225066835 650283000000 3.983952 -3.677494 8.734048
1384510065447 35435322356874 650393000000 3.983952 -3.064578 8.427590
1384510065559 35435434417421 650503000000 5.516241 1.838747 21.452047
1384510065670 35435545440370 650613000000 5.822699 -7.661446 19.000385
1384510065781 35435655914003 650723000000 6.588843 -7.967903 3.524265
1384510065893 35435767974550 650833000000 2.145205 1.225831 -4.750096
1384510066004 35435879058534 650943000000 3.524265 0.306458 -3.677494
1384510066128 35436003051454 651053000000 4.290410 1.685518 4.750096
1384510066213 35436088103944 651163000000 11.032481 -3.830723 24.669855
1384510066333 35436208343202 651273000000 5.209783 -0.459687 16.701952
1384510066448 35436323241884 651383000000 5.209783 1.379060 9.806650
1384510066560 35436434966737 651493000000 5.822699 0.306458 8.580819
1384510066659 35436533813173 651603000000 5.822699 0.612916 8.887277
1384510066781 35436656432802 651713000000 3.064578 4.137181 9.653421
1384510066881 35436755889589 651823000000 5.209783 0.306458 8.580819
1384510066989 35436863921815 651933000000 5.056554 -0.459687 8.427590
1384510067101 35436975921327 652043000000 5.363012 0.000000 8.427590
1384510067212 35437087249452 652153000000 5.822699 0.306458 9.040505
1384510067323 35437198363954 652263000000 5.516241 -0.306458 9.193734
1384510067435 35437309692079 652373000000 4.750096 -0.153229 8.734048
1384510067546 35437420989686 652483000000 6.129157 -0.766145 8.427590
