1384510082431 35452305938417 667373000000 2.911349 -2.758120 9.500193
1384510082554 35452429076845 667483000000 2.758120 -2.604892 9.193734
1384510082651 35452526488954 667593000000 3.830723 3.064578 18.234240
1384510082751 35452626586610 667703000000 4.443638 -7.354988 24.516626
1384510082870 35452745086366 667813000000 5.822699 -10.572795 3.983952
1384510082981 35452856597597 667923000000 1.532289 -0.766145 -5.056554
1384510083093 35452967773134 668033000000 2.298434 0.459687 -2.911349
1384510083204 35453078887636 668143000000 2.604892 -0.612916 0.306458
1384510083315 35453190307314 668253000000 8.121132 -5.056554 24.669855
1384510083435 35453309661561 668363000000 4.903325 -1.991976 19.766529
1384510083522 35453397491151 668473000000 3.830723 0.766145 10.419566
1384510083639 35453514465028 668583000000 4.903325 -1.072602 8.274362
1384510083752 35453627410585 668693000000 2.145205 -1.379060 7.508216
1384510083865 35453740234071 668803000000 3.830723 -1.991976 8.734048
1384510083964 35453839141542 668913000000 4.750096 -0.612916 9.193734
