1384351006604 142080781754401 810187000000 0.919373 -1.685518 10.266337
1384351006726 142080904404548 810297000000 1.379060 -1.225831 9.193734
1384351006839 142081017655280 810407000000 -1.379060 2.145205 17.774553
1384351006942 142081120591071 810517000000 5.516241 -7.508216 23.137566
1384351007046 142081224259284 810627000000 3.217807 -1.379060 -6.129157
1384351007156 142081334336188 810737000000 -3.217807 0.306458 0.919373
1384351007277 142081455674079 810847000000 -8.887277 -9.959879 12.411542
1384351007378 142081556198981 810957000000 3.524265 -2.604892 12.871228
1384351007502 142081680558112 811067000000 4.596867 6.588843 10.726024
1384351007601 142081778763679 811177000000 1.379060 -0.306458 0.153229
1384351007712 142081890305427 811287000000 -0.612916 -1.838747 3.524265
1384351007824 142082002701667 811397000000 1.072602 -6.435614 22.831108
1384351007935 142082112778571 811507000000 3.217807 -0.306458 13.024457
1384351008042 142082219864753 811617000000 7.661446 2.911349 9.193734
1384351008142 142082320298102 811727000000 0.000000 -15.629349 11.951855
1384351008260 142082437973884 811837000000 -0.612916 -3.064578 8.427590
1384351008370 142082547745612 811947000000 0.612916 -1.532289 10.419566
1384351008471 142082648789313 812057000000 1.225831 -1.225831 11.185710
1384351008597 142082775345710 812167000000 1.072602 -0.153229 9.500193
1384351008702 142082880600837 812277000000 1.532289 -0.919373 10.879252
