1384351009651 142083829300788 813237000000 1.379060 -1.379060 9.653421
1384351009775 142083953202155 813347000000 1.532289 -0.919373 9.500193
1384351009899 142084076798347 813457000000 3.524265 1.072602 29.879637
1384351009985 142084162827399 813567000000 2.911349 -6.282385 6.742072
1384351010089 142084267472175 813677000000 0.000000 -0.612916 -6.435614
1384351010219 142084396714118 813787000000 -9.806650 -4.137181 8.274362
1384351010319 142084496750739 813897000000 -0.766145 -5.516241 12.871228
1384351010419 142084597489265 814007000000 3.830723 3.217807 10.266337
1384351010546 142084724289802 814117000000 1.379060 2.604892 4.750096
1384351010657 142084834793952 814227000000 1.379060 -0.306458 -3.524265
1384351010760 142084938187507 814337000000 3.524265 -7.201759 22.677879
1384351010873 142085050980475 814447000000 0.459687 -2.604892 15.629349
1384351010989 142085167282966 814557000000 8.427590 3.677494 11.951855
1384351011109 142085286698249 814667000000 0.000000 -11.645397 9.959879
1384351011206 142085383866218 814777000000 -1.532289 -5.056554 8.580819
1384351011303 142085481217292 814887000000 1.225831 -1.685518 9.806650
1384351011424 142085602066901 814997000000 1.379060 -0.612916 9.959879
1384351011525 142085703598884 815107000000 -6.282385 -4.290410 7.048530
1384351011647 142085825028327 815217000000 -5.516241 -6.435614 8.274362
