1384351033248 142107426621345 836817000000 1.991976 -0.919373 9.959879
1384351033360 142107537796882 836927000000 2.298434 -0.919373 9.500193
1384351033460 142107638199714 837037000000 1.532289 0.153229 12.411542
1384351033570 142107747849372 837147000000 2.145205 1.379060 29.726408
1384351033668 142107846451667 837257000000 5.209783 -7.201759 3.983952
1384351033797 142107975449470 837367000000 -1.838747 0.612916 -3.983952
1384351033891 142108069016364 837477000000 -6.895301 -9.346964 9.193734
1384351034018 142108196061042 837587000000 5.669470 -1.225831 11.185710
1384351034120 142108298416999 837697000000 5.363012 10.113108 8.887277
1384351034219 142108397446540 837807000000 2.758120 2.451663 0.153229
1384351034329 142108507614997 837917000000 -0.459687 -3.830723 4.750096
1384351034474 142108651963142 838027000000 1.685518 -4.290410 23.903709
1384351034562 142108740281013 838137000000 5.975927 3.371036 13.790602
1384351034677 142108855057624 838247000000 4.137181 1.532289 6.588843
1384351034788 142108966416267 838357000000 -0.459687 -9.346964 12.717999
1384351034890 142109067765143 838467000000 -0.306458 -2.758120 8.427590
1384351034991 142109169052985 838577000000 0.766145 -0.153229 11.032481
1384351035119 142109297013190 838687000000 1.532289 -0.306458 10.726024
1384351035206 142109384598640 838797000000 0.612916 1.072602 10.419566
1384351035334 142109512009528 838907000000 1.838747 0.153229 10.419566
