1384351048525 142122702988532 852107000000 1.991976 -1.072602 9.653421
1384351048637 142122815506843 852217000000 1.838747 -0.766145 9.500193
1384351048758 142122935990241 852327000000 1.838747 0.153229 9.346964
1384351048869 142123047531989 852437000000 4.290410 -0.459687 29.113493
1384351048967 142123145371345 852547000000 5.669470 -9.500193 6.895301
1384351049079 142123257340339 852657000000 -1.685518 -6.895301 -5.209783
1384351049192 142123370560554 852767000000 -6.129157 -10.419566 11.032481
1384351049303 142123481644538 852877000000 5.516241 1.838747 9.959879
1384351049396 142123574479011 852987000000 3.677494 8.427590 5.516241
1384351049509 142123686753181 853097000000 3.217807 -0.459687 -1.991976
1384351049624 142123802231696 853207000000 1.685518 -2.298434 16.089035
1384351049735 142123912735847 853317000000 6.129157 -2.145205 18.234240
1384351049860 142124037918952 853427000000 7.201759 7.048530 9.806650
1384351049946 142124123978522 853537000000 2.145205 -12.411542 13.484144
1384351050058 142124235794929 853647000000 -1.685518 -5.363012 10.266337
1384351050169 142124347275642 853757000000 1.072602 -0.153229 10.266337
1384351050280 142124458481696 853867000000 1.685518 -0.459687 10.419566
1384351050391 142124569321540 853977000000 1.685518 0.153229 10.266337
1384351050518 142124695969489 854087000000 1.991976 0.306458 9.806650
1384351050617 142124795639899 854197000000 1.225831 0.459687 10.572795
