1384509872243 35242118346864 457183000000 -3.371036 1.532289 9.193734
1384509872355 35242230163270 457293000000 -2.911349 1.685518 9.193734
1384509872467 35242341979676 457403000000 0.612916 0.000000 3.524265
1384509872567 35242442107850 457513000000 5.209783 -2.298434 -3.983952
1384509872678 35242553191834 457623000000 14.250289 -1.838747 18.540699
1384509872798 35242673309022 457733000000 6.895301 2.145205 39.992744
1384509872909 35242784362489 457843000000 12.258313 -4.750096 12.411542
1384509873020 35242895263367 457953000000 2.758120 -13.484144 -7.048530
1384509873132 35243006866151 458063000000 -1.225831 -2.298434 2.911349
1384509873243 35243117797547 458173000000 -3.217807 1.532289 8.121132
1384509873354 35243229552918 458283000000 -3.830723 0.612916 8.734048
1384509873442 35243316924744 458393000000 -2.911349 -1.685518 7.354988
1384509873553 35243428130799 458503000000 -4.443638 0.000000 10.879252
1384509873666 35243540740662 458613000000 -3.677494 1.379060 8.887277
