1384509876447 35246322143250 461393000000 -2.758120 1.685518 9.653421
1384509876566 35246441039735 461503000000 -1.991976 0.919373 8.887277
1384509876684 35246559417420 461613000000 3.064578 -2.298434 -6.895301
1384509876787 35246661925965 461723000000 5.822699 -1.685518 7.048530
1384509876898 35246773132020 461833000000 13.943830 -3.064578 32.178070
1384509877009 35246884551698 461943000000 8.734048 -1.072602 24.669855
1384509877123 35246998138123 462053000000 8.580819 -10.726024 4.443638
1384509877225 35247100188905 462163000000 1.072602 -5.975927 -0.306458
1384509877334 35247209258729 462273000000 -2.758120 -1.072602 5.209783
1384509877445 35247320037537 462383000000 -3.217807 0.459687 8.580819
1384509877556 35247431335145 462493000000 -3.064578 1.225831 9.193734
1384509877668 35247543273621 462603000000 -3.524265 1.225831 9.653421
1384509877779 35247654418641 462713000000 -2.145205 1.838747 9.653421
1384509877874 35247749480897 462823000000 -2.145205 -1.225831 9.959879
1384509877993 35247868316346 462933000000 -3.524265 0.919373 9.500193
