1384509912095 35281970153504 497023000000 -1.685518 2.604892 9.193734
1384509912191 35282065643006 497133000000 -0.766145 2.911349 9.346964
1384509912302 35282177550965 497243000000 2.451663 2.451663 0.459687
1384509912423 35282298583680 497353000000 5.363012 -2.758120 -3.983952
1384509912533 35282408294373 497463000000 9.500193 -6.895301 17.314867
1384509912644 35282519530946 497573000000 13.484144 -1.225831 35.702335
1384509912730 35282605071717 497683000000 11.032481 -2.604892 19.000385
1384509912854 35282729552918 497793000000 7.814674 -8.734048 1.838747
1384509912969 35282843749695 497903000000 0.153229 -5.056554 -0.612916
1384509913080 35282955169373 498013000000 -2.451663 -0.459687 5.516241
1384509913192 35283067016297 498123000000 -3.217807 0.000000 9.193734
1384509913304 35283178802186 498233000000 -3.217807 0.000000 8.580819
1384509913415 35283290130311 498343000000 -3.064578 0.153229 9.959879
1384509913501 35283375701600 498453000000 -2.145205 0.306458 9.653421
1384509913613 35283487609559 498563000000 -3.217807 2.145205 10.879252
1384509913728 35283602752381 498673000000 -2.911349 0.919373 9.500193
