1384249627977 98868538986976 1632111000000 -7.354988 2.145205 5.669470
1384249628088 98868650376136 1632221000000 -7.967903 2.145205 5.669470
1384249628199 98868761521155 1632331000000 -7.508216 2.758120 5.516241
1384249628294 98868856400306 1632441000000 -7.967903 -2.604892 6.129157
1384249628406 98868968003089 1632551000000 -5.363012 -8.734048 9.346964
1384249628533 98869095475013 1632661000000 -1.685518 0.612916 8.121132
1384249628646 98869208390052 1632771000000 -1.072602 7.048530 9.346964
1384249628757 98869318955237 1632881000000 0.459687 2.298434 1.685518
1384249628868 98869430191810 1632991000000 2.911349 -0.612916 1.991976
1384249628954 98869516312415 1633101000000 9.500193 -8.734048 8.427590
1384249629065 98869627640540 1633211000000 15.169662 -13.330915 11.645397
1384249629176 98869738846595 1633321000000 8.121132 -4.750096 14.863204
1384249629288 98869850022132 1633431000000 3.064578 -4.137181 1.379060
1384249629398 98869960800940 1633541000000 10.879252 -6.435614 3.371036
1384249629511 98870072983558 1633651000000 7.967903 -5.669470 2.911349
1384249629624 98870186508948 1633761000000 5.209783 -6.742072 5.516241
