0.2692308 0.2692308 0.48
0.2692308 0.2692308 0.48
0.2692308 0.2692308 0.48
0.2307692 0.2307692 0.56
0.2307692 0.2307692 0.56
0.2307692 0.2307692 0.56
0.2307692 0.2307692 0.56
0.1153846 0.1923077 0.64
0.1153846 0.1923077 0.64
0.1153846 0.1923077 0.64
0.1153846 0.1923077 0.64
0.1153846 0.1923077 0.64
0.1153846 0.1923077 0.64
0.1153846 0.1923077 0.64
0.03846154 0.1153846 0.68
0 0.07692308 0.72
-0.03846154 0.03846154 0.76
-0.03846154 0.03846154 0.84
-0.03846154 0 0.88
-0.1153846 0 0.96
-0.1538462 -0.03846154 1
-0.2692308 -0.07692308 1.04
-0.3846154 -0.1538462 1.08
-0.4230769 -0.1923077 1.08
-0.5 -0.2307692 1.04
-0.5384616 -0.2692308 1.04
-0.5769231 -0.2692308 1
-0.6538461 -0.2692308 1
-0.6923077 -0.2692308 1
-0.7307692 -0.2692308 1.04
-0.8076923 -0.2692308 1.04
-0.8461539 -0.2692308 1.04
-0.8461539 -0.2307692 1.04
-0.8461539 -0.2307692 1.04
-0.8461539 -0.1538462 1.04
-0.8076923 -0.1153846 1.04
-0.7307692 -0.07692308 1.04
-0.7307692 0 1.04
-0.7307692 0 1.04
-0.7692308 0 1
-0.8076923 0 1.08
-0.8461539 0 1.16
-0.8076923 0.03846154 1.2
-0.7307692 0.1153846 1.16
-0.5769231 0.2307692 1.12
-0.3461539 0.3846154 1.04
-0.1538462 0.5384616 1
0.1153846 0.6538461 1
0.3461539 0.8076923 0.96
0.6153846 0.9615384 1
0.9615384 1.076923 1.04
1.230769 1.192308 1.12
1.461538 1.192308 1.2
1.538462 1.115385 1.2
1.538462 1.038462 1.2
1.423077 0.8461539 1.2
1.307692 0.7307692 1.2
1.153846 0.6153846 1.2
1.038462 0.5 1.16
0.9230769 0.3846154 1.12
0.8076923 0.3076923 1
0.7307692 0.2307692 0.96
0.6923077 0.1923077 0.88
0.6153846 0.1538462 0.84
0.5769231 0.1153846 0.84
0.5384616 0.1153846 0.84
0.5384616 0.1153846 0.84
0.5384616 0.1538462 0.84
0.5 0.1153846 0.8
0.5 0.1153846 0.8
0.5 0.07692308 0.8
0.5 0.07692308 0.76
0.5 0.07692308 0.72
0.5 0.07692308 0.64
0.4615385 0.07692308 0.64
