0.07692308 0.1153846 0.68
0.07692308 0.1153846 0.68
0.07692308 0.1153846 0.68
0.07692308 0.1153846 0.68
0.07692308 0.1153846 0.68
0.07692308 0.1153846 0.68
0.07692308 0.1153846 0.68
0.07692308 0.1153846 0.72
0.07692308 0.1153846 0.72
0.07692308 0.1153846 0.72
0.07692308 0.1153846 0.72
0.07692308 0.1153846 0.72
0.07692308 0.1153846 0.72
0.07692308 0.1153846 0.72
0.07692308 0.1153846 0.76
0.07692308 0.07692308 0.76
0.03846154 0.07692308 0.8
0 0.03846154 0.84
-0.03846154 0.03846154 0.92
-0.1538462 0 0.92
-0.2307692 -0.03846154 0.96
-0.3461539 -0.07692308 0.96
-0.4230769 -0.1153846 0.96
-0.5384616 -0.1923077 1
-0.5769231 -0.1923077 1.04
-0.6153846 -0.1923077 1.08
-0.6538461 -0.1923077 1.12
-0.7307692 -0.1923077 1.12
-0.8076923 -0.1538462 1.12
-0.8461539 -0.1538462 1.12
-0.8846154 -0.1538462 1.12
-0.9230769 -0.1538462 1.12
-0.9230769 -0.1153846 1.08
-0.9615384 -0.07692308 1.08
-1 -0.07692308 1.12
-1.076923 -0.1153846 1.12
-1.115385 -0.1538462 1.12
-1.153846 -0.1538462 1.16
-1.153846 -0.07692308 1.12
-1.076923 -0.03846154 1.08
-1 0.07692308 1.08
-0.8461539 0.1923077 1.04
-0.6538461 0.3461539 1
-0.03846154 0.6923077 0.92
0.3461539 0.8461539 0.96
0.6538461 1.038462 1.04
0.9615384 1.153846 1.12
1.230769 1.230769 1.16
1.5 1.269231 1.16
1.615385 1.230769 1.16
1.615385 1.115385 1.2
1.5 0.9615384 1.2
1.384615 0.8076923 1.16
1.230769 0.6538461 1.16
1.076923 0.5384616 1.08
0.9230769 0.3846154 1
0.7692308 0.2692308 0.92
0.6538461 0.1538462 0.88
0.5384616 0.1153846 0.84
0.5384616 0.07692308 0.8
