0 0 1.08
0 0 1.08
0 0 1.08
0 0 1.08
0 0 1.08
0 0 1.08
0 0 1.08
0 0 1.08
0 0 1.08
0 0 1.04
0 0 1.04
0 0 1.04
-0.03846154 0 1.04
-0.07692308 0 1.04
-0.07692308 0 1.04
-0.1153846 0 1
-0.1153846 0.03846154 0.96
-0.1538462 0.07692308 0.96
-0.1538462 0.1153846 0.92
-0.1538462 0.1153846 0.88
-0.1153846 0.1538462 0.84
-0.07692308 0.1538462 0.76
-0.1153846 0.1538462 0.72
-0.1153846 0.1923077 0.68
-0.1538462 0.1538462 0.68
-0.2307692 0.1538462 0.6
-0.2307692 0.1153846 0.56
-0.2307692 0.1153846 0.56
-0.2307692 0.07692308 0.56
-0.2692308 0.07692308 0.6
-0.2692308 0.07692308 0.6
-0.2307692 0.07692308 0.64
-0.2307692 0.07692308 0.68
-0.1538462 0.07692308 0.68
-0.1153846 0.07692308 0.72
-0.03846154 0.1153846 0.8
0.03846154 0.1538462 0.84
0.1153846 0.1538462 0.88
0.2307692 0.1923077 0.96
0.2692308 0.1923077 1
0.3461539 0.2692308 1.08
0.4615385 0.3076923 1.2
0.6153846 0.4230769 1.32
0.7307692 0.5 1.4
0.7692308 0.5384616 1.44
0.8461539 0.5769231 1.44
0.8461539 0.5769231 1.36
0.8846154 0.5384616 1.32
0.8461539 0.5384616 1.28
0.8076923 0.5 1.16
0.7692308 0.5 1.08
0.7307692 0.5 1
0.6923077 0.5 0.92
0.6923077 0.4615385 0.8
0.6153846 0.4615385 0.72
0.5769231 0.4615385 0.64
0.5 0.4615385 0.6
0.4615385 0.4615385 0.52
0.4230769 0.5 0.44
0.3846154 0.5 0.44
0.3846154 0.5384616 0.4
0.3846154 0.5769231 0.4
0.3461539 0.6153846 0.36
0.3461539 0.6538461 0.36
0.3461539 0.6923077 0.4
0.3846154 0.7307692 0.4
0.4230769 0.7692308 0.44
0.4230769 0.8076923 0.52
0.3846154 0.8461539 0.6
0.2692308 0.8461539 0.68
0.1153846 0.8461539 0.76
-0.03846154 0.8076923 0.84
-0.2307692 0.7692308 1
-0.3846154 0.6923077 1.16
-0.5 0.6153846 1.32
-0.5769231 0.5769231 1.44
-0.6153846 0.5769231 1.52
-0.6153846 0.5769231 1.6
-0.5769231 0.5769231 1.64
-0.5384616 0.5769231 1.68
-0.4615385 0.6153846 1.64
-0.4230769 0.6538461 1.56
-0.4230769 0.6923077 1.44
-0.3846154 0.6538461 1.32
-0.3461539 0.6538461 1.32
-0.3076923 0.6153846 1.36
-0.2692308 0.6153846 1.36
-0.2307692 0.5769231 1.32
-0.1923077 0.5769231 1.28
