0.07692308 0.4615385 0.84
0.07692308 0.4615385 0.84
0.07692308 0.4615385 0.84
0.07692308 0.4615385 0.84
0.07692308 0.4615385 0.84
0.07692308 0.4615385 0.84
0.07692308 0.4615385 0.84
0.07692308 0.4615385 0.84
0.07692308 0.4615385 0.84
0.1153846 0.4615385 0.84
0.1153846 0.4615385 0.84
0.1153846 0.4615385 0.84
0.1153846 0.4615385 0.84
0.1153846 0.4615385 0.84
0.1153846 0.4615385 0.84
0.1153846 0.4615385 0.84
0.1153846 0.4615385 0.88
0.1538462 0.4615385 0.88
0.1153846 0.4230769 0.92
0.1153846 0.4230769 0.92
0.1153846 0.4230769 0.96
0.1153846 0.3846154 1
0.1153846 0.3846154 1.04
0.1153846 0.3846154 1.12
0.1538462 0.3461539 1.2
0.1923077 0.3461539 1.28
0.2307692 0.3461539 1.36
0.2692308 0.3461539 1.4
0.2692308 0.3461539 1.52
0.3076923 0.3461539 1.64
0.3461539 0.3461539 1.84
0.3461539 0.3846154 2.04
0.3846154 0.4230769 2.24
0.4230769 0.4615385 2.44
0.5 0.5 2.64
0.5 0.5 2.8
0.4230769 0.5 2.96
0.5 0.6538461 3.04
0.6153846 0.8076923 3.24
0.7692308 1 3.4
0.8076923 1.230769 3.44
0.7692308 1.384615 3.4
0.6923077 1.576923 3.2
0.5384616 1.730769 2.96
0.4615385 1.846154 2.76
0.3461539 1.923077 2.52
0.2692308 1.961538 2.32
0.1538462 2.038461 2.04
0.07692308 2.038461 1.76
-0.03846154 2.076923 1.48
-0.1153846 2.038461 1.2
-0.1923077 1.961538 0.92
-0.2692308 1.884615 0.64
-0.3076923 1.769231 0.36
-0.3461539 1.653846 0.04
-0.3461539 1.461538 -0.24
-0.3461539 1.269231 -0.48
-0.3461539 1.076923 -0.56
-0.3076923 0.9230769 -0.6
-0.2692308 0.8461539 -0.68
-0.2307692 0.7307692 -0.72
-0.1538462 0.6923077 -0.68
-0.1153846 0.6153846 -0.64
-0.07692308 0.5769231 -0.64
-0.07692308 0.5384616 -0.64
-0.07692308 0.4230769 -0.64
-0.03846154 0.3461539 -0.72
-0.03846154 0.2692308 -0.76
-0.03846154 0.1923077 -0.76
-0.07692308 0.1153846 -0.64
-0.03846154 0.03846154 -0.52
0 -0.03846154 -0.44
0.03846154 -0.07692308 -0.44
0.07692308 -0.1538462 -0.44
0.1153846 -0.2307692 -0.48
0.1153846 -0.3461539 -0.48
0.1153846 -0.4230769 -0.48
0.1153846 -0.4615385 -0.48
