0.03846154 0.5769231 0.88
0.03846154 0.5769231 0.88
0.03846154 0.5769231 0.88
0.03846154 0.5769231 0.88
0.03846154 0.5769231 0.88
0.03846154 0.5769231 0.88
0.03846154 0.5769231 0.92
0.03846154 0.5769231 0.92
0.03846154 0.5769231 0.92
0.03846154 0.5769231 0.92
0.03846154 0.5769231 0.92
0.03846154 0.5769231 0.92
0.03846154 0.5769231 0.92
0.03846154 0.5769231 0.92
0.03846154 0.5769231 0.96
0.03846154 0.5769231 0.96
0.07692308 0.5769231 1.04
0.07692308 0.5769231 1.12
0.1153846 0.5769231 1.2
0.1153846 0.5769231 1.24
0.1153846 0.5384616 1.32
0.1153846 0.5 1.36
0.1538462 0.5384616 1.44
0.1923077 0.5384616 1.52
0.1923077 0.5384616 1.68
0.1923077 0.5384616 1.88
0.1153846 0.5384616 2.08
0.03846154 0.7307692 2.64
0.07692308 0.8461539 2.72
0.1153846 0.9230769 2.68
0.1153846 1.076923 2.64
0.1153846 1.192308 2.56
0.1538462 1.307692 2.52
0.1153846 1.384615 2.44
0.07692308 1.461538 2.36
0.03846154 1.5 2.28
-0.03846154 1.576923 2.24
-0.07692308 1.615385 2.16
-0.1153846 1.653846 2.08
-0.1153846 1.692308 2
-0.1538462 1.730769 1.88
-0.1923077 1.730769 1.8
-0.2307692 1.769231 1.68
-0.2307692 1.807692 1.56
-0.1538462 1.807692 1.36
-0.1153846 1.769231 1.12
-0.1538462 1.692308 0.8
-0.1538462 1.576923 0.48
-0.2307692 1.461538 0.28
-0.2307692 1.307692 0.16
-0.2692308 1.192308 0.08
-0.2307692 1.153846 -0.08
-0.1538462 1.115385 -0.32
