0.3076923 0.1153846 0.96
0.3076923 0.1153846 0.96
0.3076923 0.1153846 0.96
0.3076923 0.1153846 0.96
0.3076923 0.1153846 0.96
0.3461539 0.1538462 1.04
0.3461539 0.1538462 1.04
0.3461539 0.1538462 1.04
0.3461539 0.1538462 1.04
0.3461539 0.1923077 1.16
0.3461539 0.1923077 1.16
0.3461539 0.1923077 1.16
0.3461539 0.1923077 1.16
0.3461539 0.2307692 1.28
0.3461539 0.2307692 1.28
0.3076923 0.2307692 1.44
0.2692308 0.2307692 1.56
0.1153846 0.2307692 1.64
0 0.1923077 1.68
-0.1923077 0.1923077 1.72
-0.3846154 0.1153846 1.8
-0.5769231 0.07692308 1.96
-0.8076923 0.03846154 2.12
-1 0 2.32
-1.153846 0 2.48
-1.269231 0 2.52
-1.346154 0.07692308 2.52
-1.423077 0.1923077 2.44
-1.461538 0.2692308 2.28
-1.5 0.4230769 2.12
-1.5 0.5 1.96
-1.461538 0.6153846 1.8
-1.423077 0.6923077 1.64
-1.384615 0.7307692 1.48
-1.346154 0.8076923 1.32
-1.384615 0.8076923 1.24
-1.384615 0.8076923 1.12
-1.384615 0.8461539 0.96
-1.346154 0.8461539 0.84
-1.307692 0.9230769 0.76
-1.269231 0.9615384 0.68
-1.192308 0.9615384 0.6
-1.076923 1 0.48
-1 0.9615384 0.28
-0.9230769 0.9230769 0.16
-0.8461539 0.8846154 0
-0.8076923 0.8461539 -0.12
-0.7307692 0.8076923 -0.2
-0.6538461 0.7692308 -0.32
-0.6153846 0.7307692 -0.4
-0.5384616 0.6923077 -0.44
-0.4230769 0.6923077 -0.48
-0.3461539 0.6923077 -0.48
-0.2307692 0.7307692 -0.52
-0.1153846 0.6923077 -0.48
-0.03846154 0.6538461 -0.48
0 0.6153846 -0.48
0.03846154 0.5769231 -0.44
0.07692308 0.5769231 -0.48
0.1153846 0.5384616 -0.48
0.1923077 0.5384616 -0.52
0.2307692 0.5384616 -0.52
0.3076923 0.5769231 -0.48
0.3461539 0.5769231 -0.44
0.3846154 0.6153846 -0.44
0.3461539 0.6153846 -0.4
0.3461539 0.6538461 -0.36
0.3461539 0.6538461 -0.28
0.3461539 0.7307692 -0.12
0.3846154 0.8076923 0.04
0.4230769 0.8846154 0.24
0.4615385 0.9615384 0.4
0.5 1.038462 0.6
0.5 1.076923 0.76
0.5384616 1.115385 0.92
0.6153846 1.153846 1.08
0.6153846 1.192308 1.28
0.6153846 1.269231 1.44
0.5769231 1.269231 1.56
0.5769231 1.307692 1.8
0.6153846 1.307692 2
0.6538461 1.346154 2.24
0.6923077 1.346154 2.44
0.6923077 1.346154 2.56
0.6538461 1.346154 2.68
0.5769231 1.307692 2.76
0.4615385 1.269231 2.84
0.3461539 1.230769 2.92
0.1923077 1.230769 2.96
0.03846154 1.192308 2.96
-0.1153846 1.153846 2.92
-0.2692308 1.230769 2.88
-0.4615385 1.230769 2.84
-0.7307692 1.230769 2.76
-1.038462 1.153846 2.76
-1.346154 1.076923 2.76
-1.538462 1 2.72
-1.653846 1 2.6
-1.692308 1 2.52
-1.769231 1 2.44
-1.884615 1 2.36
-2 0.9615384 2.24
-2.153846 0.9230769 2.04
-2.307692 0.9230769 1.84
-2.423077 0.8461539 1.64
-2.461539 0.8461539 1.48
-2.423077 0.8076923 1.36
-2.346154 0.8461539 1.24
-2.192308 0.8846154 1.2
-2 0.9615384 1.12
-1.769231 1 1
-1.538462 1.038462 0.88
-1.384615 1 0.76
-1.230769 1 0.6
-1.115385 0.9230769 0.48
-1 0.8461539 0.4
-0.8846154 0.8076923 0.36
-0.7692308 0.7307692 0.36
