0.4615385 0.5769231 0.48
0.4615385 0.5769231 0.48
0.4615385 0.5769231 0.48
0.4615385 0.5769231 0.48
0.4615385 0.5769231 0.48
0.4615385 0.5384616 0.44
0.4615385 0.5384616 0.44
0.4615385 0.5 0.44
0.4615385 0.5 0.44
0.4615385 0.5 0.44
0.4615385 0.5 0.44
0.4615385 0.5 0.44
0.4615385 0.5 0.44
0.4230769 0.4230769 0.4
0.4230769 0.4230769 0.4
0.4230769 0.3846154 0.4
0.4230769 0.3461539 0.4
0.3846154 0.2692308 0.4
0.3461539 0.2692308 0.44
0.3846154 0.2307692 0.44
0.4230769 0.1923077 0.44
0.4615385 0.1923077 0.44
0.5 0.1538462 0.48
0.5384616 0.1538462 0.48
0.6153846 0.1923077 0.44
0.6923077 0.2307692 0.44
0.8076923 0.2692308 0.44
0.9230769 0.3461539 0.52
1.038462 0.4230769 0.6
1.153846 0.5 0.64
1.230769 0.5769231 0.72
1.269231 0.6153846 0.76
1.346154 0.6923077 0.76
1.384615 0.7692308 0.76
1.423077 0.8076923 0.76
1.461538 0.8846154 0.8
1.5 0.9615384 0.84
1.461538 1 0.84
1.423077 1.076923 0.84
1.346154 1.115385 0.8
1.269231 1.192308 0.76
1.153846 1.269231 0.68
0.9615384 1.346154 0.64
0.7692308 1.423077 0.6
0.5 1.461538 0.68
0.1153846 1.461538 0.84
-0.2692308 1.423077 1
-0.5769231 1.307692 1.2
-0.8846154 1.153846 1.32
-1.115385 0.9615384 1.4
-1.230769 0.8076923 1.4
-1.346154 0.6538461 1.4
-1.384615 0.5769231 1.44
-1.423077 0.4615385 1.48
-1.461538 0.3846154 1.48
-1.5 0.3076923 1.48
-1.5 0.2307692 1.44
-1.423077 0.1538462 1.36
-1.384615 0.1538462 1.28
-1.346154 0.1153846 1.2
-1.269231 0.07692308 1.12
-1.269231 0.07692308 1.12
-1.230769 0.03846154 1.08
-1.192308 0.03846154 1
-1.076923 0.03846154 0.92
-0.8461539 0 0.84
-0.7692308 0 0.84
-0.6923077 -0.07692308 0.84
-0.6153846 -0.1153846 0.84
