-0.03846154 0 0.48
-0.07692308 0.03846154 0.48
-0.07692308 0.03846154 0.48
-0.07692308 0.03846154 0.48
-0.1923077 0.03846154 0.52
-0.1923077 0.03846154 0.52
-0.2692308 0.03846154 0.56
-0.2692308 0.03846154 0.56
-0.2692308 0.03846154 0.56
-0.2692308 0.03846154 0.56
-0.2692308 0.03846154 0.56
-0.2692308 0.03846154 0.56
-0.2692308 0.03846154 0.56
-0.3461539 0.07692308 0.6
-0.3461539 0.07692308 0.6
-0.3461539 0.07692308 0.6
-0.3461539 0.07692308 0.6
-0.4230769 0.07692308 0.68
-0.5384616 0.07692308 0.76
-0.6538461 0.1153846 0.92
-0.7307692 0.1538462 1.04
-0.7692308 0.1538462 1.2
-0.7692308 0.2307692 1.36
-0.7692308 0.2692308 1.56
-0.6923077 0.3461539 1.68
-0.5769231 0.4230769 1.8
-0.4615385 0.4615385 1.92
-0.3076923 0.5 2.08
-0.1538462 0.5384616 2.24
0 0.6153846 2.4
0.1538462 0.6923077 2.52
0.3461539 0.8076923 2.6
0.7692308 1.076923 2.8
0.9615384 1.192308 2.84
1.115385 1.307692 2.84
1.269231 1.423077 2.72
1.384615 1.5 2.56
1.423077 1.576923 2.36
1.461538 1.653846 2.24
1.461538 1.730769 2.12
1.423077 1.769231 2
1.384615 1.769231 1.88
1.307692 1.846154 1.8
1.230769 1.884615 1.64
1.153846 1.923077 1.52
1.115385 1.961538 1.36
1.076923 1.961538 1.16
1.038462 2 0.96
1.038462 2 0.76
1 2 0.56
0.9615384 1.961538 0.32
0.8846154 1.923077 0.12
0.8076923 1.884615 -0.04
0.6923077 1.807692 -0.2
0.6153846 1.730769 -0.28
0.5384616 1.615385 -0.36
0.4230769 1.538462 -0.4
0.3461539 1.538462 -0.4
0.2692308 1.384615 -0.48
0.2307692 1.346154 -0.48
0.1153846 1.269231 -0.48
0 1.192308 -0.48
-0.1153846 1.153846 -0.48
-0.2307692 1.115385 -0.48
-0.3461539 1.076923 -0.52
-0.4230769 1 -0.52
-0.5384616 0.8846154 -0.52
-0.6153846 0.8076923 -0.48
-0.6538461 0.7692308 -0.48
-0.6538461 0.8076923 -0.44
-0.6923077 0.8461539 -0.32
-0.7692308 0.8076923 -0.28
-0.8461539 0.7692308 -0.2
-1 0.6923077 -0.08
-1.269231 0.6153846 0.04
-1.538462 0.5 0.12
-1.769231 0.3846154 0.24
-1.961538 0.3461539 0.32
-2.076923 0.2692308 0.44
-2.153846 0.2692308 0.6
-2.153846 0.2692308 0.84
-2.115385 0.3076923 1.16
-2.076923 0.3076923 1.48
-2 0.3461539 1.76
-1.923077 0.3461539 2
-1.846154 0.3461539 2.24
-1.730769 0.3846154 2.36
-1.538462 0.4230769 2.44
-1.307692 0.5 2.48
-1.076923 0.5769231 2.44
-0.8076923 0.6923077 2.36
-0.5384616 0.8461539 2.36
-0.2307692 1 2.32
0.1153846 1 2.28
0.3461539 1 2.24
0.4615385 1 2.16
0.6153846 1.038462 2.04
0.7307692 1 1.92
0.8846154 1 1.76
1 1 1.68
1.115385 1 1.64
1.269231 1 1.56
1.346154 1 1.52
1.346154 1 1.48
1.307692 0.9230769 1.4
1.192308 0.8846154 1.32
1.076923 0.8076923 1.24
1 0.7692308 1.16
0.9230769 0.6923077 1.08
