1384354819723 145248126145261 526464000000 5.056554 -1.072602 8.734048
1384354819822 145248225510495 526574000000 4.903325 -0.766145 8.887277
1384354819934 145248336808103 526684000000 5.363012 0.919373 15.322891
1384354820047 145248450455563 526794000000 12.411542 2.604892 22.371420
1384354820158 145248561020749 526904000000 10.113108 -0.612916 10.266337
1384354820271 145248673783200 527014000000 7.048530 2.298434 3.524265
1384354820387 145248790268796 527124000000 3.064578 1.991976 -1.072602
1384354820498 145248900833981 527234000000 -1.838747 -4.137181 -2.911349
1384354820609 145249012589352 527344000000 -0.306458 -6.435614 -1.225831
1384354820720 145249123337643 527454000000 7.814674 -8.121132 7.048530
1384354820832 145249235306638 527564000000 15.169662 -8.734048 15.169662
1384354820919 145249322159665 527674000000 14.863204 0.919373 19.306843
1384354821030 145249432755368 527784000000 10.266337 2.145205 10.572795
1384354821153 145249556565183 527894000000 7.048530 -0.612916 7.508216
1384354821264 145249667099851 528004000000 6.129157 -1.072602 7.814674
1384354821376 145249778977292 528114000000 5.975927 -1.532289 8.274362
1384354821489 145249892166989 528224000000 5.975927 -1.838747 8.274362
1384354821601 145250004074948 528334000000 5.516241 -1.379060 8.580819
1384354821707 145250110062497 528444000000 5.056554 -1.685518 8.427590
