1384351173529 142247707535651 977107000000 4.596867 -2.451663 8.734048
1384351173641 142247818985847 977217000000 4.596867 -2.451663 8.887277
1384351173752 142247930008796 977327000000 4.290410 -2.758120 8.121132
1384351173863 142248041245368 977437000000 3.677494 -2.451663 8.121132
1384351173984 142248162217048 977547000000 5.975927 0.919373 19.460072
1384351174071 142248248764899 977657000000 13.330915 -11.185710 20.685904
1384351174184 142248362381843 977767000000 5.975927 -6.895301 -3.983952
1384351174306 142248483811286 977877000000 2.911349 1.379060 1.532289
1384351174417 142248595017341 977987000000 5.363012 3.983952 11.492168
1384351174528 142248706131843 978097000000 2.604892 1.532289 8.274362
1384351174639 142248816758063 978207000000 -3.064578 -10.266337 9.193734
1384351174750 142248928696540 978317000000 -3.217807 -2.604892 10.879252
1384351174848 142249026078132 978427000000 -2.451663 0.000000 9.806650
1384351174962 142249139695075 978537000000 -1.838747 0.459687 10.113108
1384351175070 142249247971442 978647000000 -1.225831 0.766145 9.806650
1384351175181 142249359360602 978757000000 1.532289 0.153229 3.983952
1384351175299 142249477036384 978867000000 -2.145205 2.145205 8.887277
1384351175400 142249577988532 978977000000 0.000000 1.685518 9.653421
