1384356350436 146778839218991 2057264000000 -1.532289 2.145205 9.653421
1384356350530 146778933060544 2057374000000 -1.072602 1.991976 9.806650
1384356350642 146779044968503 2057484000000 -1.072602 1.685518 9.959879
1384356350759 146779162522214 2057594000000 -1.072602 2.758120 10.726024
1384356350876 146779279160397 2057704000000 -1.225831 2.145205 9.653421
1384356350986 146779389206784 2057814000000 -0.153229 3.677494 8.734048
1384356351096 146779499588864 2057924000000 0.306458 5.056554 9.806650
1384356351208 146779611283200 2058034000000 0.612916 2.298434 10.113108
1384356351328 146779731369870 2058144000000 0.000000 -0.919373 7.814674
1384356351415 146779818375485 2058254000000 -1.379060 -5.822699 6.742072
1384356351526 146779929489987 2058364000000 -1.072602 -10.113108 10.113108
1384356351656 146780059372800 2058474000000 -0.306458 -8.734048 10.419566
1384356351752 146780155442136 2058584000000 1.685518 -4.903325 8.887277
1384356351864 146780267105954 2058694000000 2.911349 0.000000 10.113108
1384356351958 146780361588376 2058804000000 3.217807 3.217807 9.806650
1384356352075 146780478135007 2058914000000 4.137181 1.838747 7.814674
1384356352187 146780590134518 2059024000000 7.661446 2.451663 7.967903
1384356352309 146780711747067 2059134000000 11.185710 2.604892 9.500193
1384356352401 146780803666013 2059244000000 13.790602 -6.742072 9.806650
1384356352512 146780915085690 2059354000000 8.274362 -7.048530 8.121132
1384356352635 146781038498776 2059464000000 6.895301 -2.298434 7.048530
1384356352743 146781146225827 2059574000000 7.201759 -0.612916 7.201759
1384356352856 146781259201901 2059684000000 6.435614 -0.306458 7.201759
1384356352967 146781370621579 2059794000000 6.435614 -0.459687 6.895301
1384356353078 146781480790036 2059904000000 6.435614 -1.532289 7.967903
1384356353175 146781577652829 2060014000000 6.129157 -0.153229 7.661446
1384356353299 146781702103513 2060124000000 7.201759 -2.911349 7.661446
