1384356413316 146841719254392 2120144000000 -1.991976 3.371036 9.040505
1384356413416 146841819107907 2120254000000 -1.991976 2.758120 9.193734
1384356413543 146841945877927 2120364000000 -0.612916 4.903325 8.887277
1384356413633 146842036423581 2120474000000 -0.153229 7.814674 9.040505
1384356413745 146842148331540 2120584000000 1.225831 7.354988 9.346964
1384356413857 146842260361569 2120694000000 1.379060 0.459687 5.975927
1384356413978 146842381333249 2120804000000 0.919373 -7.814674 2.604892
1384356414081 146842484299557 2120914000000 1.072602 -10.572795 5.056554
1384356414203 146842605790036 2121024000000 2.758120 -12.871228 8.274362
1384356414300 146842703415769 2121134000000 5.516241 -12.871228 10.266337
1384356414423 146842825730222 2121244000000 8.121132 -4.903325 9.959879
1384356414520 146842922806638 2121354000000 8.580819 0.153229 7.508216
1384356414643 146843045670407 2121464000000 8.121132 2.758120 7.354988
1384356414741 146843143753903 2121574000000 8.887277 1.072602 7.048530
1384356414863 146843265885251 2121684000000 11.645397 -1.532289 7.814674
1384356414962 146843364640134 2121794000000 11.951855 -3.524265 8.121132
1384356415064 146843467087643 2121904000000 10.113108 -3.677494 5.975927
1384356415186 146843588883298 2122014000000 9.653421 -1.991976 5.209783
1384356415298 146843701126950 2122124000000 7.354988 -0.766145 5.516241
1384356415414 146843816971677 2122234000000 6.588843 -0.459687 6.129157
1384356415511 146843914505857 2122344000000 6.435614 -0.153229 7.201759
1384356415614 146844016953366 2122454000000 6.435614 -0.153229 7.201759
1384356415740 146844143235104 2122564000000 6.588843 -0.459687 7.201759
1384356415840 146844243485349 2122674000000 6.435614 0.000000 8.734048
