1387383507703 599791723067190 2384706000000 1.225831 -1.838747 9.500193
1387383507813 599791832655813 2384816000000 1.225831 -1.685518 9.959879
1387383507911 599791930922415 2384926000000 2.298434 -1.379060 24.516626
1387383508020 599792039961721 2385036000000 1.532289 -3.830723 13.637373
1387383508146 599792166304495 2385146000000 0.306458 -0.919373 -0.766145
1387383508246 599792266554739 2385256000000 -7.508216 -2.451663 -2.145205
1387383508360 599792380232717 2385366000000 -8.887277 -6.742072 5.975927
1387383508471 599792491499807 2385476000000 -2.298434 5.669470 9.500193
1387383508594 599792614119436 2385586000000 1.225831 3.217807 4.596867
1387383508705 599792724715139 2385696000000 -1.838747 -2.145205 2.298434
1387383508800 599792820204641 2385806000000 -1.838747 -2.604892 18.081011
1387383508911 599792931532766 2385916000000 2.298434 1.532289 14.556746
1387383509023 599793042830374 2386026000000 2.145205 -0.612916 10.113108
1387383509134 599793153761770 2386136000000 -0.306458 -10.113108 10.419566
1387383509245 599793265242483 2386246000000 -0.766145 -5.975927 7.967903
1387383509343 599793362929250 2386356000000 -0.306458 -2.604892 8.734048
1387383509454 599793473952200 2386466000000 0.153229 -2.604892 9.653421
1387383509565 599793585188772 2386576000000 0.306458 -2.604892 9.806650
1387383509676 599793696516897 2386686000000 0.153229 -2.451663 9.653421
1387383509787 599793807478811 2386796000000 -0.766145 -2.451663 9.500193
1387383509899 599793918867971 2386906000000 0.612916 -3.371036 9.653421
1387383510022 599794041670706 2387016000000 0.459687 -3.217807 9.346964
