1384855553354 28296480556425 823570000000 7.048530 -4.596867 6.129157
1384855553442 28296568172392 823680000000 7.048530 -4.750096 5.822699
1384855553555 28296681575713 823790000000 7.201759 -3.524265 5.363012
1384855553670 28296796291289 823900000000 14.403518 7.661446 3.524265
1384855553783 28296909633574 824010000000 22.064962 -13.943830 6.129157
1384855553899 28297024806914 824120000000 21.758505 -15.782578 -5.056554
1384855554006 28297131923613 824230000000 16.395493 -9.346964 -11.645397
1384855554102 28297227840361 824340000000 10.726024 -0.919373 -7.661446
1384855554226 28297352504668 824450000000 5.516241 2.145205 -1.685518
1384855554339 28297464900908 824560000000 3.371036 4.290410 0.459687
1384855554473 28297598781523 824670000000 7.814674 0.919373 3.524265
1384855554560 28297686092314 824780000000 15.476120 -7.508216 8.121132
1384855554674 28297800075468 824890000000 17.314867 -5.363012 11.492168
1384855554775 28297900997099 825000000000 11.645397 -10.419566 9.806650
1384855554889 28298014736113 825110000000 6.129157 -11.338940 7.967903
1384855555002 28298128322539 825220000000 7.048530 -7.967903 5.056554
1384855555091 28298216884550 825330000000 7.814674 -2.758120 4.596867
1384855555205 28298330928740 825440000000 6.895301 -5.209783 4.596867
1384855555319 28298445278105 825550000000 7.508216 -5.363012 5.822699
1384855555432 28298558559355 825660000000 10.726024 -9.193734 5.516241
1384855555532 28298658534941 825770000000 7.967903 -2.298434 5.516241
1384855555676 28298801753935 825880000000 7.354988 -4.750096 5.209783
