1384186755072 79653362099112 2153742000000 1.991976 -1.838747 8.274362
1384186755184 79653473854483 2153852000000 1.838747 -1.685518 10.726024
1384186755295 79653585091055 2153962000000 0.612916 -1.379060 15.782578
1384186755407 79653696419180 2154072000000 3.217807 -0.306458 20.532675
1384186755504 79653793526114 2154182000000 3.830723 -1.072602 11.185710
1384186755615 79653904213370 2154292000000 2.604892 -1.991976 -5.363012
1384186755726 79654015510977 2154402000000 -8.580819 -3.217807 5.056554
1384186755837 79654126900137 2154512000000 -6.588843 -5.516241 10.266337
1384186755946 79654235573233 2154622000000 -1.532289 7.967903 10.266337
1384186756057 79654346779288 2154732000000 -1.532289 4.903325 5.363012
1384186756168 79654457985342 2154842000000 -0.612916 -0.766145 1.532289
1384186756280 79654569374503 2154952000000 1.225831 -1.685518 5.822699
1384186756391 79654680580557 2155062000000 2.145205 -2.298434 22.064962
1384186756501 79654791084708 2155172000000 4.596867 -1.838747 13.330915
1384186756613 79654902962149 2155282000000 6.742072 1.379060 8.734048
1384186756725 79655014259756 2155392000000 5.363012 -0.919373 9.346964
1384186756836 79655125587882 2155502000000 -0.459687 -9.346964 8.734048
1384186756947 79655236793936 2155612000000 -1.991976 -4.750096 8.580819
1384186757058 79655348122061 2155722000000 -0.766145 -2.604892 9.500193
1384186757171 79655460548819 2155832000000 -0.459687 -1.532289 9.959879
1384186757282 79655571846427 2155942000000 -0.306458 -1.685518 9.806650
1384186757393 79655683021964 2156052000000 0.000000 -1.225831 10.266337
1384186757505 79655794258536 2156162000000 0.000000 -0.766145 10.113108
1384186757591 79655880531729 2156272000000 0.612916 0.919373 10.572795
1384186757702 79655991768301 2156382000000 -0.153229 -1.991976 9.806650
