1384186785355 79683644295157 2184022000000 1.072602 -1.532289 9.040505
1384186785458 79683747719229 2184132000000 1.072602 -1.685518 9.193734
1384186785569 79683858925284 2184242000000 -0.766145 -1.532289 14.403518
1384186785681 79683970253409 2184352000000 -1.072602 -0.919373 24.823084
1384186785793 79684082863272 2184462000000 3.677494 -2.298434 5.363012
1384186785903 79684192207755 2184572000000 -4.137181 -0.919373 -0.919373
1384186786016 79684305244864 2184682000000 -8.580819 -5.363012 7.048530
1384186786127 79684416420401 2184792000000 -3.064578 0.459687 7.201759
1384186786239 79684528908194 2184902000000 -1.532289 9.959879 7.201759
1384186786350 79684640144766 2185012000000 -0.919373 1.379060 2.298434
1384186786462 79684751472891 2185122000000 0.153229 -2.451663 4.290410
1384186786597 79684886330069 2185232000000 1.379060 0.766145 16.089035
1384186786683 79684972206534 2185342000000 4.596867 4.903325 20.532675
1384186786794 79685083900870 2185452000000 6.282385 3.064578 10.266337
1384186786880 79685170021475 2185562000000 4.596867 -2.298434 7.814674
1384186786992 79685281380118 2185672000000 -0.612916 -10.572795 9.500193
1384186787103 79685392219962 2185782000000 -0.153229 -4.596867 10.419566
1384186787213 79685503029288 2185892000000 0.153229 -1.685518 9.806650
1384186787325 79685614937247 2186002000000 -0.153229 -0.612916 9.040505
1384186787451 79685741188467 2186112000000 0.306458 -0.919373 9.346964
1384186787562 79685852119864 2186222000000 0.000000 -0.306458 9.653421
1384186787674 79685964027823 2186332000000 0.153229 -1.072602 9.806650
1384186787785 79686074928702 2186442000000 1.072602 -0.919373 9.959879
1384186787877 79686166237296 2186552000000 0.919373 -0.612916 10.266337
