1384186800799 79699089088858 2199472000000 1.379060 -1.225831 9.346964
1384186800911 79699200294913 2199582000000 1.225831 -1.225831 9.040505
1384186801022 79699311439932 2199692000000 0.612916 -2.298434 11.338940
1384186801132 79699422127188 2199802000000 0.766145 -1.685518 21.452047
1384186801244 79699533943594 2199912000000 2.758120 -0.306458 16.855181
1384186801355 79699645119132 2200022000000 1.225831 -2.604892 0.919373
1384186801467 79699756386221 2200132000000 -7.201759 -3.983952 -0.459687
1384186801578 79699867714346 2200242000000 -7.201759 -7.048530 6.742072
1384186801689 79699978889884 2200352000000 -0.766145 5.363012 8.121132
1384186801801 79700090370596 2200462000000 -1.838747 7.661446 6.742072
1384186801912 79700201515616 2200572000000 0.459687 -0.153229 1.225831
1384186802011 79700300514639 2200682000000 -1.225831 -2.758120 7.201759
1384186802122 79700411446036 2200792000000 1.991976 0.766145 19.306843
1384186802232 79700522041739 2200902000000 5.363012 2.145205 16.701952
1384186802344 79700634041251 2201012000000 7.201759 0.153229 6.742072
1384186802456 79700745216788 2201122000000 3.830723 -6.742072 5.056554
1384186802567 79700856422842 2201232000000 1.072602 -11.951855 11.338940
1384186802667 79700956459464 2201342000000 0.459687 -2.911349 8.734048
1384186802781 79701070259512 2201452000000 1.072602 -1.379060 9.500193
1384186802892 79701181496085 2201562000000 1.225831 -1.225831 9.040505
1384186803003 79701292580069 2201672000000 1.072602 -0.766145 9.346964
1384186803116 79701406044424 2201782000000 1.072602 -0.919373 10.266337
1384186803242 79701531654776 2201892000000 1.225831 0.459687 9.806650
1384186803328 79701617775382 2202002000000 1.072602 -1.379060 10.266337
1384186803439 79701729072989 2202112000000 0.766145 -1.379060 10.266337
