1387361230134 577514154494192 1087631000000 6.282385 -2.758120 7.354988
1387361230225 577514244826223 1087741000000 6.742072 -2.604892 7.201759
1387361230371 577514391096975 1087851000000 6.435614 -2.604892 8.887277
1387361230469 577514488905813 1087961000000 7.814674 0.612916 17.468096
1387361230555 577514575056936 1088071000000 7.661446 -1.379060 15.322891
1387361230666 577514686232473 1088181000000 6.435614 -3.983952 9.193734
1387361230777 577514796736623 1088291000000 1.225831 -1.225831 2.758120
1387361230888 577514907942678 1088401000000 -3.217807 -1.532289 1.532289
1387361230998 577515017653372 1088511000000 -4.903325 -0.153229 8.734048
1387361231117 577515136763479 1088621000000 -4.750096 -0.306458 10.419566
1387361231222 577515242079641 1088731000000 -2.758120 1.991976 10.266337
1387361231326 577515345900442 1088841000000 -2.451663 4.903325 7.661446
1387361231448 577515467757131 1088951000000 -2.451663 4.290410 7.967903
1387361231562 577515581587698 1089061000000 -2.604892 3.983952 7.048530
1387361231676 577515695753958 1089171000000 -1.838747 1.072602 3.983952
1387361231775 577515795302297 1089281000000 0.919373 -1.379060 3.677494
1387361231878 577515897780325 1089391000000 2.758120 -0.766145 11.492168
1387361232003 577516022688772 1089501000000 6.895301 -1.072602 17.314867
1387361232108 577516127699758 1089611000000 6.282385 -1.072602 12.564771
1387361232220 577516240157034 1089721000000 6.435614 1.838747 7.508216
1387361232320 577516340102102 1089831000000 8.274362 1.072602 7.508216
1387361232446 577516465712454 1089941000000 8.427590 -4.596867 6.742072
1387361232547 577516566603567 1090051000000 6.895301 -7.508216 8.274362
1387361232648 577516668562795 1090161000000 5.822699 -3.064578 8.274362
1387361232777 577516797438528 1090271000000 5.975927 -1.991976 7.967903
1387361232884 577516904555227 1090381000000 5.975927 -0.919373 8.274362
1387361232982 577517002211477 1090491000000 6.129157 -1.991976 8.580819
1387361233093 577517113387014 1090601000000 5.975927 -2.145205 7.508216
1387361233214 577517234328176 1090711000000 6.435614 -1.685518 7.814674
1387361233321 577517341078665 1090821000000 6.282385 -1.532289 8.580819
1387361233436 577517455885793 1090931000000 5.822699 -1.685518 7.967903
1387361233536 577517555617239 1091041000000 6.129157 -1.685518 7.508216
