1387361256398 577540418318655 1113901000000 5.975927 -2.145205 7.661446
1387361256509 577540529219534 1114011000000 6.282385 -2.298434 7.967903
1387361256621 577540641219046 1114121000000 6.129157 -2.298434 7.814674
1387361256732 577540752211477 1114231000000 6.129157 -2.298434 8.274362
1387361256844 577540863966848 1114341000000 5.975927 -0.459687 14.250289
1387361256953 577540973006155 1114451000000 7.201759 -1.991976 17.468096
1387361257049 577541069411184 1114561000000 7.354988 -3.983952 11.951855
1387361257160 577541180006887 1114671000000 2.758120 -2.451663 2.145205
1387361257267 577541286696340 1114781000000 -2.911349 -0.612916 0.612916
1387361257385 577541404860403 1114891000000 -3.983952 -1.072602 9.040505
1387361257497 577541516859915 1115001000000 -4.137181 -1.991976 10.879252
1387361257596 577541615858938 1115111000000 -2.145205 -2.298434 10.879252
1387361257707 577541727461721 1115221000000 -1.838747 3.217807 9.346964
1387361257817 577541837202932 1115331000000 -2.604892 6.129157 7.814674
1387361257929 577541949263479 1115441000000 -2.911349 5.056554 6.895301
1387361258040 577542059798147 1115551000000 -2.451663 2.758120 5.516241
1387361258163 577542182600881 1115661000000 -0.459687 -0.153229 4.596867
1387361258278 577542298201467 1115771000000 1.072602 -1.991976 6.895301
1387361258363 577542382857229 1115881000000 3.830723 -0.766145 16.701952
1387361258498 577542517958547 1115991000000 5.669470 0.459687 15.322891
1387361258595 577542615401174 1116101000000 5.516241 1.225831 10.113108
1387361258715 577542735304739 1116211000000 5.516241 1.072602 7.814674
1387361258827 577542846663381 1116321000000 4.903325 -0.153229 7.814674
1387361258938 577542958388235 1116431000000 5.975927 -4.290410 8.887277
1387361259024 577543043990041 1116541000000 5.975927 -5.669470 9.040505
1387361259136 577543155806448 1116651000000 4.903325 -3.524265 8.121132
1387361259248 577543268172170 1116761000000 4.903325 -2.451663 8.580819
1387361259360 577543379835989 1116871000000 5.209783 -1.379060 8.734048
1387361259480 577543499892141 1116981000000 5.056554 -2.298434 8.734048
1387361259591 577543611098196 1117091000000 5.822699 1.072602 -0.153229
1387361259702 577543722182180 1117201000000 4.903325 -1.225831 8.887277
1387361259828 577543848463918 1117311000000 5.363012 -1.991976 8.580819
