1387361303116 577587136031057 1160611000000 7.508216 -1.838747 6.129157
1387361303226 577587246168997 1160721000000 7.508216 -1.685518 6.588843
1387361303338 577587357893850 1160831000000 7.967903 -1.532289 5.975927
1387361303450 577587469862844 1160941000000 8.121132 -0.919373 10.113108
1387361303543 577587562880422 1161051000000 9.806650 -1.072602 16.089035
1387361303654 577587673842336 1161161000000 9.959879 -2.451663 12.717999
1387361303778 577587798445608 1161271000000 6.742072 -1.991976 4.443638
1387361303881 577587901472952 1161381000000 0.459687 0.000000 1.991976
1387361303990 577588010298635 1161491000000 -2.451663 -0.153229 5.975927
1387361304087 577588107558157 1161601000000 -2.604892 -1.532289 11.338940
1387361304213 577588232832815 1161711000000 -1.072602 -3.217807 10.879252
1387361304314 577588333815481 1161821000000 -0.612916 -0.153229 10.419566
1387361304425 577588445204641 1161931000000 -0.153229 3.983952 9.346964
1387361304537 577588557021047 1162041000000 -1.379060 5.209783 8.121132
1387361304650 577588670210745 1162151000000 -2.145205 3.217807 5.975927
1387361304762 577588781569387 1162261000000 -2.145205 -0.153229 5.209783
1387361304855 577588875349905 1162371000000 1.532289 -1.532289 4.290410
1387361304966 577588986189749 1162481000000 4.137181 -0.459687 8.274362
1387361305080 577589100081350 1162591000000 11.645397 -3.830723 13.330915
1387361305208 577589227980520 1162701000000 8.121132 -3.064578 12.871228
1387361305303 577589323408987 1162811000000 7.508216 0.459687 8.121132
1387361305415 577589435133840 1162921000000 8.580819 0.766145 5.822699
1387361305516 577589535963918 1163031000000 9.193734 -1.072602 5.363012
1387361305626 577589646254446 1163141000000 9.959879 -6.742072 5.822699
1387361305737 577589757124807 1163251000000 8.121132 -4.290410 6.588843
1387361305869 577589888991262 1163361000000 7.814674 -1.379060 6.895301
1387361305964 577589983839895 1163471000000 7.508216 -0.766145 6.895301
1387361306075 577590095229055 1163581000000 7.354988 -0.612916 7.201759
1387361306186 577590206007864 1163691000000 7.814674 -0.612916 6.742072
1387361306297 577590317519094 1163801000000 9.806650 -0.459687 6.895301
1387361306409 577590429030325 1163911000000 7.967903 -1.225831 6.895301
1387361306534 577590553816702 1164021000000 8.121132 -0.766145 6.895301
1387361306624 577590644301321 1164131000000 7.661446 -1.379060 6.588843
