1384267363270 114237193570168 4412906000000 7.048530 -4.443638 6.435614
1384267363373 114237296139748 4413016000000 6.435614 -5.056554 6.282385
1384267363488 114237411038429 4413126000000 5.822699 -6.742072 8.887277
1384267363589 114237512845070 4413236000000 11.798626 -5.363012 19.306843
1384267363692 114237615109474 4413346000000 15.782578 -1.838747 11.951855
1384267363807 114237730771096 4413456000000 10.113108 0.153229 4.596867
1384267363928 114237851925881 4413566000000 2.758120 1.072602 0.766145
1384267364041 114237964779885 4413676000000 -0.153229 -1.379060 -2.298434
1384267364142 114238065426857 4413786000000 -1.685518 -4.443638 -1.991976
1384267364253 114238176632912 4413896000000 4.596867 -11.185710 3.217807
1384267364354 114238277218849 4414006000000 9.346964 -11.338940 14.250289
1384267364480 114238403500588 4414116000000 13.943830 -2.298434 15.016433
1384267364580 114238503506691 4414226000000 10.726024 -3.064578 8.887277
1384267364683 114238606564553 4414336000000 7.661446 -3.524265 5.516241
1384267364811 114238734860451 4414446000000 8.734048 -7.354988 3.677494
1384267364910 114238833554299 4414556000000 7.201759 -4.596867 7.508216
1384267365033 114238956997902 4414666000000 6.895301 -4.290410 5.669470
