1384267384065 114257988156349 4433716000000 6.588843 -4.290410 6.435614
1384267384177 114258100430519 4433826000000 6.742072 -4.443638 6.129157
1384267384301 114258224179299 4433936000000 5.669470 -4.903325 6.129157
1384267384414 114258337246926 4434046000000 9.040505 -9.653421 19.153614
1384267384524 114258447934181 4434156000000 16.089035 -6.282385 15.169662
1384267384626 114258549099953 4434266000000 13.024457 -0.612916 6.129157
1384267384726 114258649655373 4434376000000 6.282385 1.072602 1.991976
1384267384850 114258773556740 4434486000000 1.379060 1.379060 -1.379060
1384267384952 114258875821144 4434596000000 -3.217807 -4.750096 -6.435614
1384267385053 114258976956398 4434706000000 2.911349 -12.411542 -1.991976
1384267385166 114259089016945 4434816000000 9.500193 -15.935806 11.185710
1384267385292 114259215359719 4434926000000 18.387468 -3.983952 19.000385
1384267385392 114259315945656 4435036000000 12.411542 0.153229 11.185710
1384267385516 114259439785988 4435146000000 7.967903 -0.919373 6.282385
1384267385618 114259541317971 4435256000000 6.742072 -4.596867 4.750096
1384267385721 114259644528420 4435366000000 7.354988 -5.363012 3.371036
1384267385825 114259748532326 4435476000000 7.048530 -5.056554 6.742072
1384267385967 114259890835793 4435586000000 6.435614 -6.129157 5.516241
