1384350621133 141695310807136 424707000000 -0.306458 0.919373 10.113108
1384350621243 141695421433356 424817000000 -0.766145 1.072602 9.959879
1384350621355 141695532730964 424927000000 0.306458 1.072602 5.975927
1384350621466 141695644333747 425037000000 -1.072602 0.000000 2.298434
1384350621578 141695755875495 425147000000 -0.153229 -0.766145 4.903325
1384350621664 141695842484382 425257000000 3.064578 -2.758120 12.105083
1384350621776 141695954178718 425367000000 3.524265 0.919373 17.927782
1384350621887 141696065018561 425477000000 3.064578 -0.459687 13.790602
1384350621999 141696177323249 425587000000 3.217807 0.153229 10.726024
1384350622114 141696292069343 425697000000 3.830723 -0.766145 9.806650
1384350622226 141696403763679 425807000000 9.959879 4.443638 9.653421
1384350622338 141696516587165 425917000000 3.371036 -0.459687 9.500193
1384350622436 141696613968757 426027000000 3.524265 -0.919373 8.887277
1384350622562 141696739884284 426137000000 3.677494 -1.072602 9.500193
1384350622665 141696843094733 426247000000 3.677494 -0.919373 9.500193
1384350622768 141696945938972 426357000000 3.830723 -1.072602 9.193734
1384350622893 141697071030524 426467000000 3.677494 -1.225831 9.500193
1384350622994 141697172593024 426577000000 4.137181 -1.072602 9.040505
1384350623107 141697285538581 426687000000 3.677494 -0.919373 9.193734
