-0.1923077 0.3846154 2.08
-0.1923077 0.3846154 2.08
-0.1923077 0.3846154 2.08
-0.1923077 0.3846154 2.08
-0.1923077 0.3846154 2.08
-0.1923077 0.3846154 2.08
-0.1923077 0.3846154 2.08
-0.1923077 0.3846154 2.08
-0.1923077 0.3846154 2.08
-0.1923077 0.3846154 2.08
-0.2307692 0.3076923 2.12
-0.2307692 0.3076923 2.12
-0.2692308 0.3076923 2.2
-0.2692308 0.3076923 2.2
-0.2692308 0.4230769 2.16
-0.1153846 0.6538461 1.88
0.1153846 0.9230769 1.44
0.2692308 1 0.92
0.2307692 0.8846154 0.4
0.07692308 0.5769231 -0.12
-0.07692308 0.1923077 -0.44
-0.1923077 -0.03846154 -0.44
-0.1538462 -0.1538462 -0.44
-0.1153846 -0.1538462 -0.32
-0.03846154 -0.1538462 -0.24
0 -0.1538462 -0.16
0.03846154 -0.1538462 -0.12
0.07692308 -0.1923077 -0.12
0.07692308 -0.2692308 -0.08
0 -0.3846154 -0.08
-0.1153846 -0.5 -0.12
-0.1923077 -0.5769231 -0.2
-0.2307692 -0.5769231 -0.2
-0.2307692 -0.5769231 0
-0.3461539 -0.6153846 0.24
-0.3846154 -0.6538461 0.36
-0.4230769 -0.6923077 0.4
-0.3846154 -0.6923077 0.4
-0.3846154 -0.6538461 0.36
-0.3461539 -0.6538461 0.36
-0.3846154 -0.6923077 0.28
-0.5384616 -0.7307692 0.16
-0.7307692 -0.8076923 0.16
-1 -0.9230769 0.36
-1.230769 -1 0.48
-1.346154 -1 0.48
-1.346154 -0.8846154 0.36
-1.346154 -0.8846154 0.36
-1.192308 -0.6153846 0.48
-1 -0.3846154 0.6
-0.7307692 -0.1538462 0.68
-0.4230769 0.07692308 0.92
0 0.2307692 1.2
0.5 0.4615385 1.44
0.9615384 0.6153846 1.48
1.192308 0.6153846 1.44
1.192308 0.5384616 1.4
1 0.4615385 1.28
0.8846154 0.3461539 1.2
0.7692308 0.2307692 1.2
0.7307692 0.1153846 1.2
0.6153846 0 1.24
0.5384616 -0.07692308 1.16
0.4230769 -0.1538462 1.12
0.3461539 -0.2307692 1.04
0.2307692 -0.3461539 0.96
0.1153846 -0.3846154 0.92
0.07692308 -0.4230769 0.92
0.03846154 -0.4615385 0.84
0 -0.4615385 0.8
0 -0.4615385 0.76
0 -0.4230769 0.68
0.03846154 -0.3461539 0.64
0.07692308 -0.3076923 0.6
0.07692308 -0.2692308 0.52
0.07692308 -0.2307692 0.48
0.03846154 -0.1923077 0.48
-0.1538462 -0.2307692 0.56
-0.3076923 -0.2307692 0.56
-0.2692308 -0.1923077 0.44
-0.2307692 -0.1153846 0.28
-0.1153846 0 0.12
-0.03846154 0.1153846 -0.04
0.07692308 0.2692308 -0.2
0.1153846 0.4615385 -0.32
0.03846154 0.6538461 -0.28
0 0.7692308 0.08
-0.1538462 0.7307692 0.72
-0.4230769 0.5384616 1.28
-0.7692308 0.2307692 1.28
-0.8846154 0.1538462 1.16
-0.7307692 0.3076923 1.2
-0.5 0.4615385 1.36
-0.3461539 0.6153846 1.44
-0.3076923 0.7307692 1.56
-0.2307692 0.7692308 1.84
-0.3461539 0.6923077 2.04
-0.5769231 0.5 2.04
-0.6153846 0.3461539 2
-0.5 0.3461539 1.88
-0.4615385 0.4230769 1.76
-0.3461539 0.4615385 1.64
-0.2692308 0.5 1.64
-0.2307692 0.5 1.6
-0.2307692 0.4615385 1.44
-0.2692308 0.3846154 1.32
-0.2692308 0.3076923 1.2
-0.3076923 0.2307692 1.2
-0.1923077 0.2307692 1.24
-0.07692308 0.3461539 1.24
0.07692308 0.4230769 1.24
0.1538462 0.5384616 1.2
0.2307692 0.6153846 1.16
0.3076923 0.6538461 1.08
0.3461539 0.6923077 0.96
0.3846154 0.6538461 0.92
0.4230769 0.6538461 1
0.4615385 0.6538461 1.08
0.5 0.6923077 1.16
0.5384616 0.7692308 1.24
0.5769231 0.8846154 1.2
0.6153846 1.038462 1.08
0.5769231 1.115385 0.92
0.3846154 1.153846 0.56
0 1.076923 0.12
-0.4230769 0.7692308 0
-0.7307692 0.5 0.16
-0.8461539 0.2692308 0.56
-0.8846154 0.1923077 0.8
-1 0.1153846 0.84
-1.115385 0.07692308 0.8
-1.153846 0.1153846 0.8
-1.076923 0.1923077 0.76
-1 0.2307692 0.76
-0.8846154 0.2692308 0.72
-0.8076923 0.2692308 0.76
-0.6538461 0.3076923 0.8
-0.5 0.3076923 0.88
-0.4230769 0.3076923 0.96
-0.3076923 0.3076923 1.04
-0.1538462 0.3076923 1.08
-0.07692308 0.3076923 1.12
0.03846154 0.3461539 1.12
0.1153846 0.4230769 1.08
