0.3076923 0.7307692 1.4
0.3076923 0.7307692 1.4
0.3076923 0.7307692 1.4
0.3076923 0.7307692 1.4
0.3076923 0.7307692 1.4
0.3076923 0.7307692 1.4
0.3076923 0.7307692 1.4
0.3076923 0.7307692 1.4
0.3076923 0.7307692 1.4
0.3076923 0.7307692 1.4
0.3076923 0.7307692 1.4
0.2692308 0.7692308 1.44
0.2692308 0.8076923 1.44
0.07692308 0.7692308 1.36
-0.2307692 0.5384616 1.28
-0.4615385 0.3461539 1.28
-0.5384616 0.2307692 1.36
-0.5 0.1923077 1.48
-0.4230769 0.3461539 1.6
-0.3461539 0.4615385 1.68
-0.3461539 0.5384616 1.8
-0.4615385 0.5 1.84
-0.7307692 0.2307692 1.56
-1.307692 -0.3076923 1.36
-1.807692 -0.8846154 1.64
-1.923077 -1.076923 1.68
-1.923077 -0.8846154 1.44
-1.846154 -0.4230769 1.12
-1.538462 0.1538462 0.8
-1.153846 0.8461539 0.6
-0.6923077 1.192308 0.4
-0.1923077 1.153846 0.16
0.07692308 0.9230769 -0.16
0.07692308 0.5384616 -0.44
-0.03846154 0.2307692 -0.56
-0.2692308 -0.03846154 -0.76
-0.4230769 -0.1153846 -0.96
-0.4230769 -0.03846154 -1.12
-0.2307692 0.1538462 -1.28
0.07692308 0.3461539 -1.44
0.2307692 0.6923077 -1.36
0.3846154 1.038462 -1
0.5384616 1.346154 -0.52
0.6538461 1.615385 -0.12
0.6538461 1.807692 0.2
0.5384616 1.961538 0.8
0.3076923 1.923077 1.72
0.2307692 1.730769 2.44
0.3461539 1.5 2.84
0.6538461 1.5 2.76
0.9615384 1.538462 2.52
1.076923 1.615385 2.4
0.8461539 1.5 2.32
0.5 1.307692 2.28
0.03846154 1.038462 2.36
-0.3076923 0.5769231 2.44
-0.4230769 0.2692308 2.24
-0.4230769 0.1153846 2
-0.3461539 0.1153846 1.72
-0.2307692 0.1923077 1.44
-0.2307692 0.2307692 1.24
-0.2692308 0.2307692 1.08
-0.3846154 0.1923077 0.88
-0.5 0.07692308 0.76
-0.6153846 0 0.8
-0.6538461 -0.07692308 0.88
-0.6153846 -0.03846154 0.88
