-0.7307692 0.1538462 1.08
-0.7307692 0.1538462 1.08
-0.7307692 0.1538462 1.08
-0.7307692 0.1538462 1.08
-0.7307692 0.1538462 1.08
-0.7307692 0.1538462 1.08
-0.8846154 0.03846154 1.2
-0.8846154 0.03846154 1.2
-0.8846154 0.03846154 1.2
-1 -0.07692308 1.36
-1 -0.07692308 1.36
-1 -0.07692308 1.36
-1 -0.07692308 1.36
-1.115385 -0.07692308 1.44
-1.115385 -0.07692308 1.44
-1.192308 -0.07692308 1.52
-1.153846 0.1153846 1.48
-0.9615384 0.3846154 1.52
-0.6153846 0.6538461 1.6
-0.3076923 0.8461539 1.68
0 0.9615384 1.76
0.1923077 1 1.8
0.2692308 1.038462 1.84
0.4230769 1.115385 1.8
0.6153846 1.230769 1.68
0.8846154 1.307692 1.56
1.115385 1.346154 1.44
1.269231 1.307692 1.28
1.346154 1.269231 1.08
1.269231 1.192308 0.88
1.153846 1.153846 0.64
0.9230769 1.115385 0.4
0.6923077 1.115385 0.2
0.4615385 1.038462 0
0.1538462 0.9615384 -0.08
-0.1538462 0.8846154 -0.08
-0.3846154 0.8076923 0.04
-0.5384616 0.7692308 0.12
-0.8846154 0.5 -0.24
-1.192308 0.1923077 -0.56
-1.5 -0.07692308 -0.68
-1.615385 -0.1153846 -0.52
-1.538462 0 -0.2
-1.461538 0.03846154 0.12
-1.423077 0.03846154 0.16
-1.5 -0.03846154 0.04
-1.653846 -0.1923077 -0.08
-1.961538 -0.2692308 -0.08
-2 -0.1923077 0.12
-1.846154 0.07692308 0.56
-1.461538 0.5 1.08
-0.9615384 0.8461539 1.52
-0.5384616 1.038462 1.88
-0.3846154 1.038462 2
-0.3461539 1 1.96
-0.3076923 0.8846154 1.8
-0.2692308 0.7307692 1.64
-0.3461539 0.5769231 1.44
-0.5 0.4230769 1.28
-0.5769231 0.3846154 1.32
-0.5 0.4615385 1.44
-0.3846154 0.5384616 1.48
-0.2692308 0.6538461 1.4
-0.2307692 0.6923077 1.32
-0.1923077 0.6923077 1.2
-0.2307692 0.6153846 1.12
-0.2692308 0.5384616 1.16
-0.2692308 0.4615385 1.12
-0.3076923 0.3846154 1.08
