0.4615385 1.076923 2.92
0.4615385 1.076923 2.92
0.4615385 1.076923 2.92
0.4615385 1.076923 2.92
0.4615385 1.076923 2.92
0.4615385 1.076923 2.92
0.4615385 1.076923 2.92
0.4615385 1.076923 2.92
0.4615385 1.076923 2.92
0.4615385 1.076923 2.92
0.4615385 1.076923 2.92
0.4615385 1.076923 2.92
0.4230769 1.115385 2.84
0.4230769 1.192308 2.72
0.3461539 1.269231 2.6
0.3076923 1.346154 2.24
0.3076923 1.5 1.72
0.2307692 1.615385 1
0.1153846 1.653846 0.2
-0.03846154 1.538462 -0.48
-0.07692308 1.384615 -1.08
0 1.230769 -1.48
0.1923077 1.076923 -1.76
0.3846154 0.9615384 -1.92
0.5 0.8076923 -1.84
0.5384616 0.6538461 -1.6
0.3846154 0.4230769 -1.24
0.2307692 0.2307692 -0.96
0.1538462 0 -0.8
0.07692308 -0.1538462 -0.6
0.03846154 -0.3461539 -0.4
