-0.8846154 0.1538462 1.12
-0.8846154 0.1538462 1.12
-0.8846154 0.1538462 1.12
-0.8846154 0.1538462 1.12
-0.8846154 0.1538462 1.12
-0.8846154 0.1538462 1.12
-0.8846154 0.1538462 1.12
-0.8846154 0.1538462 1.12
-0.8846154 0.1538462 1.12
-0.8846154 0.1538462 1.12
-0.8846154 0.1538462 1.12
-0.9230769 0.07692308 1.24
-0.9615384 0.03846154 1.4
-0.9615384 0.03846154 1.4
-1 0.07692308 1.44
-1 0.1153846 1.52
-1.038462 0.1923077 1.56
-1 0.3076923 1.64
-0.9230769 0.5 1.72
-0.7307692 0.7307692 1.72
-0.3461539 1.038462 1.8
0 1.192308 2
0.1538462 1.269231 2.16
0.2307692 1.346154 2.2
0.3076923 1.346154 2.16
0.4615385 1.346154 2.04
0.6923077 1.423077 1.88
0.9615384 1.461538 1.6
1.115385 1.423077 1.28
1.038462 1.307692 1
0.7692308 1.115385 0.8
0.5384616 0.9230769 0.64
0.1923077 1.076923 0.32
0.1923077 0.8461539 0.04
0.07692308 0.7692308 -0.2
0 0.7307692 -0.4
0 0.6923077 -0.48
-0.1153846 0.6923077 -0.56
-0.1923077 0.6923077 -0.6
-0.2692308 0.7692308 -0.6
-0.4615385 0.8076923 -0.6
-0.6923077 0.8076923 -0.6
-1.076923 0.6153846 -0.48
-1.423077 0.4230769 -0.24
-1.653846 0.1153846 0.04
-1.923077 -0.3461539 -0.04
-2.115385 -0.5 -0.2
-1.923077 -0.3461539 -0.36
-1.615385 0.03846154 -0.36
-1.269231 0.3461539 -0.08
-1.153846 0.5 0.32
-1.269231 0.5384616 0.76
-1.461538 0.3461539 1.24
-1.923077 -0.1153846 1.88
-2.192308 -0.2307692 2.4
-2.115385 0.03846154 2.56
-1.538462 0.7307692 2.2
-0.6153846 1.384615 1.6
0.2692308 1.615385 1.08
0.5 1.576923 1
0.4230769 1.346154 1.44
0.3461539 1.076923 1.92
0.3461539 0.9230769 2.08
0.4615385 0.9230769 1.92
0.5769231 0.9230769 1.68
0.6538461 0.9615384 1.44
0.6923077 0.9230769 1.24
0.6538461 0.9230769 1
0.6153846 0.8461539 0.84
0.5769231 0.7307692 0.76
