0.7692308 0.4615385 0.84
0.7692308 0.4615385 0.84
0.7692308 0.4615385 0.84
0.7692308 0.4615385 0.84
0.7692308 0.4615385 0.84
0.7692308 0.4615385 0.84
0.7692308 0.4615385 0.84
0.7692308 0.4615385 0.84
0.7692308 0.5769231 0.88
0.7692308 0.5769231 0.88
0.7692308 0.5769231 0.88
0.7692308 0.5769231 0.88
0.7307692 0.6923077 1
0.5769231 0.7307692 1.12
0.4230769 0.7692308 1.16
0.3461539 0.8076923 1.12
0.2692308 0.9230769 1.04
0.1923077 1.038462 0.92
0.1153846 1.115385 0.8
-0.1923077 0.9230769 0.8
-0.6153846 0.5769231 0.8
-0.9230769 0.1923077 0.72
-1.115385 -0.03846154 0.68
-1.153846 -0.1538462 0.76
-1.115385 -0.1538462 0.84
-1.115385 -0.1923077 1
-1.192308 -0.3076923 1.04
-1.192308 -0.3076923 1
-1.153846 -0.3076923 0.92
-1.038462 -0.2307692 0.84
-0.8461539 -0.1538462 0.84
-0.7307692 -0.07692308 0.8
-0.6153846 0 0.8
-0.5 0.1153846 0.84
-0.3846154 0.1923077 0.92
-0.3076923 0.2307692 1
-0.2692308 0.2307692 1.04
-0.2692308 0.1538462 1.12
-0.3076923 0.07692308 1.16
-0.3461539 0 1.2
-0.3846154 -0.07692308 1.16
