-1.884615 -0.8461539 1.28
-1.884615 -0.8461539 1.28
-1.884615 -0.8461539 1.28
-1.884615 -0.8461539 1.28
-1.884615 -0.8461539 1.28
-1.884615 -0.8461539 1.28
-1.884615 -0.8461539 1.28
-1.884615 -0.8461539 1.28
-1.884615 -0.8461539 1.28
-1.884615 -0.8461539 1.28
-1.884615 -0.8461539 1.28
-1.884615 -0.8461539 1.28
-2.384615 -0.7692308 1.16
-2.576923 -0.1923077 0.88
-2.384615 0.7307692 0.68
-1.807692 1.423077 0.36
-1.192308 1.769231 0.48
-0.7692308 1.576923 0.84
-0.3076923 1.538462 1.04
0.2307692 1.615385 1
0.9230769 1.730769 0.8
1.538462 1.576923 0.68
1.807692 1.423077 0.72
1.730769 1.269231 0.8
1.384615 1.076923 0.84
1.115385 0.9230769 0.8
0.9615384 0.7692308 0.8
0.7307692 0.5769231 0.92
0.4230769 0.3461539 1
0.1923077 0.1538462 1.04
0.07692308 0 1.04
0.1153846 -0.03846154 1.08
0.1923077 0 1.12
0.1923077 -0.03846154 1.12
0.2307692 0 1.08
