-0.3846154 -0.1538462 1.64
-0.3846154 -0.1538462 1.64
-0.3846154 -0.1538462 1.64
-0.3846154 -0.1538462 1.64
-0.3846154 -0.1538462 1.64
-0.3846154 -0.1538462 1.64
-0.3846154 -0.1538462 1.64
-0.3461539 -0.07692308 1.64
-0.3461539 -0.07692308 1.64
-0.3461539 -0.07692308 1.64
-0.3461539 -0.07692308 1.64
-0.3461539 -0.07692308 1.64
-0.3461539 -0.07692308 1.64
-0.3461539 -0.07692308 1.64
-0.2692308 0.07692308 1.56
-0.1923077 0.2307692 1.36
-0.03846154 0.3461539 1.12
0.1153846 0.3076923 0.84
0.2692308 0.1923077 0.52
0.3076923 0 0.2
0.2307692 -0.1538462 0.04
0.07692308 -0.3076923 -0.04
-0.1153846 -0.4615385 -0.08
-0.1538462 -0.4615385 -0.08
-0.07692308 -0.4230769 -0.04
0.03846154 -0.3846154 0
0.07692308 -0.3846154 0.04
0.07692308 -0.5 0.08
0 -0.5384616 0.12
-0.07692308 -0.6153846 0.2
-0.1923077 -0.6538461 0.24
-0.3076923 -0.7307692 0.28
-0.3461539 -0.7692308 0.28
-0.3846154 -0.8076923 0.28
-0.4230769 -0.8076923 0.24
-0.4230769 -0.8076923 0.16
-0.4615385 -0.8461539 0.12
-0.5769231 -0.8846154 0.2
-0.6923077 -0.9230769 0.24
-0.8076923 -1 0.12
-1 -1.115385 -0.08
-1.153846 -1.153846 -0.12
-1.230769 -1.076923 -0.12
-1.153846 -0.9615384 -0.12
-1 -0.7692308 -0.12
-0.8076923 -0.6538461 -0.08
-0.6923077 -0.4615385 0.08
-0.6153846 -0.3461539 0.24
-0.5384616 -0.2307692 0.52
-0.4230769 -0.07692308 0.92
-0.2307692 0.03846154 1.32
0.1923077 0.2307692 1.64
0.6923077 0.3076923 1.76
1 0.2692308 1.72
1.038462 0.1923077 1.64
0.8846154 0.1153846 1.44
0.3076923 -0.2307692 1.12
0.1153846 -0.3846154 1.08
0.07692308 -0.4230769 0.96
0.1538462 -0.4615385 0.84
0.2307692 -0.4615385 0.76
0.2307692 -0.4615385 0.72
0.2307692 -0.4615385 0.72
0.1538462 -0.4615385 0.68
0.1153846 -0.5 0.6
-0.03846154 -0.5 0.6
-0.1538462 -0.5 0.64
-0.1538462 -0.4615385 0.56
-0.1538462 -0.4615385 0.56
-0.07692308 -0.3846154 0.4
0.03846154 -0.3076923 0.2
0.1923077 -0.07692308 -0.08
0.1923077 -0.07692308 -0.08
0.2307692 0.1153846 -0.08
0.03846154 0.1923077 0.04
-0.2692308 0.1923077 0.36
-0.3846154 0.2307692 0.68
-0.3846154 0.2692308 1.12
-0.3076923 0.2692308 1.6
-0.3461539 0.2307692 1.72
-0.4230769 0.1538462 1.64
-0.5 0.1153846 1.48
-0.5384616 0.07692308 1.48
-0.5384616 0.07692308 1.48
-0.6153846 0 1.64
-0.6923077 -0.1538462 1.88
-0.7307692 -0.1538462 1.84
-0.6153846 -0.03846154 1.68
-0.4230769 0.03846154 1.52
-0.3461539 0.1923077 1.2
-0.3461539 0.1923077 0.88
-0.3846154 0.1153846 0.88
-0.3846154 0 1.08
-0.3846154 -0.03846154 1.08
-0.3846154 -0.03846154 0.92
-0.3846154 -0.03846154 0.88
-0.3076923 0 0.92
-0.2307692 0.1153846 0.88
-0.1538462 0.1538462 0.84
-0.1538462 0.1538462 0.8
-0.1923077 0.1538462 0.8
-0.1923077 0.1153846 0.88
-0.1923077 0.1153846 0.92
-0.1538462 0.1153846 1
-0.1153846 0.1538462 1
-0.07692308 0.1923077 1.04
0 0.2692308 1.08
0.07692308 0.3076923 1.12
0.1153846 0.3461539 1.16
0.1538462 0.3461539 1.16
0.1923077 0.3846154 1.16
0.2307692 0.3846154 1.16
0.2692308 0.4615385 1.2
0.2692308 0.5384616 1.2
0.3076923 0.6153846 1.2
0.3461539 0.6923077 1.16
0.3076923 0.7692308 1.16
0.2307692 0.8076923 1.16
0.1153846 0.8461539 1.2
-0.07692308 0.8461539 1.2
-0.3461539 0.7307692 1.24
-0.6538461 0.5 1.28
-0.9230769 0.2307692 1.28
-1.076923 0 1.12
-1.115385 -0.1153846 0.96
-1.115385 -0.1153846 0.8
-1.038462 -0.07692308 0.64
-0.9230769 0 0.6
-0.8076923 0.03846154 0.6
-0.6538461 0.07692308 0.64
-0.5 0.1153846 0.68
-0.4230769 0.1538462 0.76
-0.3461539 0.1538462 0.84
-0.3076923 0.1538462 0.92
-0.3076923 0.1538462 0.92
-0.3076923 0.1153846 0.92
-0.2692308 0.1153846 0.92
-0.2307692 0.1153846 0.92
-0.1923077 0.1153846 0.92
-0.1153846 0.1538462 0.92
-0.07692308 0.1538462 0.92
