-0.5769231 -0.3461539 -0.28
-0.5769231 -0.3461539 -0.28
-0.5769231 -0.3461539 -0.28
-0.5769231 -0.3461539 -0.28
-0.5769231 -0.3461539 -0.28
-0.5769231 -0.3461539 -0.28
-0.5384616 -0.2692308 -0.32
-0.5384616 -0.2692308 -0.32
-0.5 -0.1923077 -0.44
-0.5 -0.1923077 -0.44
-0.5 -0.1923077 -0.44
-0.5 -0.1923077 -0.44
-0.5 -0.07692308 -0.56
-0.4615385 0 -0.6
-0.4230769 0.1153846 -0.52
-0.3076923 0.2307692 -0.36
-0.1538462 0.3461539 -0.16
-0.03846154 0.4615385 0.08
0.03846154 0.5769231 0.4
-0.07692308 0.5384616 1
-0.2692308 0.3461539 1.52
-0.5 0.1153846 1.64
-0.7307692 0 1.44
-0.8076923 0 1.36
-0.7307692 0.07692308 1.48
-0.6153846 0.1923077 1.64
-0.5384616 0.3461539 1.76
-0.3846154 0.5 1.88
-0.2692308 0.5769231 1.92
-0.1538462 0.6153846 1.88
-0.1538462 0.5769231 1.84
-0.2692308 0.4615385 1.64
-0.4230769 0.3461539 1.56
-0.4615385 0.2307692 1.56
-0.5 0.1538462 1.44
-0.5 0.1538462 1.28
-0.4615385 0.1538462 1.16
-0.4230769 0.1923077 1.12
-0.3846154 0.2307692 1.04
-0.3076923 0.2692308 0.96
-0.2692308 0.2692308 0.88
-0.2692308 0.2307692 0.88
-0.2307692 0.2692308 0.96
-0.1538462 0.3076923 1.12
0 0.4230769 1.24
0.1923077 0.5769231 1.28
0.3461539 0.8076923 1.12
0.4230769 0.9615384 0.88
0.5384616 1.076923 0.84
0.5769231 1.192308 0.88
0.5384616 1.269231 0.96
0.3846154 1.346154 1
0.1923077 1.384615 1.04
-0.1923077 1.192308 1.16
-0.6923077 0.8461539 1.16
-1.846154 -0.3076923 0.28
-2.153846 -0.6923077 0.04
-2.038461 -0.7307692 0.12
-1.653846 -0.4615385 0.32
-1.230769 -0.1153846 0.48
-0.9615384 0.1923077 0.56
-0.8076923 0.3846154 0.76
-0.6153846 0.5 0.84
-0.4615385 0.5 0.88
-0.4230769 0.5 0.84
-0.4230769 0.4230769 0.76
-0.4615385 0.3846154 0.76
-0.4615385 0.3461539 0.88
-0.4230769 0.3461539 1
-0.3461539 0.3846154 1.16
-0.2692308 0.3846154 1.28
-0.1923077 0.4230769 1.28
-0.1923077 0.4230769 1.2
-0.1538462 0.4230769 1.12
-0.1923077 0.3846154 1.04
-0.1923077 0.3461539 1
-0.2307692 0.2692308 1
-0.2307692 0.2307692 0.96
-0.2307692 0.1923077 0.96
