-0.8461539 0.03846154 1.04
-0.8461539 0.03846154 1.04
-0.8461539 0.03846154 1.04
-0.8461539 0.03846154 1.04
-0.8461539 0.03846154 1.04
-0.8461539 0.03846154 1.04
-0.8461539 0.03846154 1.04
-0.8461539 0.03846154 1.04
-0.8461539 0.03846154 1.04
-0.8461539 0.03846154 1.04
-0.8461539 0.03846154 1.04
-0.7692308 0.1538462 0.84
-0.7307692 0.1923077 0.8
-0.7692308 0.1538462 0.84
-0.8846154 0.07692308 1
-1 0 1.16
-1.076923 -0.03846154 1.24
-1.192308 -0.1153846 1.24
-1.307692 -0.1923077 1.24
-1.346154 -0.2692308 1.2
-1.307692 -0.1538462 1
-1.230769 0.07692308 0.64
-1 0.4230769 0.32
-0.6153846 0.6538461 0.2
-0.2692308 0.6923077 0.28
-0.07692308 0.8461539 0.56
0.2692308 1.115385 0.76
0.7692308 1.230769 0.84
1.153846 1.269231 0.88
1.384615 1.269231 0.96
1.461538 1.153846 1.12
1.384615 1.038462 1.16
1.230769 0.8846154 1.16
1 0.6923077 1.24
0.8076923 0.5 1.28
0.6923077 0.3846154 1.28
0.5769231 0.2692308 1.2
0.5 0.1923077 1.12
0.4230769 0.1153846 1
0.3461539 0.03846154 1
0.1538462 -0.07692308 1.04
0.07692308 -0.07692308 1.08
0 -0.1538462 1.04
0 -0.1153846 1.04
0 -0.07692308 1
0 -0.07692308 1
-0.07692308 -0.07692308 1.04
-0.07692308 -0.03846154 1
-0.1153846 -0.03846154 1
-0.07692308 0 1.04
-0.07692308 0 1.08
