1.807692 0.8461539 1.12
1.807692 0.8461539 1.12
1.807692 0.8461539 1.12
1.807692 0.8461539 1.12
1.807692 0.8461539 1.12
1.807692 0.8461539 1.12
1.807692 0.8461539 1.12
1.807692 0.8461539 1.12
1.807692 0.8461539 1.12
1.807692 0.8461539 1.12
1.807692 0.8461539 1.12
1.846154 0.8461539 1
1.846154 0.8461539 1
1.846154 0.8461539 1
1.769231 0.8076923 0.84
1.769231 0.8076923 0.84
1.769231 0.8076923 0.84
1.769231 0.8076923 0.84
1.692308 0.7692308 0.68
1.538462 0.6923077 0.56
1.423077 0.6153846 0.48
1.307692 0.5384616 0.44
1.192308 0.5 0.36
1.115385 0.4615385 0.28
1.115385 0.4230769 0.24
1.038462 0.4230769 0.16
1 0.4230769 0.08
0.8846154 0.3846154 0.08
0.7692308 0.3461539 0.08
0.6923077 0.3076923 0.04
0.5769231 0.2692308 0.04
0.5 0.2307692 -0.04
0.4230769 0.1923077 -0.08
0.3461539 0.1538462 -0.08
0.2692308 0.1153846 -0.08
0.1923077 0.07692308 -0.08
0.1153846 0.07692308 -0.12
0.03846154 0.03846154 -0.12
-0.03846154 0 -0.16
-0.1153846 0 -0.16
-0.1538462 -0.03846154 -0.12
-0.2307692 -0.07692308 -0.08
-0.3076923 -0.1153846 -0.04
-0.4615385 -0.1923077 0.12
-0.4615385 -0.1923077 0.12
-0.5 -0.2307692 0.2
-0.5384616 -0.2307692 0.28
-0.5 -0.2307692 0.44
-0.5 -0.2692308 0.56
-0.5 -0.3076923 0.68
-0.5 -0.3076923 0.76
-0.5 -0.3461539 0.84
-0.5384616 -0.3461539 0.92
-0.5769231 -0.4230769 1.08
-0.6538461 -0.5 1.2
-0.7692308 -0.5384616 1.32
-0.7692308 -0.5384616 1.36
-0.6923077 -0.4615385 1.36
-0.5769231 -0.3846154 1.4
-0.4230769 -0.2692308 1.48
-0.1923077 -0.1538462 1.64
0.1923077 0.07692308 1.88
0.3461539 0.1538462 1.88
0.4615385 0.2307692 1.8
0.5384616 0.3846154 1.68
0.7307692 0.5 1.56
0.9230769 0.6538461 1.48
1.115385 0.8076923 1.4
1.307692 0.9230769 1.32
1.576923 1.038462 1.2
1.807692 1.115385 1.08
1.884615 1.076923 0.92
1.884615 1 0.8
1.807692 0.9230769 0.68
1.730769 0.8076923 0.56
1.653846 0.7307692 0.48
1.538462 0.6538461 0.44
1.384615 0.5384616 0.44
1.269231 0.4615385 0.48
1.153846 0.3846154 0.48
1.076923 0.3076923 0.52
0.9615384 0.2307692 0.52
0.8461539 0.1538462 0.56
0.7307692 0.1153846 0.6
0.6538461 0.03846154 0.64
0.5769231 0 0.72
0.5384616 0 0.76
0.4615385 -0.03846154 0.8
0.4230769 -0.03846154 0.8
0.4230769 -0.03846154 0.8
0.4230769 0 0.84
0.4615385 0.03846154 0.8
0.4615385 0.03846154 0.8
0.4615385 0.03846154 0.8
0.4615385 0.03846154 0.8
0.5 0.03846154 0.8
0.5 0.03846154 0.76
0.5 0.03846154 0.76
0.5384616 0.03846154 0.72
