1.192308 0.1538462 0.56
1.192308 0.1538462 0.56
1.192308 0.1538462 0.56
1.192308 0.1538462 0.56
1.192308 0.1538462 0.56
1.192308 0.1538462 0.56
1.192308 0.1538462 0.56
1.192308 0.1538462 0.56
1.192308 0.1538462 0.56
1.192308 0.1538462 0.56
1.192308 0.1538462 0.56
1.192308 0.1538462 0.56
1.192308 0.1538462 0.56
1.346154 0.2692308 0.52
1.461538 0.3846154 0.48
1.538462 0.5 0.48
1.538462 0.5384616 0.44
1.461538 0.5384616 0.44
1.346154 0.5 0.4
1.269231 0.5 0.4
1.192308 0.5 0.48
1.076923 0.4615385 0.56
1 0.4615385 0.6
0.9230769 0.4615385 0.64
0.8846154 0.4615385 0.68
0.8076923 0.4615385 0.76
0.6923077 0.4230769 0.8
0.6153846 0.4230769 0.8
0.4230769 0.3076923 0.92
0.1923077 0.2307692 1.08
-0.03846154 0.1153846 1.2
-0.1923077 0 1.28
-0.2692308 -0.07692308 1.32
-0.3076923 -0.1538462 1.4
-0.3076923 -0.2307692 1.44
-0.3076923 -0.2692308 1.44
-0.3461539 -0.3076923 1.44
-0.3846154 -0.3461539 1.4
-0.3846154 -0.3846154 1.32
-0.3846154 -0.4230769 1.2
-0.3846154 -0.4230769 1.16
-0.3461539 -0.4230769 1.12
-0.3076923 -0.4230769 1.12
-0.2307692 -0.3461539 1.12
-0.1538462 -0.3076923 1.08
-0.07692308 -0.2692308 1.08
0 -0.2307692 1.08
0.03846154 -0.2307692 1.04
0.1153846 -0.1923077 1
0.1153846 -0.1923077 1
0.1538462 -0.1538462 1
0.1923077 -0.1538462 1
0.2307692 -0.1153846 1.04
0.2307692 -0.07692308 1
0.2692308 -0.07692308 0.96
0.3076923 -0.07692308 0.92
0.3461539 -0.07692308 0.92
0.3846154 -0.03846154 0.88
0.3846154 -0.07692308 0.88
0.4230769 -0.07692308 0.84
0.4230769 -0.07692308 0.8
