0.9230769 -0.03846154 0.72
0.9230769 -0.03846154 0.72
0.9230769 -0.03846154 0.72
0.9230769 -0.03846154 0.72
0.9230769 -0.03846154 0.72
0.9230769 -0.03846154 0.72
0.9230769 -0.03846154 0.72
0.9230769 -0.03846154 0.72
0.9230769 -0.03846154 0.72
1.038462 0.07692308 0.68
1.038462 0.07692308 0.68
1.115385 0.1538462 0.64
1.115385 0.1538462 0.64
1.115385 0.1538462 0.64
1.192308 0.1923077 0.6
1.192308 0.1538462 0.6
1.115385 0.1153846 0.56
1.076923 0.1153846 0.56
1.076923 0.1538462 0.56
1.115385 0.1923077 0.56
1.153846 0.2692308 0.6
1.192308 0.3461539 0.6
1.230769 0.3846154 0.56
1.230769 0.3846154 0.52
1.192308 0.4230769 0.48
1.153846 0.4615385 0.44
1.115385 0.5 0.52
1.038462 0.5384616 0.56
1 0.5769231 0.6
0.9230769 0.5769231 0.68
0.7307692 0.5384616 0.8
0.5 0.4615385 0.88
0.2692308 0.3461539 1
0.1153846 0.2692308 1.12
0 0.1538462 1.2
-0.1153846 0.07692308 1.28
-0.1538462 -0.03846154 1.28
-0.2307692 -0.1153846 1.32
-0.3076923 -0.1923077 1.32
-0.3846154 -0.2692308 1.32
-0.4230769 -0.3076923 1.28
-0.4230769 -0.2692308 1.2
-0.4615385 -0.3076923 1.16
-0.3846154 -0.3076923 1.2
-0.3461539 -0.3076923 1.24
-0.2692308 -0.3076923 1.24
-0.1923077 -0.2692308 1.2
-0.1538462 -0.2692308 1.2
-0.1538462 -0.2692308 1.24
-0.1153846 -0.2692308 1.28
-0.03846154 -0.2307692 1.2
0.03846154 -0.2307692 1.12
0.07692308 -0.2307692 1.08
0.1153846 -0.2307692 1.04
0.1153846 -0.2692308 1
0.1153846 -0.2692308 1
0.1153846 -0.3076923 1
0.1153846 -0.3076923 1
