0.3461539 -0.2307692 0.72
0.3461539 -0.2307692 0.72
0.3461539 -0.2307692 0.72
0.3461539 -0.2307692 0.72
0.3461539 -0.2307692 0.72
0.3461539 -0.2307692 0.72
0.3461539 -0.2307692 0.72
0.3461539 -0.2307692 0.72
0.3461539 -0.2307692 0.72
0.3461539 -0.2307692 0.72
0.3461539 -0.2307692 0.72
0.3461539 -0.2307692 0.72
0.3076923 -0.2307692 0.76
0.3461539 -0.1923077 0.76
0.3461539 -0.1923077 0.76
0.4230769 -0.1538462 0.84
0.5384616 -0.1538462 0.88
0.5769231 -0.1538462 1
0.6538461 -0.1923077 1.08
0.7307692 -0.2307692 1.2
0.8076923 -0.2307692 1.24
0.8076923 -0.2692308 1.32
0.7692308 -0.2692308 1.48
0.7307692 -0.2307692 1.64
0.7307692 -0.2692308 1.88
0.6923077 -0.2692308 2.04
0.6923077 -0.3076923 2.16
0.6538461 -0.2692308 2.24
0.6153846 -0.2307692 2.32
0.6538461 -0.1538462 2.32
0.6923077 -0.03846154 2.28
0.7307692 0.03846154 2.16
0.6923077 0.1153846 2
0.6538461 0.1923077 1.76
0.5769231 0.2307692 1.52
0.5384616 0.2692308 1.28
0.4230769 0.2307692 1.08
0.3076923 0.2307692 0.8
0.1923077 0.1923077 0.64
0.1538462 0.1923077 0.52
0.1538462 0.1923077 0.4
0.1153846 0.1923077 0.24
0.07692308 0.1538462 0.12
0 0.1153846 0.08
0 0.1153846 0.04
-0.03846154 0.07692308 0
-0.03846154 0.07692308 0
-0.1153846 0 0.04
-0.1538462 -0.03846154 0.08
-0.1923077 -0.03846154 0.12
-0.2307692 -0.07692308 0.2
-0.2307692 -0.07692308 0.28
-0.2307692 -0.1153846 0.4
-0.2692308 -0.1153846 0.56
-0.3076923 -0.1538462 0.64
-0.3846154 -0.2307692 0.64
-0.4230769 -0.2692308 0.64
-0.4615385 -0.3076923 0.68
-0.5 -0.3461539 0.72
-0.5384616 -0.3461539 0.76
-0.5 -0.3461539 0.84
-0.5 -0.3846154 0.92
-0.5384616 -0.3846154 0.92
-0.5769231 -0.4230769 0.96
-0.5769231 -0.4615385 1
-0.5769231 -0.4615385 1.04
-0.6153846 -0.5 1.12
-0.6538461 -0.5384616 1.28
-0.6923077 -0.5769231 1.36
-0.7307692 -0.6153846 1.36
-0.7692308 -0.6153846 1.36
-0.8076923 -0.6153846 1.28
-0.7307692 -0.5769231 1.12
-0.5769231 -0.4615385 1
-0.2692308 -0.2692308 0.8
0.1538462 -0.1153846 0.68
0.5769231 0.07692308 0.64
0.8461539 0.1153846 0.6
0.9230769 0.1153846 0.6
0.9230769 0.07692308 0.6
0.9615384 0.03846154 0.6
1.038462 0.03846154 0.64
1.192308 0.07692308 0.72
1.230769 0.03846154 0.88
1.269231 0 0.96
1.230769 -0.03846154 1
1.192308 -0.07692308 0.96
1.115385 -0.1538462 0.88
1 -0.1923077 0.8
0.9230769 -0.2307692 0.72
0.8076923 -0.2692308 0.64
0.7307692 -0.3076923 0.52
0.6538461 -0.3076923 0.44
0.6538461 -0.2692308 0.32
0.6153846 -0.2692308 0.28
0.5769231 -0.2307692 0.24
0.5 -0.2692308 0.2
0.4615385 -0.3076923 0.2
0.3846154 -0.3076923 0.2
0.3461539 -0.3076923 0.16
0.2307692 -0.3076923 0.16
0.1923077 -0.3076923 0.16
0.1153846 -0.2692308 0.12
0.1153846 -0.2692308 0.08
0.1153846 -0.2307692 0.08
0.07692308 -0.2307692 0.12
0.07692308 -0.2307692 0.16
0.07692308 -0.1923077 0.12
0.1153846 -0.1538462 0.04
0.07692308 -0.07692308 0.04
0.07692308 0 0.04
0.07692308 0.03846154 0.12
0.03846154 0.07692308 0.32
0 0.07692308 0.52
0 0.07692308 0.72
0.03846154 0.07692308 0.92
0.07692308 0.07692308 1.12
0.03846154 0.03846154 1.36
-0.1538462 -0.07692308 2
-0.1538462 -0.07692308 2.28
-0.07692308 -0.07692308 2.52
0.07692308 -0.07692308 2.6
0.2307692 -0.07692308 2.6
0.3461539 -0.03846154 2.48
0.4230769 0 2.32
0.5 0 2.12
0.5384616 0.03846154 1.96
0.5769231 0.03846154 1.84
0.5769231 0.03846154 1.72
0.6153846 0.03846154 1.56
0.6153846 0.03846154 1.48
0.6538461 0.03846154 1.36
0.6538461 0.03846154 1.24
0.6923077 0.03846154 1.12
0.6923077 0.07692308 1.04
0.6923077 0.07692308 0.96
0.7307692 0.1153846 0.88
0.8461539 0.1923077 0.8
0.9615384 0.2692308 0.68
1.076923 0.3076923 0.6
1.192308 0.3846154 0.52
1.269231 0.4615385 0.4
1.307692 0.5384616 0.32
1.307692 0.6538461 0.24
1.346154 0.7692308 0.12
1.346154 0.8461539 0.08
1.307692 0.9230769 0.08
1.115385 0.9615384 0.24
0.9230769 0.9230769 0.44
0.5384616 0.8461539 0.68
0.07692308 0.6923077 1.08
-0.3846154 0.4230769 1.52
-0.7307692 0.1538462 1.8
-0.9230769 0 1.96
-1 -0.1538462 2
-1 -0.2307692 1.92
-0.9230769 -0.2692308 1.76
-0.8076923 -0.2307692 1.56
-0.6538461 -0.1923077 1.36
-0.5384616 -0.1923077 1.24
-0.4230769 -0.1538462 1.16
-0.2692308 -0.07692308 1.08
-0.1923077 0 1.04
-0.1153846 0 1
-0.1153846 0 1
-0.07692308 0.03846154 1
0 0.07692308 1
0.07692308 0.1153846 0.96
0.1923077 0.1538462 0.96
0.2307692 0.1923077 0.96
0.2692308 0.2307692 1
0.2692308 0.2307692 1.04
0.2692308 0.1923077 1.04
0.2692308 0.1923077 1
0.2307692 0.1538462 1
0.1923077 0.1153846 1.04
0.1923077 0.1153846 1.04
0.1923077 0.07692308 1.04
0.2307692 0.1153846 1.08
0.2307692 0.07692308 1.04
0.2307692 0.07692308 1
0.1923077 0.07692308 1
0.1923077 0.03846154 1
