0.9230769 0.2307692 1.72
0.9230769 0.2307692 1.72
0.9230769 0.2307692 1.72
0.9230769 0.2307692 1.72
0.9230769 0.2307692 1.72
0.9230769 0.2307692 1.72
0.9230769 0.2307692 1.72
0.9230769 0.2307692 1.72
0.9230769 0.2307692 1.72
0.9230769 0.2307692 1.72
0.9230769 0.2307692 1.72
0.9230769 0.2307692 1.72
0.9230769 0.2307692 1.72
1.153846 0.4230769 1.68
1.346154 0.5769231 1.64
1.346154 0.5769231 1.64
1.346154 0.5769231 1.64
1.461538 0.6538461 1.56
1.5 0.7307692 1.44
1.538462 0.7307692 1.32
1.576923 0.7307692 1.24
1.615385 0.7307692 1.16
1.615385 0.7307692 1.04
1.538462 0.6538461 0.92
1.384615 0.5769231 0.8
1.269231 0.4615385 0.76
1.192308 0.4230769 0.68
1.153846 0.3846154 0.64
1.115385 0.3461539 0.56
1.038462 0.3076923 0.56
1 0.2692308 0.48
0.9230769 0.1923077 0.44
0.8461539 0.1538462 0.4
0.7692308 0.1153846 0.36
0.7307692 0.07692308 0.32
0.6538461 0.07692308 0.28
0.6153846 0.03846154 0.24
0.5384616 0 0.2
0.4615385 0 0.16
0.4230769 0 0.12
0.3461539 -0.03846154 0.04
0.3076923 -0.03846154 0.04
0.2692308 -0.07692308 0
0.2307692 -0.07692308 0
0.1923077 -0.1153846 0.04
0.1153846 -0.1538462 0.04
0.07692308 -0.1538462 0
0.03846154 -0.1923077 0
-0.03846154 -0.1923077 0.04
-0.07692308 -0.2307692 0.04
-0.1153846 -0.2307692 0.08
-0.1538462 -0.2307692 0.08
-0.1923077 -0.2692308 0.08
-0.2307692 -0.2307692 0.12
-0.2692308 -0.2307692 0.12
-0.2692308 -0.2307692 0.2
-0.2692308 -0.2307692 0.24
-0.2692308 -0.2307692 0.28
-0.2692308 -0.2307692 0.32
-0.2692308 -0.2692308 0.4
-0.2692308 -0.2692308 0.4
-0.3076923 -0.2692308 0.4
-0.3461539 -0.2692308 0.48
-0.3461539 -0.3076923 0.6
-0.3461539 -0.3461539 0.68
-0.3846154 -0.3461539 0.76
-0.4230769 -0.3846154 0.84
-0.4230769 -0.4230769 0.96
-0.4230769 -0.4230769 1
-0.3846154 -0.4230769 1
-0.3076923 -0.3846154 1.08
-0.1923077 -0.3076923 1.16
-0.07692308 -0.2307692 1.24
0.03846154 -0.1538462 1.36
0.1153846 -0.1538462 1.44
0.1153846 -0.1538462 1.56
0.07692308 -0.2307692 1.64
-0.03846154 -0.3461539 1.64
-0.1538462 -0.3846154 1.64
-0.1923077 -0.3461539 1.6
-0.07692308 -0.2307692 1.56
0.07692308 -0.07692308 1.52
0.2692308 0.1153846 1.56
0.5384616 0.3076923 1.64
0.8461539 0.4230769 1.64
1 0.4615385 1.6
1.038462 0.5 1.48
1.038462 0.5 1.28
1.153846 0.5384616 1.08
1.230769 0.5769231 0.96
1.346154 0.6153846 0.88
1.423077 0.6153846 0.88
1.423077 0.5769231 0.92
1.423077 0.5769231 0.92
1.423077 0.5384616 0.88
1.307692 0.4615385 0.84
1.153846 0.3461539 0.8
1 0.2692308 0.76
0.8846154 0.1923077 0.76
0.8461539 0.1538462 0.72
0.7692308 0.1153846 0.68
0.6923077 0.07692308 0.68
0.6538461 0.03846154 0.68
0.6153846 0 0.68
0.5769231 -0.03846154 0.72
0.5384616 -0.03846154 0.76
