0.07692308 0 0.28
0.07692308 0 0.28
0.07692308 0 0.28
0.07692308 0 0.28
0.07692308 0 0.28
0.07692308 0 0.28
0.07692308 0 0.28
0.07692308 0 0.28
0.07692308 0 0.28
0.07692308 0 0.28
0.1153846 0 0.36
0.1153846 0 0.36
0.1153846 0 0.44
0.1153846 0 0.44
0.1153846 0 0.44
0.1153846 0.03846154 0.56
0.1538462 0.07692308 0.68
0.1923077 0.1153846 0.92
0.3076923 0.1153846 1.16
0.3461539 0.1153846 1.36
0.3461539 0.07692308 1.56
0.4230769 0 1.68
0.3846154 0 1.8
0.4230769 -0.03846154 2
0.4615385 -0.07692308 2.16
0.5 -0.03846154 2.32
0.5769231 -0.07692308 2.36
0.6153846 -0.1153846 2.32
0.6153846 -0.1153846 2.2
0.6153846 -0.1538462 2.08
0.6153846 -0.1538462 1.96
0.6153846 -0.1923077 1.88
0.5384616 -0.2307692 1.8
0.5 -0.2307692 1.72
0.4615385 -0.2692308 1.68
0.4615385 -0.2692308 1.72
0.4230769 -0.2692308 1.68
0.4230769 -0.2307692 1.64
0.4230769 -0.2307692 1.56
0.3846154 -0.2307692 1.48
0.3461539 -0.2307692 1.4
0.3461539 -0.2307692 1.36
0.3076923 -0.1923077 1.36
0.3461539 -0.1923077 1.32
0.3461539 -0.1923077 1.32
0.3461539 -0.1538462 1.32
0.3461539 -0.1538462 1.32
0.3846154 -0.1923077 1.32
0.3461539 -0.1923077 1.36
0.3461539 -0.1538462 1.36
0.3461539 -0.1538462 1.36
0.4230769 -0.1538462 1.4
0.4615385 -0.1153846 1.4
0.4615385 -0.1153846 1.36
