0.9615384 -0.1538462 2.04
0.9615384 -0.1538462 2.04
0.9615384 -0.1538462 2.04
0.9615384 -0.1538462 2.04
0.9615384 -0.1538462 2.04
0.9615384 -0.1538462 2.04
0.9615384 -0.1538462 2.04
0.9615384 -0.1538462 2.04
0.9615384 -0.1538462 2.04
0.9615384 -0.1538462 2.04
1.076923 -0.03846154 2.08
1.076923 -0.03846154 2.08
1.076923 -0.03846154 2.08
1.115385 0.03846154 2.12
1.115385 0.03846154 2.12
1.115385 0.03846154 2.12
1.115385 0.1153846 2.16
1.115385 0.1538462 2.12
1.076923 0.1923077 2.04
0.9615384 0.1923077 1.88
0.8461539 0.1538462 1.64
0.6923077 0.1538462 1.44
0.5769231 0.1153846 1.2
0.5 0.07692308 1.04
0.4230769 0.03846154 0.92
0.3461539 0.03846154 0.8
0.2692308 0 0.64
0.2307692 0 0.48
0.1923077 0 0.36
0.1923077 0 0.28
0.1923077 -0.03846154 0.16
0.1538462 0 0.08
0.1538462 -0.03846154 -0.04
0.1538462 -0.07692308 -0.08
0.1538462 -0.07692308 -0.12
0.1153846 -0.1538462 -0.16
0.07692308 -0.1923077 -0.2
0.03846154 -0.2307692 -0.24
0 -0.3076923 -0.2
-0.03846154 -0.3461539 -0.12
-0.03846154 -0.3846154 -0.08
0 -0.4230769 -0.04
0.03846154 -0.4230769 0
0.1153846 -0.4230769 0.04
0.1923077 -0.4615385 0.08
0.1923077 -0.4615385 0.12
0.1923077 -0.5 0.12
0.1538462 -0.5384616 0.16
0.1538462 -0.5384616 0.24
0.1538462 -0.5769231 0.28
0.1538462 -0.5384616 0.28
0.1538462 -0.5384616 0.28
0.1923077 -0.5384616 0.32
0.2307692 -0.5384616 0.32
0.2692308 -0.5384616 0.36
0.2307692 -0.5769231 0.36
0.2307692 -0.5769231 0.36
0.2307692 -0.6153846 0.32
0.2307692 -0.6153846 0.32
0.2307692 -0.6153846 0.36
0.2692308 -0.5769231 0.4
0.3076923 -0.5384616 0.44
0.3076923 -0.5384616 0.44
0.3461539 -0.5384616 0.44
0.3461539 -0.5384616 0.4
0.3461539 -0.5769231 0.4
