-0.2692308 -0.5769231 1.4
-0.2692308 -0.5769231 1.4
-0.2692308 -0.5769231 1.4
-0.2692308 -0.5769231 1.4
-0.2692308 -0.5769231 1.4
-0.2692308 -0.5769231 1.4
-0.2692308 -0.5769231 1.4
-0.2692308 -0.5769231 1.4
-0.2692308 -0.5769231 1.4
-0.2692308 -0.5769231 1.4
-0.4615385 -0.6538461 1.52
-0.4615385 -0.6538461 1.52
-0.4615385 -0.6538461 1.52
-0.6153846 -0.7692308 1.6
-0.6153846 -0.7692308 1.6
-0.6538461 -0.7692308 1.56
-0.6923077 -0.7692308 1.56
-0.6538461 -0.6923077 1.52
-0.6153846 -0.6538461 1.48
-0.5384616 -0.5769231 1.4
-0.4615385 -0.4615385 1.32
-0.3461539 -0.3846154 1.24
-0.2307692 -0.2692308 1.2
-0.07692308 -0.1538462 1.08
0.1153846 -0.07692308 0.96
0.2692308 0 0.84
0.3846154 0.07692308 0.76
0.4615385 0.1153846 0.76
0.5384616 0.1538462 0.68
0.5769231 0.1538462 0.68
0.6538461 0.1538462 0.64
0.7692308 0.1923077 0.6
0.8846154 0.2307692 0.6
1.153846 0.3461539 0.6
1.230769 0.3461539 0.64
1.230769 0.3076923 0.64
1.192308 0.2307692 0.64
1.115385 0.1538462 0.6
1.038462 0.07692308 0.6
0.9615384 0.03846154 0.64
0.9615384 0 0.6
0.9230769 -0.03846154 0.64
0.8461539 -0.07692308 0.64
0.7692308 -0.1538462 0.64
0.6923077 -0.1923077 0.6
0.6538461 -0.2307692 0.6
0.6153846 -0.2307692 0.6
0.6153846 -0.2692308 0.6
0.5769231 -0.2692308 0.6
0.5384616 -0.3076923 0.6
0.5 -0.3076923 0.68
0.4615385 -0.3076923 0.68
0.4230769 -0.3461539 0.68
0.4230769 -0.3461539 0.72
0.4230769 -0.3076923 0.76
0.4230769 -0.3076923 0.8
0.4230769 -0.3076923 0.76
0.4615385 -0.2692308 0.68
0.4615385 -0.2692308 0.68
0.5 -0.2692308 0.68
0.4615385 -0.2692308 0.72
0.4615385 -0.2692308 0.68
0.4230769 -0.2692308 0.68
