0.2692308 -0.2307692 0.96
0.2692308 -0.2307692 0.96
0.2692308 -0.2307692 0.96
0.2692308 -0.2307692 0.96
0.2692308 -0.2307692 0.96
0.2692308 -0.2307692 0.96
0.2692308 -0.2307692 0.96
0.2692308 -0.2307692 0.96
0.2692308 -0.2307692 0.96
0.2692308 -0.2307692 0.96
0.2692308 -0.2307692 0.96
0.2692308 -0.2307692 0.96
0.1153846 -0.2692308 1.08
-0.03846154 -0.3461539 1.28
-0.2307692 -0.4230769 1.48
-0.4615385 -0.5 1.64
-0.6153846 -0.5769231 1.72
-0.7307692 -0.6538461 1.72
-0.7307692 -0.6538461 1.64
-0.6923077 -0.5769231 1.56
-0.6538461 -0.5384616 1.56
-0.6153846 -0.4615385 1.48
-0.5384616 -0.3846154 1.4
-0.3846154 -0.2307692 1.32
-0.2307692 -0.1538462 1.28
-0.07692308 -0.03846154 1.16
0.07692308 0 1.12
0.1923077 0.07692308 1.04
0.3461539 0.1538462 0.96
0.4230769 0.1923077 0.92
0.4615385 0.1538462 0.84
0.5 0.1923077 0.76
0.5769231 0.1923077 0.72
0.6153846 0.2307692 0.68
0.7692308 0.2692308 0.64
0.8461539 0.3076923 0.64
0.9615384 0.3461539 0.6
1.076923 0.3846154 0.64
1.115385 0.3461539 0.6
1.115385 0.3076923 0.56
1.076923 0.2692308 0.6
1.038462 0.1923077 0.6
1 0.1538462 0.64
0.9230769 0.07692308 0.68
0.9230769 0.03846154 0.72
0.9230769 0.03846154 0.72
0.9230769 0 0.64
0.9230769 0 0.64
0.8846154 -0.03846154 0.64
0.8461539 -0.07692308 0.64
0.8461539 -0.07692308 0.68
0.8076923 -0.1153846 0.8
0.7692308 -0.1153846 0.76
0.7692308 -0.07692308 0.68
0.7692308 -0.07692308 0.64
0.8076923 -0.1153846 0.6
0.8076923 -0.1153846 0.6
