0.8846154 -0.03846154 0.64
0.9615384 0 0.68
0.9615384 0 0.68
0.9615384 0 0.68
0.9615384 0 0.68
0.9615384 0 0.68
0.9615384 0 0.68
0.9615384 0 0.68
0.9615384 0 0.68
1 0.07692308 0.76
1 0.07692308 0.76
1 0.07692308 0.76
1 0.07692308 0.76
1 0.07692308 0.76
1.038462 0.1153846 0.72
1.076923 0.1538462 0.64
1.115385 0.1538462 0.56
1.153846 0.1923077 0.48
1.192308 0.2692308 0.4
1.230769 0.3076923 0.36
1.192308 0.3461539 0.4
1.230769 0.3846154 0.44
1.230769 0.4615385 0.52
1.269231 0.5384616 0.56
1.307692 0.6153846 0.6
1.307692 0.6538461 0.6
1.230769 0.6923077 0.6
1.115385 0.7692308 0.64
1 0.7692308 0.68
0.9615384 0.8076923 0.64
0.9615384 0.8461539 0.6
0.9230769 0.8846154 0.6
0.8076923 0.9615384 0.76
0.5769231 0.9230769 1.08
0.3846154 0.8846154 1.32
0.1923077 0.8076923 1.52
-0.2692308 0.5769231 1.72
-0.6538461 0.1923077 1.8
-0.8076923 -0.07692308 1.72
-0.7692308 -0.2307692 1.56
-0.6538461 -0.2692308 1.44
-0.5384616 -0.3076923 1.4
-0.5 -0.3461539 1.4
-0.5 -0.3846154 1.36
-0.5 -0.3846154 1.28
-0.4230769 -0.3846154 1.24
-0.3461539 -0.3461539 1.2
-0.2692308 -0.3461539 1.2
-0.1923077 -0.3076923 1.2
-0.1538462 -0.3076923 1.16
-0.07692308 -0.3076923 1.16
-0.03846154 -0.2692308 1.16
0.03846154 -0.2692308 1.12
0.07692308 -0.2307692 1.12
0.1538462 -0.1923077 1.08
0.2307692 -0.1923077 1.08
0.2307692 -0.1923077 1.08
0.2692308 -0.1923077 1.04
0.2692308 -0.1923077 1.04
0.2692308 -0.1923077 1
0.3076923 -0.1538462 1
0.3076923 -0.1538462 0.96
0.3076923 -0.1538462 0.96
0.3076923 -0.1153846 0.96
0.3076923 -0.1153846 1
0.3461539 -0.1538462 1
0.3461539 -0.1153846 0.96
0.3461539 -0.1153846 0.96
0.3461539 -0.1538462 0.92
0.3846154 -0.1538462 0.88
0.3846154 -0.1538462 0.84
