1385109951910 90026363732767 741722000000 -3.524265 0.459687 9.346964
1385109952025 90026478295756 741832000000 -3.064578 0.153229 9.193734
1385109952138 90026591058207 741942000000 -4.137181 -1.225831 9.959879
1385109952224 90026677056742 742052000000 -3.677494 -6.282385 11.492168
1385109952343 90026796105814 742162000000 -2.298434 -6.588843 11.492168
1385109952476 90026929101420 742272000000 1.532289 -3.524265 7.661446
1385109952580 90027033776713 742382000000 6.435614 2.604892 3.677494
1385109952674 90027127099467 742492000000 9.500193 8.887277 6.129157
1385109952805 90027258752299 742602000000 10.419566 10.572795 11.032481
1385109952897 90027350396586 742712000000 14.403518 5.669470 11.645397
1385109953016 90027469964457 742822000000 15.476120 -7.048530 6.129157
1385109953118 90027571099711 742932000000 11.492168 -11.951855 1.225831
1385109953229 90027682641459 743042000000 6.588843 -16.089035 -2.298434
1385109953341 90027794946146 743152000000 9.193734 -11.645397 -0.306458
1385109953455 90027908166361 743262000000 17.927782 -6.742072 0.612916
1385109953543 90027996911478 743372000000 17.774553 0.919373 1.838747
1385109953656 90028109948588 743482000000 11.645397 -0.459687 1.225831
1385109953773 90028226861429 743592000000 8.274362 -1.838747 2.451663
1385109953887 90028340417338 743702000000 7.201759 -4.596867 4.137181
1385109953999 90028452294779 743812000000 7.967903 -4.750096 5.056554
1385109954115 90028568749857 743922000000 -1.838747 14.556746 -8.274362
1385109954228 90028681481791 744032000000 7.814674 -5.669470 5.209783
1385109954341 90028794457865 744142000000 7.508216 -4.290410 4.903325
