1385109998443 90072896264506 788252000000 -5.056554 0.306458 8.734048
1385109998556 90073009210062 788362000000 -5.209783 1.072602 8.734048
1385109998670 90073123071146 788472000000 -5.363012 -1.379060 8.887277
1385109998758 90073211877299 788582000000 -5.363012 -4.750096 9.653421
1385109998874 90073327569437 788692000000 -3.217807 -3.983952 9.040505
1385109998987 90073440820170 788802000000 0.306458 0.459687 4.596867
1385109999102 90073555718851 788912000000 3.983952 5.363012 4.137181
1385109999216 90073669549418 789022000000 7.354988 8.427590 8.734048
1385109999327 90073780663920 789132000000 8.734048 10.879252 13.637373
1385109999416 90073869500590 789242000000 10.266337 1.685518 10.266337
1385109999535 90073988030863 789352000000 11.645397 -7.201759 5.516241
1385109999646 90074099481058 789462000000 9.346964 -12.871228 2.451663
1385109999759 90074212121439 789572000000 7.354988 -14.250289 2.451663
1385109999884 90074337029887 789682000000 11.645397 -11.951855 2.758120
1385109999969 90074422570658 789792000000 18.693928 -3.524265 1.991976
1385110000085 90074538049173 789902000000 16.089035 1.991976 2.758120
1385110000198 90074651666117 790012000000 10.419566 -0.766145 2.758120
1385110000316 90074769097758 790122000000 7.967903 -1.685518 4.290410
1385110000425 90074878777933 790232000000 7.048530 -5.822699 5.209783
1385110000514 90074967950296 790342000000 7.048530 -5.822699 5.056554
1385110000637 90075090600443 790452000000 8.427590 -5.822699 4.596867
1385110000751 90075204492045 790562000000 7.354988 -5.975927 5.669470
1385110000849 90075302331400 790672000000 7.508216 -5.669470 5.056554
1385110000964 90075417779398 790782000000 7.967903 -4.596867 5.209783
1385110001076 90075529260111 790892000000 6.895301 -4.750096 5.363012
1385110001189 90075642846537 791002000000 5.822699 -5.516241 5.056554
1385110001303 90075756921244 791112000000 5.669470 -6.435614 5.363012
1385110001418 90075871240091 791222000000 5.975927 -5.363012 5.822699
1385110001504 90075957940531 791332000000 6.742072 -4.750096 6.282385
1385110001618 90076072015238 791442000000 7.048530 -6.129157 5.516241
1385110001736 90076189996195 791552000000 7.201759 -5.363012 7.048530
