1385110003831 90078284600687 793652000000 -4.750096 -0.153229 8.580819
1385110003945 90078398187113 793762000000 -4.903325 0.153229 8.887277
1385110004058 90078511132670 793872000000 -5.363012 -1.991976 8.427590
1385110004171 90078624932718 793982000000 -4.443638 -7.661446 10.419566
1385110004284 90078737512064 794092000000 -3.371036 -7.967903 9.959879
1385110004398 90078851983500 794202000000 -0.153229 -2.911349 6.742072
1385110004500 90078953759623 794312000000 2.758120 1.379060 5.363012
1385110004613 90079066216898 794422000000 5.516241 8.427590 6.742072
1385110004726 90079180047465 794532000000 7.048530 9.653421 8.734048
1385110004814 90079267510844 794642000000 8.887277 10.726024 10.726024
1385110004928 90079381188822 794752000000 12.717999 -0.459687 8.121132
1385110005043 90079496331644 794862000000 12.105083 -9.653421 3.217807
1385110005154 90079607354593 794972000000 13.330915 -11.492168 2.604892
1385110005266 90079719903422 795082000000 9.040505 -14.403518 1.838747
1385110005379 90079832421732 795192000000 13.943830 -10.266337 1.532289
1385110005494 90079947900248 795302000000 18.081011 -1.379060 0.612916
1385110005607 90080060723734 795412000000 13.330915 -1.379060 0.000000
1385110005731 90080184289408 795522000000 9.346964 0.000000 1.838747
1385110005819 90080272546244 795632000000 7.967903 -2.911349 2.758120
1385110005932 90080385705424 795742000000 7.508216 -6.435614 3.524265
1385110006042 90080495782328 795852000000 8.427590 -9.193734 0.766145
1385110006156 90080609734965 795962000000 7.201759 -7.508216 4.596867
1385110006253 90080706689310 796072000000 7.508216 -5.363012 4.137181
1385110006360 90080813073588 796182000000 7.661446 -5.822699 2.758120
