1387383089722 599373741804983 1966736000000 6.435614 -3.217807 7.508216
1387383089833 599373852858450 1966846000000 6.588843 -3.217807 8.121132
1387383089936 599373955702688 1966956000000 7.814674 -3.371036 14.403518
1387383090057 599374077376272 1967066000000 7.201759 -4.596867 14.709975
1387383090169 599374189192678 1967176000000 3.524265 -2.604892 6.895301
1387383090269 599374289381887 1967286000000 -2.451663 -0.459687 1.838747
1387383090396 599374415602590 1967396000000 -7.814674 0.306458 2.604892
1387383090500 599374520430471 1967506000000 -7.967903 0.306458 6.282385
1387383090600 599374620406057 1967616000000 -7.508216 0.766145 7.048530
1387383090727 599374746809866 1967726000000 -7.814674 0.153229 6.282385
1387383090827 599374846663381 1967836000000 -7.508216 -0.306458 6.895301
1387383090930 599374950575735 1967946000000 -8.580819 0.000000 6.742072
1387383091057 599375076765920 1968056000000 -7.661446 -1.685518 7.354988
1387383091165 599375185439016 1968166000000 -7.201759 0.153229 6.895301
