1384855236852 27979978481230 507090000000 6.282385 -3.217807 7.354988
1384855236961 27980086818633 507200000000 6.895301 -3.371036 7.354988
1384855237085 27980211177763 507310000000 5.975927 -2.145205 7.354988
1384855237196 27980322261748 507420000000 6.588843 -3.524265 9.346964
1384855237308 27980434657988 507530000000 13.330915 -5.822699 16.395493
1384855237423 27980549312529 507640000000 12.411542 -3.983952 14.556746
1384855237511 27980637294707 507750000000 6.895301 -4.137181 5.975927
1384855237627 27980753200468 507860000000 -0.153229 -0.766145 1.838747
1384855237739 27980865291533 507970000000 -4.137181 2.145205 0.459687
1384855237841 27980966945585 508080000000 -7.814674 3.677494 0.919373
1384855237965 27981091365751 508190000000 -8.427590 2.758120 1.991976
1384855238059 27981185115751 508300000000 -8.580819 2.604892 3.217807
1384855238175 27981301204619 508410000000 -8.734048 3.217807 3.064578
1384855238287 27981413417753 508520000000 -8.887277 3.524265 2.451663
1384855238400 27981525752959 508630000000 -8.887277 3.064578 3.217807
1384855238526 27981652034697 508740000000 -8.580819 3.217807 3.524265
1384855238632 27981757778105 508850000000 -8.887277 3.064578 3.371036
1384855238725 27981851528105 508960000000 -8.734048 3.064578 3.677494
1384855238852 27981977870879 509070000000 -9.040505 2.604892 2.758120
1384855238952 27982078243193 509180000000 -9.040505 2.604892 2.758120
1384855239055 27982181697783 509290000000 -8.274362 1.991976 3.064578
1384855239174 27982300716337 509400000000 -9.040505 3.064578 4.443638
