1384855300560 28043686000761 570780000000 8.734048 -2.604892 4.903325
1384855300653 28043779659208 570890000000 8.887277 -2.911349 4.903325
1384855300765 28043891689238 571000000000 9.653421 -3.064578 11.951855
1384855300884 28044009731230 571110000000 16.548723 -5.516241 20.072987
1384855300993 28044118770537 571220000000 15.476120 -6.895301 10.266337
1384855301106 28044232265410 571330000000 6.129157 -3.064578 3.677494
1384855301219 28044345516142 571440000000 -0.919373 0.153229 2.298434
1384855301332 28044458431181 571550000000 -4.903325 1.072602 -1.072602
1384855301421 28044546749052 571660000000 -7.201759 1.838747 -2.145205
1384855301535 28044660884794 571770000000 -9.193734 3.217807 -0.459687
1384855301646 28044771816191 571880000000 -10.113108 1.838747 1.379060
1384855301756 28044881740507 571990000000 -9.040505 1.838747 1.991976
1384855301867 28044993678984 572100000000 -9.193734 2.758120 2.298434
1384855301985 28045111446318 572210000000 -9.653421 2.451663 2.298434
1384855302099 28045224849638 572320000000 -9.193734 2.604892 2.451663
1384855302191 28045316768584 572430000000 -9.653421 1.379060 1.991976
1384855302314 28045439998564 572540000000 -9.806650 10.266337 -10.266337
1384855302438 28045564510283 572650000000 -13.177687 6.435614 1.838747
1384855302521 28045647121367 572760000000 -9.500193 2.604892 2.604892
