1385109905727 89980181024027 695552000000 9.500193 -1.225831 3.371036
1385109905849 89980302789164 695662000000 9.653421 -1.072602 3.677494
1385109905965 89980418359232 695772000000 9.346964 -0.459687 3.524265
1385109906053 89980506768656 695882000000 8.887277 -1.685518 2.604892
1385109906167 89980620385599 695992000000 12.105083 -4.290410 12.871228
1385109906281 89980734063578 696102000000 24.669855 -4.137181 24.363398
1385109906400 89980853936625 696212000000 25.742456 -4.443638 3.983952
1385109906507 89980960473490 696322000000 8.580819 0.153229 -5.516241
1385109906620 89981073327494 696432000000 -4.290410 3.217807 -8.121132
1385109906734 89981187066507 696542000000 -5.975927 0.306458 -7.201759
1385109906826 89981279260111 696652000000 3.830723 -5.363012 -5.516241
1385109906940 89981393365336 696762000000 19.460072 -6.895301 8.887277
1385109907054 89981507134867 696872000000 23.444023 -7.354988 18.693928
1385109907157 89981610986185 696982000000 11.338940 0.000000 11.798626
1385109907271 89981724542093 697092000000 9.500193 -1.379060 6.435614
1385109907385 89981838525248 697202000000 9.040505 -2.451663 3.524265
1385109907498 89981951379252 697312000000 8.580819 -3.217807 3.983952
1385109907611 89982064813090 697422000000 8.887277 -3.524265 4.596867
1385109907725 89982178246927 697532000000 9.653421 -3.371036 4.443638
1385109907814 89982267144633 697642000000 9.193734 -3.371036 4.903325
