1384350633333 141707511246589 436907000000 -0.153229 1.225831 10.266337
1384350633431 141707609269050 437017000000 -0.306458 1.685518 9.653421
1384350633556 141707734055427 437127000000 0.459687 0.612916 7.048530
1384350633646 141707824662116 437237000000 -1.379060 0.612916 6.588843
1384350633775 141707953141120 437347000000 0.153229 -1.838747 6.282385
1384350633875 141708053177741 437457000000 0.000000 0.766145 7.048530
1384350634001 141708178788093 437567000000 1.991976 0.000000 11.951855
1384350634088 141708266648200 437677000000 2.758120 0.153229 13.024457
1384350634214 141708392319587 437787000000 3.524265 -0.766145 13.330915
1384350634318 141708496659186 437897000000 3.830723 -8.887277 -48.573563
1384350634420 141708597824958 438007000000 3.983952 0.306458 10.879252
