1384350652603 141726781144050 456177000000 -0.766145 2.604892 9.346964
1384350652714 141726892411140 456287000000 -0.766145 2.604892 9.193734
1384350652827 141727004868415 456397000000 -0.153229 1.072602 5.516241
1384350652938 141727116074470 456507000000 -0.612916 1.532289 4.750096
1384350653027 141727205552009 456617000000 -0.459687 0.000000 6.588843
1384350653142 141727319779304 456727000000 1.838747 -0.612916 9.806650
1384350653253 141727431565192 456837000000 4.137181 0.153229 15.169662
1384350653356 141727534012702 456947000000 3.524265 0.766145 15.169662
1384350653467 141727645584968 457057000000 4.443638 0.000000 12.105083
1384350653579 141727756821540 457167000000 4.596867 0.766145 9.346964
1384350653706 141727884507087 457277000000 3.677494 -0.306458 9.806650
1384350653806 141727983811286 457387000000 4.596867 -0.306458 9.653421
1384350653906 141728084214118 457497000000 4.137181 -0.612916 8.580819
