1384268705228 115579151883157 5754986000000 7.967903 -3.371036 5.516241
1384268705326 115579249783547 5755096000000 8.121132 -2.911349 5.669470
1384268705432 115579355069192 5755206000000 7.661446 -3.064578 5.209783
1384268705557 115579480008157 5755316000000 11.185710 -5.669470 17.774553
1384268705658 115579581357034 5755426000000 14.403518 -8.121132 15.322891
1384268705762 115579685818704 5755536000000 10.266337 -5.056554 1.532289
1384268705873 115579796597512 5755646000000 0.612916 0.459687 -3.677494
1384268705984 115579907650979 5755756000000 -0.766145 -3.064578 -5.975927
1384268706095 115580018795999 5755866000000 6.435614 -2.911349 3.983952
1384268706223 115580146634133 5755976000000 12.105083 -5.669470 15.782578
1384268706325 115580248776467 5756086000000 10.113108 -3.830723 14.403518
1384268706433 115580356167825 5756196000000 6.435614 -5.822699 10.113108
1384268706532 115580455136331 5756306000000 6.742072 -7.048530 6.129157
1384268706663 115580586606057 5756416000000 6.588843 -2.911349 5.363012
1384268706759 115580682217630 5756526000000 6.742072 -3.830723 7.661446
