1384268755238 115629161282571 5805006000000 7.201759 -1.685518 6.435614
1384268755350 115629273129495 5805116000000 7.814674 -1.685518 6.742072
1384268755449 115629372616799 5805226000000 7.201759 -3.677494 11.185710
1384268755575 115629498715432 5805336000000 12.105083 -5.209783 19.766529
1384268755685 115629608761819 5805446000000 12.871228 -2.758120 11.338940
1384268755783 115629706357034 5805556000000 5.669470 -2.298434 -2.298434
1384268755894 115629817502053 5805666000000 -1.379060 0.612916 -5.209783
1384268756020 115629943814309 5805776000000 1.379060 -2.451663 -2.145205
1384268756122 115630045041116 5805886000000 7.508216 -5.975927 9.040505
1384268756231 115630154233010 5805996000000 10.419566 -6.742072 15.935806
1384268756343 115630266293557 5806106000000 8.427590 -2.298434 14.250289
1384268756447 115630370053323 5806216000000 5.975927 -5.209783 7.508216
1384268756571 115630494168313 5806326000000 7.201759 -6.588843 6.895301
1384268756658 115630581204446 5806436000000 6.742072 -4.443638 6.129157
1384268756784 115630707058938 5806546000000 7.201759 -4.137181 7.661446
1384268756887 115630810116799 5806656000000 5.822699 -3.983952 5.975927
