1387384675439 600959459212209 3387073000000 8.580819 4.290410 3.524265
1387384675528 600959548476126 3387183000000 8.274362 4.137181 3.217807
1387384675640 600959660353567 3387293000000 8.427590 4.750096 4.596867
1387384675756 600959776564504 3387403000000 10.266337 7.201759 10.879252
1387384675868 600959888045217 3387513000000 11.185710 5.975927 10.113108
1387384675979 600959998640920 3387623000000 10.572795 6.588843 7.661446
1387384676092 600960111769583 3387733000000 7.048530 3.983952 3.064578
1387384676200 600960220564749 3387843000000 0.919373 3.830723 0.153229
1387384676311 600960331465627 3387953000000 -2.145205 2.758120 1.072602
1387384676426 600960445998098 3388063000000 -1.379060 1.532289 2.758120
1387384676533 600960553023245 3388173000000 2.758120 0.766145 5.209783
1387384676649 600960669264700 3388283000000 8.734048 5.363012 8.427590
1387384676758 600960778090383 3388393000000 11.338940 4.596867 11.338940
1387384676869 600960889296438 3388503000000 9.346964 5.669470 9.500193
1387384676971 600960991133596 3388613000000 8.427590 3.064578 7.508216
1387384677075 600961095290090 3388723000000 8.427590 1.685518 6.895301
1387384677197 600961217360403 3388833000000 8.274362 0.000000 6.588843
1387384677296 600961315627004 3388943000000 8.274362 0.000000 6.588843
1387384677399 600961418806936 3389053000000 10.726024 -1.225831 6.129157
1387384677509 600961529189016 3389163000000 7.814674 0.000000 6.435614
1387384677621 600961640883352 3389273000000 8.274362 -0.306458 6.742072
