1387384707942 600991961684133 3419583000000 8.274362 4.290410 3.064578
1387384708052 600992071913626 3419693000000 8.427590 4.290410 3.371036
1387384708165 600992185469534 3419803000000 9.959879 6.895301 9.959879
1387384708267 600992286787893 3419913000000 12.564771 4.750096 12.105083
1387384708368 600992388014700 3420023000000 12.258313 6.435614 7.508216
1387384708490 600992510481741 3420133000000 5.975927 2.604892 0.000000
1387384708608 600992627943899 3420243000000 0.153229 1.225831 -0.153229
1387384708705 600992724898245 3420353000000 -0.612916 -0.459687 2.604892
1387384708828 600992847975637 3420463000000 1.991976 -0.459687 4.137181
1387384708925 600992945387747 3420573000000 7.508216 5.822699 8.734048
1387384709048 600993067793752 3420683000000 9.959879 6.588843 9.040505
1387384709146 600993165724661 3420793000000 9.500193 4.903325 9.193734
1387384709255 600993275526907 3420903000000 7.661446 3.983952 7.967903
1387384709367 600993387434866 3421013000000 8.274362 0.459687 7.201759
1387384709478 600993497633840 3421123000000 7.661446 0.306458 7.048530
1387384709589 600993609511282 3421233000000 8.121132 0.000000 6.282385
1387384709701 600993721419241 3421343000000 9.193734 1.072602 7.201759
1387384709812 600993832320120 3421453000000 7.814674 0.000000 6.588843
