0.1153846 -0.1923077 0.52
0.1153846 -0.1923077 0.52
0.1153846 -0.1923077 0.52
0.1153846 -0.1923077 0.52
0.1153846 -0.1923077 0.52
0.1153846 -0.1923077 0.52
0.1153846 -0.1923077 0.52
0.1153846 -0.1923077 0.52
0.1153846 -0.1923077 0.52
0.1153846 -0.1923077 0.52
0.1153846 -0.1923077 0.52
0.1153846 -0.1923077 0.52
0.07692308 -0.2307692 0.52
0 -0.2307692 0.56
-0.03846154 -0.2307692 0.6
-0.07692308 -0.2692308 0.56
-0.1153846 -0.2692308 0.56
-0.1153846 -0.2692308 0.56
-0.07692308 -0.2307692 0.6
-0.07692308 -0.2307692 0.6
-0.03846154 -0.1923077 0.64
0 -0.1538462 0.64
-0.03846154 -0.1153846 0.68
-0.07692308 -0.1538462 0.76
-0.1153846 -0.1538462 0.8
-0.1538462 -0.1538462 0.8
-0.1153846 -0.1153846 0.76
-0.1153846 -0.07692308 0.76
-0.1153846 -0.07692308 0.76
-0.1153846 -0.07692308 0.76
-0.1153846 -0.07692308 0.76
-0.1538462 -0.07692308 0.8
-0.1538462 -0.07692308 0.88
-0.1923077 -0.07692308 0.96
-0.1923077 -0.03846154 0.96
-0.2307692 0 1
-0.2307692 0 1
-0.2692308 0 1.04
-0.2692308 0.03846154 1.04
-0.2692308 0.03846154 1.08
-0.2307692 0.07692308 1.12
-0.2307692 0.1153846 1.12
-0.2307692 0.1153846 1.16
-0.1923077 0.1538462 1.16
-0.2307692 0.1538462 1.2
-0.2692308 0.1153846 1.24
-0.3461539 0.1153846 1.28
-0.3461539 0.1538462 1.28
-0.3461539 0.1538462 1.28
-0.3461539 0.1923077 1.32
-0.3076923 0.2307692 1.32
-0.3461539 0.2307692 1.36
-0.3461539 0.2307692 1.4
-0.3461539 0.2307692 1.4
-0.3846154 0.2307692 1.4
-0.3846154 0.2307692 1.36
-0.3846154 0.2692308 1.36
-0.3461539 0.2692308 1.36
-0.3461539 0.2692308 1.36
-0.3076923 0.3076923 1.32
-0.3076923 0.3076923 1.32
-0.3076923 0.3076923 1.28
-0.3076923 0.3076923 1.24
-0.3076923 0.3076923 1.2
-0.3461539 0.3076923 1.24
-0.3461539 0.2692308 1.24
-0.3461539 0.2692308 1.24
-0.3076923 0.2692308 1.24
-0.3076923 0.2692308 1.2
-0.2307692 0.2692308 1.2
-0.1923077 0.2692308 1.08
-0.1923077 0.2692308 1
-0.1538462 0.2692308 0.92
