1384355998471 146426873978513 1705304000000 9.193734 -3.524265 6.282385
1384355998584 146426986740964 1705414000000 7.967903 -3.524265 6.435614
1384355998684 146427087235349 1705524000000 13.024457 -1.225831 20.072987
1384355998813 146427216324704 1705634000000 14.250289 -5.363012 17.774553
1384355998906 146427309220212 1705744000000 9.653421 -5.975927 4.903325
1384355999031 146427434006589 1705854000000 3.371036 -1.225831 1.532289
1384355999129 146427531968015 1705964000000 -3.217807 -0.306458 -3.830723
1384355999244 146427646775143 1706074000000 -0.919373 1.838747 -0.306458
1384355999355 146427758530515 1706184000000 0.306458 1.072602 1.225831
1384355999467 146427870438474 1706294000000 2.758120 -1.838747 4.290410
1384355999578 146427980820554 1706404000000 15.629349 -1.072602 19.919758
1384355999690 146428092697995 1706514000000 14.556746 -0.919373 14.863204
1384355999801 146428203720944 1706624000000 10.726024 0.459687 9.040505
1384355999917 146428319931882 1706734000000 8.580819 0.612916 5.516241
1384356000012 146428415268796 1706844000000 8.580819 1.225831 4.596867
1384356000123 146428525772946 1706954000000 9.193734 0.766145 5.516241
1384356000244 146428646714108 1707064000000 8.887277 0.612916 5.363012
1384356000355 146428758469480 1707174000000 7.048530 1.991976 4.596867
1384356000461 146428864518063 1707284000000 8.887277 0.306458 6.129157
