1384356014174 146442577378171 1720994000000 7.814674 -2.911349 7.048530
1384356014294 146442696976560 1721104000000 7.814674 -3.524265 7.354988
1384356014390 146442793564694 1721214000000 10.266337 -0.766145 13.330915
1384356014492 146442895096677 1721324000000 14.250289 -2.604892 23.290794
1384356014597 146443000168698 1721434000000 14.250289 -12.717999 7.508216
1384356014723 146443125779050 1721544000000 7.508216 -6.895301 -1.379060
1384356014826 146443229355710 1721654000000 -2.604892 -0.919373 -4.290410
1384356014930 146443333176511 1721764000000 -4.750096 3.983952 -1.685518
1384356015031 146443434220212 1721874000000 -1.072602 3.064578 0.000000
1384356015161 146443563797849 1721984000000 3.677494 1.379060 4.903325
1384356015268 146443671585935 1722094000000 11.185710 1.072602 8.887277
1384356015368 146443771592038 1722204000000 19.919758 2.145205 16.395493
1384356015482 146443885453122 1722314000000 13.484144 -0.459687 12.258313
1384356015590 146443992936032 1722424000000 9.959879 0.766145 7.354988
1384356015707 146444110398190 1722534000000 9.500193 1.532289 4.750096
1384356015827 146444229660886 1722644000000 9.040505 1.838747 4.596867
1384356015928 146444330765622 1722754000000 8.734048 1.532289 4.750096
1384356016040 146444443375485 1722864000000 8.274362 0.766145 5.669470
1384356016150 146444553116696 1722974000000 7.814674 1.379060 5.056554
1384356016247 146444650559323 1723084000000 7.967903 0.459687 6.282385
