1384356025170 146453573014157 1732004000000 5.516241 -3.983952 6.435614
1384356025279 146453681778806 1732114000000 7.354988 -3.677494 6.742072
1384356025403 146453806443112 1732224000000 8.274362 -1.685518 8.734048
1384356025511 146453913803952 1732334000000 12.105083 -0.766145 18.234240
1384356025620 146454023545163 1732444000000 17.468096 -6.282385 20.839132
1384356025721 146454123947995 1732554000000 15.782578 -11.492168 4.903325
1384356025827 146454230179685 1732664000000 4.596867 -4.596867 -3.371036
1384356025936 146454339432614 1732774000000 -3.524265 -0.919373 -5.822699
1384356026073 146454476364987 1732884000000 -1.072602 1.072602 -4.290410
1384356026163 146454565720456 1732994000000 3.064578 3.983952 0.153229
1384356026282 146454685410397 1733104000000 11.951855 2.604892 11.492168
1384356026383 146454786515134 1733214000000 19.153614 -1.685518 14.863204
1384356026485 146454887741940 1733324000000 14.097059 0.153229 11.185710
1384356026608 146455011124509 1733434000000 9.959879 2.451663 6.742072
1384356026709 146455111893552 1733544000000 8.427590 1.072602 5.209783
1384356026835 146455237931149 1733654000000 8.427590 0.306458 5.669470
1384356026925 146455328537839 1733764000000 8.427590 0.000000 6.435614
1384356027053 146455456559079 1733874000000 7.814674 1.072602 6.742072
1384356027156 146455559159177 1733984000000 8.427590 -0.459687 6.588843
