1384356035493 146463896378415 1742334000000 8.274362 -0.306458 8.121132
1384356035619 146464021988766 1742444000000 13.637373 4.903325 16.089035
1384356035731 146464134049314 1742554000000 22.831108 -3.371036 21.758505
1384356035843 146464245774167 1742664000000 15.016433 -9.193734 2.758120
1384356035954 146464357102292 1742774000000 2.298434 -4.596867 -2.911349
1384356036065 146464467942136 1742884000000 -4.290410 -1.532289 -5.056554
1384356036158 146464561020749 1742994000000 -3.064578 4.443638 -3.983952
1384356036269 146464671708005 1743104000000 0.612916 4.290410 -3.983952
1384356036394 146464797165769 1743214000000 19.919758 1.225831 8.427590
1384356036505 146464908524411 1743324000000 21.758505 -2.451663 17.161638
1384356036592 146464995407956 1743434000000 10.266337 3.524265 12.411542
1384356036704 146465106736081 1743544000000 10.113108 1.991976 7.048530
1384356036815 146465218186276 1743654000000 9.806650 1.838747 4.750096
1384356036927 146465329728024 1743764000000 8.427590 1.991976 3.983952
1384356037040 146465443070309 1743874000000 7.354988 1.532289 4.750096
1384356037150 146465553482907 1743984000000 7.967903 1.532289 6.129157
1384356037271 146465674271481 1744094000000 7.967903 1.072602 6.895301
1384356037382 146465785447018 1744204000000 7.508216 1.685518 6.742072
1384356037494 146465896683591 1744314000000 8.427590 0.459687 6.435614
