1387383657347 599941367171194 2534376000000 4.137181 -3.371036 8.734048
1387383657463 599941483229543 2534486000000 3.677494 -2.758120 10.879252
1387383657575 599941594618704 2534596000000 5.056554 -5.669470 20.685904
1387383657692 599941711928274 2534706000000 4.290410 -4.290410 8.427590
1387383657803 599941823195364 2534816000000 0.612916 -2.758120 -1.379060
1387383657895 599941914626028 2534926000000 -7.048530 -7.201759 4.290410
1387383658013 599942033247854 2535036000000 -4.290410 -2.604892 9.346964
1387383658124 599942144148733 2535146000000 1.379060 5.516241 8.427590
1387383658222 599942241866018 2535256000000 -2.451663 3.983952 9.040505
1387383658357 599942377577688 2535366000000 -3.524265 1.685518 10.113108
1387383658444 599942464369680 2535476000000 -4.290410 1.225831 9.653421
1387383658555 599942574965383 2535586000000 -3.983952 1.225831 9.193734
1387383658678 599942698134329 2535696000000 -4.290410 1.379060 9.500193
1387383658789 599942809401418 2535806000000 -4.137181 2.145205 9.193734
1387383658901 599942920576955 2535916000000 -4.290410 12.564771 11.492168
