0 0.2307692 0.08
0 0.2307692 0.08
0 0.2307692 0.08
0 0.3076923 -0.04
0 0.3076923 -0.04
0.07692308 0.3846154 -0.12
0.07692308 0.3846154 -0.12
0.07692308 0.3846154 -0.12
0.07692308 0.3846154 -0.12
0.07692308 0.3846154 -0.12
0.07692308 0.3846154 -0.12
0.1538462 0.5 0.04
0.1538462 0.5 0.04
0.1538462 0.5 0.04
0.3076923 0.5384616 0.4
0.3461539 0.5384616 1
0.2692308 0.5769231 1.36
0.2307692 0.6538461 1.52
0.07692308 0.8076923 1.28
0 0.8846154 1.28
-0.07692308 0.9230769 1.36
-0.03846154 0.9230769 1.48
0.07692308 0.8461539 1.72
0.1923077 0.8076923 1.92
0.1923077 0.7692308 1.96
0.1923077 0.8846154 1.44
0.1538462 0.9230769 1.32
0.1153846 0.9230769 1.28
0.1153846 0.8846154 1.32
0.1923077 0.8461539 1.44
0.1923077 0.7692308 1.48
0.2307692 0.7307692 1.52
0.2692308 0.7307692 1.52
0.2692308 0.7307692 1.44
0.1538462 0.7307692 1.32
