0.4230769 0.3076923 1.88
0.4230769 0.3076923 1.88
0.4230769 0.3076923 1.88
0.5384616 0.2692308 1.92
0.5384616 0.2692308 1.92
0.5384616 0.2307692 1.92
0.5384616 0.2307692 1.92
0.5384616 0.2307692 1.92
0.5384616 0.2307692 1.92
0.5384616 0.2307692 1.92
0.5384616 0.2307692 1.92
0.5384616 0.2307692 1.92
0.4230769 0.1923077 1.96
0.2307692 0.2307692 1.88
0.03846154 0.3846154 1.68
-0.1153846 0.6153846 1.12
-0.1923077 0.6153846 0.6
-0.1923077 0.4230769 0.24
-0.07692308 0.2692308 0.24
0.07692308 0.07692308 0.36
0.1153846 -0.03846154 0.56
0.07692308 -0.1153846 0.6
-0.07692308 -0.07692308 0.48
-0.2692308 0.03846154 0.24
-0.3461539 0.03846154 -0.24
-0.3076923 -0.1153846 -0.44
-0.2307692 -0.2307692 -0.4
-0.1153846 -0.3846154 -0.32
-0.1153846 -0.4230769 -0.24
-0.07692308 -0.4615385 -0.16
-0.03846154 -0.5384616 -0.04
-0.03846154 -0.5769231 -0.04
-0.07692308 -0.6153846 -0.08
-0.1538462 -0.5769231 -0.2
-0.2307692 -0.5769231 -0.28
-0.1923077 -0.6153846 -0.28
-0.1153846 -0.6153846 -0.24
-0.03846154 -0.6538461 -0.24
-0.03846154 -0.6538461 -0.16
0.03846154 -0.6538461 0.04
0.07692308 -0.6153846 0.2
0.1153846 -0.6153846 0.36
0.03846154 -0.6923077 0.44
-0.07692308 -0.7307692 0.44
