-0.7692308 0.1538462 0.2
-0.7692308 0.1538462 0.2
-0.7692308 0.1538462 0.2
-0.7692308 0.1538462 0.2
-0.7692308 0.1538462 0.2
-0.7692308 0.1538462 0.2
-0.7692308 0.1538462 0.2
-0.7692308 0.1538462 0.2
-0.7692308 0.1538462 0.2
-0.7692308 0.1538462 0.2
-0.7692308 0.1923077 0.24
-0.7307692 0.2307692 0.28
-0.6538461 0.2692308 0.32
-0.6153846 0.2692308 0.32
-0.5384616 0.2692308 0.4
-0.4615385 0.2692308 0.52
-0.3076923 0.2692308 0.64
-0.1923077 0.2307692 0.8
-0.07692308 0.1923077 0.88
0.07692308 0.1923077 1
0.1538462 0.1923077 1.04
0.3076923 0.1923077 1.08
0.3846154 0.2307692 1.16
0.5 0.2307692 1.24
0.6153846 0.2692308 1.32
0.6923077 0.2692308 1.4
0.7692308 0.2692308 1.48
0.8461539 0.3076923 1.52
0.7307692 0.3461539 1.52
0.6538461 0.3846154 1.4
0.6538461 0.3846154 1.28
0.6923077 0.3461539 1.24
0.6923077 0.3461539 1.2
0.6923077 0.3076923 1.16
0.6923077 0.3461539 1.12
0.6923077 0.3846154 1
0.6538461 0.4615385 0.84
0.5769231 0.5384616 0.68
0.5384616 0.5769231 0.6
0.4615385 0.6538461 0.56
0.3076923 0.6538461 0.68
0.1538462 0.6538461 0.8
0 0.6538461 0.92
-0.1538462 0.6538461 0.96
-0.2692308 0.6923077 0.96
-0.3076923 0.7307692 0.88
-0.3461539 0.8461539 0.88
-0.3846154 0.9230769 0.92
-0.4230769 1 1
-0.4615385 1 1.12
-0.5384616 1 1.28
-0.6923077 0.9230769 1.4
-0.9230769 0.8461539 1.52
-1.076923 0.7692308 1.56
-1.153846 0.6923077 1.56
-1.115385 0.6538461 1.6
-0.9615384 0.6923077 1.52
