1384855296113 28039239101347 566330000000 8.274362 -3.217807 4.750096
1384855296200 28039326747832 566440000000 8.580819 -3.524265 5.209783
1384855296313 28039439174590 566550000000 8.274362 -3.064578 4.750096
1384855296426 28039552638945 566660000000 10.726024 -1.838747 14.709975
1384855296541 28039666927275 566770000000 16.548723 -6.895301 18.234240
1384855296651 28039777553496 566880000000 12.871228 -6.742072 9.346964
1384855296764 28039890529570 566990000000 4.443638 -1.991976 5.209783
1384855296859 28039985073027 567100000000 -0.612916 -0.153229 1.991976
1384855296975 28040101009306 567210000000 -3.983952 1.685518 -0.612916
1384855297093 28040219661650 567320000000 -8.274362 3.371036 -2.145205
1384855297207 28040333400664 567430000000 -9.040505 1.838747 -1.072602
1384855297322 28040448024687 567540000000 -9.193734 2.298434 0.612916
1384855297411 28040537715849 567650000000 -9.653421 2.451663 1.379060
1384855297525 28040650844511 567760000000 -9.346964 1.838747 1.685518
1384855297635 28040761104521 567870000000 -9.500193 2.604892 2.298434
1384855297749 28040875209746 567980000000 -9.500193 2.298434 1.991976
1384855297862 28040988155302 568090000000 -9.500193 2.604892 2.145205
1384855297975 28041100917753 568200000000 -9.040505 1.991976 1.685518
1384855298089 28041215084013 568310000000 -9.653421 2.145205 1.532289
1384855298203 28041329463896 568420000000 -8.427590 3.064578 1.532289
1384855298324 28041449794707 568530000000 -9.653421 2.911349 1.991976
