1387456611055 658831749557247 319450000000 -2.758120 -1.532289 9.346964
1387456611185 658831879317990 319560000000 -2.145205 -0.459687 8.427590
1387456611289 658831983077756 319670000000 -0.153229 0.766145 2.298434
1387456611390 658832084518185 319780000000 3.064578 -2.145205 0.459687
1387456611513 658832206954709 319890000000 5.516241 -6.588843 7.201759
1387456611608 658832302139036 320000000000 11.032481 -12.564771 13.024457
1387456611724 658832418044797 320110000000 9.040505 -9.346964 18.540699
1387456611838 658832531905882 320220000000 10.726024 -6.435614 13.943830
1387456611948 658832642745725 320330000000 10.266337 -5.975927 9.346964
1387456612051 658832745467892 320440000000 7.201759 -5.822699 5.822699
1387456612157 658832851394407 320550000000 1.838747 -4.750096 3.983952
1387456612273 658832967361201 320660000000 -1.991976 -3.677494 4.137181
1387456612386 658833080672970 320770000000 -3.524265 -3.064578 6.282385
1387456612494 658833188033810 320880000000 -3.830723 1.838747 8.734048
1387456612607 658833301833859 320990000000 -3.217807 -3.371036 8.580819
1387456612708 658833402633417 321100000000 -3.217807 -2.145205 9.346964
1387456612821 658833515640009 321210000000 -0.919373 -7.661446 8.580819
1387456612928 658833622512571 321320000000 -3.371036 -3.064578 9.040505
1387456613034 658833728103390 321430000000 -3.064578 -3.371036 9.346964
1387456613144 658833838088739 321540000000 -3.371036 -2.911349 8.887277
1387456613259 658833953323118 321650000000 -2.911349 -2.911349 9.040505
1387456613371 658834065780392 321760000000 -3.064578 -2.911349 8.580819
1387456613482 658834176009884 321870000000 -3.217807 -2.758120 8.734048
1387456613591 658834285537471 321980000000 -3.524265 -2.758120 8.887277
1387456613698 658834392806761 322090000000 -2.911349 -2.911349 8.734048
1387456613804 658834498183955 322200000000 -2.758120 -2.451663 9.193734
1387456613920 658834614577999 322310000000 -3.064578 -2.145205 9.500193
1387456614023 658834717117061 322420000000 -3.217807 -2.298434 9.040505
1387456614135 658834829391230 322530000000 -5.363012 -2.451663 8.427590
