-0.6538461 0.1538462 0.52
-0.6538461 0.1538462 0.52
-0.6538461 0.1538462 0.52
-0.6538461 0.1538462 0.52
-0.6538461 0.1538462 0.52
-0.6153846 0.1538462 0.44
-0.6153846 0.1538462 0.44
-0.5384616 0.1923077 0.4
-0.5384616 0.1923077 0.4
-0.5384616 0.1923077 0.4
-0.5384616 0.1923077 0.4
-0.5384616 0.1923077 0.4
-0.5 0.1923077 0.4
-0.4230769 0.1923077 0.4
-0.3461539 0.1923077 0.44
-0.2692308 0.1923077 0.52
-0.1923077 0.1923077 0.6
-0.1153846 0.1538462 0.64
0 0.1923077 0.72
0.03846154 0.1923077 0.8
0.1153846 0.1538462 0.92
0.1923077 0.1538462 1
0.3076923 0.1923077 1.08
0.4230769 0.1923077 1.16
0.5 0.1923077 1.28
0.6538461 0.2307692 1.44
0.6923077 0.2307692 1.48
0.7307692 0.1923077 1.52
0.6923077 0.1538462 1.52
0.6923077 0.1538462 1.52
0.7307692 0.1153846 1.44
0.7307692 0.07692308 1.36
0.6923077 0.07692308 1.28
0.6538461 0.1153846 1.2
0.6153846 0.1538462 1.08
0.6153846 0.1923077 0.96
0.6923077 0.1923077 0.88
0.7307692 0.2307692 0.88
0.7307692 0.2692308 0.88
0.7307692 0.3076923 0.88
0.6923077 0.3846154 0.8
0.7307692 0.4615385 0.72
0.6923077 0.5 0.6
0.6153846 0.5384616 0.56
0.5384616 0.5384616 0.6
0.3461539 0.5384616 0.8
0.2307692 0.5384616 0.88
0.07692308 0.5769231 0.96
-0.07692308 0.5769231 1
-0.1923077 0.5384616 1.08
-0.2692308 0.5769231 1.16
-0.3461539 0.5384616 1.2
-0.3846154 0.5 1.24
-0.4615385 0.5 1.28
-0.5384616 0.4615385 1.36
-0.5384616 0.4230769 1.44
-0.4615385 0.3846154 1.48
-0.4230769 0.3461539 1.48
-0.4230769 0.3461539 1.44
-0.3461539 0.3846154 1.28
-0.2692308 0.4230769 1.16
-0.1538462 0.4615385 1.04
-0.07692308 0.5 1
0.03846154 0.5 1
0.1153846 0.5 1
0.1923077 0.5 1
0.1923077 0.5 1.04
0.1538462 0.5 1.04
0.1538462 0.5 1.08
0.1153846 0.4615385 1.08
0.1153846 0.4230769 1.08
0.1153846 0.4230769 1.04
0.1153846 0.4615385 1.04
0.1153846 0.4615385 1.04
