0 0.5384616 0.2
0 0.5384616 0.2
0 0.5384616 0.2
0 0.5384616 0.2
0 0.5384616 0.2
0 0.5384616 0.2
0 0.5384616 0.2
0 0.5384616 0.2
-0.07692308 0.6153846 0.2
-0.1538462 0.7307692 0.24
-0.1153846 0.8076923 0.32
0 0.9230769 0.56
0.2307692 0.9230769 0.96
0.3846154 0.9615384 1.36
0.3846154 0.9615384 1.6
0.3076923 1.038462 1.6
0.2307692 1.115385 1.48
0.1923077 1.192308 1.32
0.1153846 1.269231 1.24
0.07692308 1.346154 1.4
0.1153846 1.307692 1.72
0.1923077 1.192308 2.04
0.2692308 1.115385 2.16
0.3076923 1.115385 2
0.2692308 1.115385 1.72
0.1923077 1.115385 1.44
0.1153846 1.115385 1.28
0.1153846 1 1.24
0.1153846 0.9230769 1.32
0.1153846 0.8076923 1.48
0.1153846 0.8076923 1.48
0.1538462 0.8076923 1.6
0.1923077 0.8846154 1.6
