0.1923077 0.3076923 1.12
0.1923077 0.3076923 1.12
0.1923077 0.3076923 1.12
0.1923077 0.3076923 1.12
0.1923077 0.3076923 1.12
0.1923077 0.3076923 1.12
0.1923077 0.3076923 1.12
0.1923077 0.3076923 1.12
0.1923077 0.3076923 1.12
0.1923077 0.3076923 1.12
0.1923077 0.3461539 1.28
0.2307692 0.4230769 1.36
0.3076923 0.4230769 1.44
0.3846154 0.4615385 1.52
0.4230769 0.4615385 1.48
0.4230769 0.5 1.52
0.4615385 0.5384616 1.48
0.5 0.5769231 1.48
0.5384616 0.5769231 1.48
0.6153846 0.5769231 1.48
0.6923077 0.6153846 1.52
0.7692308 0.5769231 1.56
0.8461539 0.5769231 1.6
0.9230769 0.5769231 1.64
1.038462 0.5769231 1.64
1.115385 0.5769231 1.6
1.115385 0.5769231 1.52
1.038462 0.5384616 1.48
1 0.5 1.4
1.038462 0.5 1.32
1.038462 0.4615385 1.32
1.076923 0.4230769 1.32
1.076923 0.3461539 1.32
1.115385 0.3461539 1.36
1.153846 0.3461539 1.32
1.115385 0.3461539 1.24
1.038462 0.4230769 1.08
0.8846154 0.4230769 0.92
0.7307692 0.3461539 0.84
0.6923077 0.2692308 0.84
0.8076923 0.1923077 0.84
0.8846154 0.1153846 0.84
0.9230769 0.07692308 0.8
0.9230769 0.07692308 0.76
0.8846154 0.07692308 0.72
0.8076923 0.07692308 0.64
0.6923077 0.1153846 0.56
0.6153846 0.1153846 0.44
0.5 0.07692308 0.36
0.3846154 0.03846154 0.32
0.3461539 -0.07692308 0.32
0.3076923 -0.1538462 0.36
0.3461539 -0.1923077 0.4
0.3461539 -0.2307692 0.44
0.3461539 -0.2307692 0.4
0.2692308 -0.1923077 0.36
0.1923077 -0.1538462 0.28
0.1153846 -0.1538462 0.16
0.1153846 -0.1538462 0.08
0.07692308 -0.1923077 0.04
0.03846154 -0.2307692 0
0.07692308 -0.2307692 0.04
0.07692308 -0.2307692 0.16
0.03846154 -0.2307692 0.32
-0.03846154 -0.1923077 0.4
-0.1538462 -0.1923077 0.36
-0.2692308 -0.1538462 0.28
-0.3846154 -0.1153846 0.2
-0.4230769 -0.1153846 0.2
-0.4230769 -0.1153846 0.2
-0.3846154 -0.07692308 0.24
-0.3461539 -0.07692308 0.32
-0.2692308 -0.03846154 0.48
-0.2307692 -0.03846154 0.6
-0.3076923 -0.07692308 0.72
-0.5 -0.03846154 0.76
-0.6538461 -0.03846154 0.76
-0.6923077 -0.03846154 0.68
-0.5769231 -0.03846154 0.56
-0.4230769 0 0.44
-0.2692308 0.07692308 0.4
-0.2307692 0.07692308 0.48
-0.2307692 0.07692308 0.68
-0.3076923 0.03846154 0.88
-0.3846154 0.03846154 1.08
-0.3846154 0.03846154 1.16
-0.3461539 0.03846154 1.2
-0.3461539 0 1.2
-0.3846154 0.03846154 1.16
-0.3846154 0.1153846 1.12
-0.3461539 0.1538462 1.04
-0.3846154 0.2307692 1
-0.3461539 0.2692308 1
-0.3076923 0.3076923 1.08
-0.2692308 0.2692308 1.24
-0.1923077 0.1923077 1.44
-0.1923077 0.1923077 1.44
-0.1538462 0.2692308 1.32
-0.1538462 0.3076923 1.12
0 0.4230769 0.84
0.03846154 0.4230769 0.96
0.1538462 0.4230769 1.12
0.2307692 0.3461539 1.24
0.2692308 0.3076923 1.32
0.3076923 0.3076923 1.36
0.3076923 0.3076923 1.36
0.2692308 0.3461539 1.24
0.2307692 0.3846154 1.08
0.2307692 0.4230769 1
0.2692308 0.4230769 0.96
0.3846154 0.4230769 1
0.5 0.3846154 1.12
0.6153846 0.3461539 1.24
0.6923077 0.3846154 1.32
0.7692308 0.3846154 1.32
0.8461539 0.4230769 1.24
0.8846154 0.5 1.12
0.9230769 0.5 1
0.9230769 0.4615385 0.96
0.9230769 0.4230769 1
0.8846154 0.3461539 1.12
0.9230769 0.3076923 1.2
0.9230769 0.3076923 1.28
