0.5769231 0.1153846 2.2
0.5769231 0.1153846 2.2
0.4230769 0.07692308 2.32
0.4230769 0.07692308 2.32
0.4230769 0.07692308 2.32
0.4230769 0.07692308 2.32
0.4230769 0.07692308 2.32
0.4230769 0.07692308 2.32
0.4230769 0.07692308 2.32
0.4230769 0.07692308 2.32
0.4230769 0.07692308 2.32
0.4230769 0.07692308 2.32
0.4230769 0.07692308 2.32
0.4230769 0.07692308 2.4
0.4615385 0.1923077 2.4
0.5 0.2692308 2.32
0.4615385 0.3846154 2.16
0.4230769 0.5384616 1.8
0.4615385 0.6538461 1.44
0.4615385 0.6538461 1.04
0.3846154 0.5384616 0.64
0.2692308 0.4230769 0.4
0.1923077 0.2692308 0.36
0.1538462 0.1923077 0.4
0.03846154 0.1153846 0.32
-0.07692308 0.07692308 0.16
-0.1538462 0 0.04
-0.1538462 -0.03846154 -0.04
-0.07692308 -0.1538462 -0.16
-0.03846154 -0.2692308 -0.28
-0.03846154 -0.3461539 -0.36
-0.03846154 -0.4230769 -0.36
-0.1153846 -0.4615385 -0.28
-0.1538462 -0.5 -0.28
-0.1923077 -0.5 -0.24
-0.2307692 -0.5 -0.24
-0.2307692 -0.5384616 -0.24
-0.1923077 -0.5769231 -0.28
-0.1923077 -0.6538461 -0.32
-0.1538462 -0.6538461 -0.32
-0.1538462 -0.7307692 -0.2
-0.1923077 -0.7307692 -0.08
-0.2307692 -0.7692308 0.04
-0.1923077 -0.7692308 0.12
-0.1538462 -0.7692308 0.16
-0.1153846 -0.8076923 0.16
-0.07692308 -0.8461539 0.16
