0.07692308 0.7692308 0.96
0.07692308 0.7692308 0.96
0.07692308 0.7692308 0.96
0.07692308 0.7692308 0.96
0.07692308 0.7692308 0.96
0.07692308 0.7692308 0.96
0.07692308 0.7692308 0.96
0.07692308 0.7692308 0.96
0.07692308 0.8846154 0.88
0.07692308 0.8846154 0.88
0.07692308 0.8846154 0.88
0.07692308 0.8846154 0.88
0.07692308 0.9615384 0.88
0.1923077 1 1.2
0.1538462 0.9230769 1.72
0.1153846 0.8461539 1.96
0.1153846 0.8461539 1.92
0.07692308 0.9230769 1.64
0.03846154 1.038462 1.32
-0.03846154 1.038462 1.12
-0.07692308 1 1
-0.07692308 0.9615384 0.96
-0.07692308 0.9230769 1
0 0.8846154 1.08
0.03846154 0.8076923 1.36
0.03846154 0.7307692 1.56
0 0.6923077 1.68
-0.07692308 0.7307692 1.64
-0.1538462 0.7692308 1.44
-0.1923077 0.8461539 1.16
-0.2307692 0.8846154 0.96
-0.2307692 0.9230769 0.92
-0.1538462 0.9230769 1
-0.03846154 0.8461539 1.12
0.03846154 0.8076923 1.28
0.1153846 0.7692308 1.36
