-0.5769231 0.2692308 1.08
-0.5769231 0.2692308 1.08
-0.5769231 0.2692308 1.08
-0.5769231 0.2692308 1.08
-0.5769231 0.2692308 1.08
-0.6153846 0.3076923 1.12
-0.6153846 0.3076923 1.12
-0.6153846 0.3076923 1.12
-0.6153846 0.3076923 1.12
-0.6153846 0.3076923 1.12
-0.6153846 0.3076923 1.12
-0.6153846 0.3076923 1.12
-0.6153846 0.3076923 1.16
-0.6538461 0.3076923 1.2
-0.6153846 0.3076923 1.24
-0.5769231 0.3461539 1.16
-0.5 0.4615385 1
-0.3846154 0.5384616 0.84
-0.2692308 0.6153846 0.76
-0.1538462 0.6153846 0.68
-0.07692308 0.6153846 0.68
0.07692308 0.6153846 0.76
0.3076923 0.5769231 0.84
0.5769231 0.6153846 0.92
0.8076923 0.5769231 0.88
0.9230769 0.6153846 0.76
1 0.6153846 0.56
1.038462 0.5769231 0.48
1.076923 0.5384616 0.52
1.153846 0.5 0.64
1.230769 0.4230769 0.8
1.307692 0.3461539 0.96
1.307692 0.3076923 1.08
1.269231 0.2692308 1.16
1.192308 0.2307692 1.08
1.115385 0.2307692 0.96
1.076923 0.1923077 0.96
