0.03846154 0.4230769 0
0.03846154 0.4230769 0
0.03846154 0.4230769 0
0.03846154 0.4230769 0
0.03846154 0.4230769 0
0.03846154 0.4230769 0
0.03846154 0.4230769 0
0.03846154 0.4230769 0
0.03846154 0.4230769 0
0.07692308 0.6923077 0.08
0.3461539 0.8076923 0.88
0.3076923 0.8846154 1.12
0.2307692 0.9230769 1.12
0.1153846 1 1.04
0.1538462 1.076923 1.08
0.2692308 1.115385 1.24
0.3076923 1.038462 1.48
0.2692308 1 1.64
0.1923077 1 1.6
0.1538462 1.038462 1.48
0.1153846 1.038462 1.28
0.1153846 1.076923 1.08
0.1153846 1.076923 1
0.07692308 1.038462 1.04
0.1153846 0.9615384 1.16
0.1153846 0.9230769 1.28
0.07692308 0.8461539 1.36
0.07692308 0.8461539 1.4
0.07692308 0.8461539 1.44
0.03846154 0.8461539 1.52
0.03846154 0.8461539 1.48
0.03846154 0.8846154 1.44
0.1153846 1 1.4
0.07692308 1 1.44
