-0.6538461 0.2692308 1.56
-0.6538461 0.2692308 1.56
-0.6538461 0.2692308 1.56
-0.6538461 0.2692308 1.56
-0.6538461 0.3461539 1.4
-0.6538461 0.3461539 1.4
-0.6538461 0.3461539 1.4
-0.6538461 0.3461539 1.4
-0.6538461 0.3461539 1.4
-0.6538461 0.3461539 1.4
-0.6538461 0.3461539 1.4
-0.6923077 0.5 1.04
-0.6538461 0.5769231 0.96
-0.5 0.6153846 0.96
-0.3076923 0.6923077 0.96
-0.07692308 0.7692308 1.04
0.07692308 0.8076923 1.04
0.2692308 0.8846154 1
0.5 0.9230769 0.84
0.6538461 0.9230769 0.68
0.7692308 0.8846154 0.56
0.8461539 0.7692308 0.44
0.8846154 0.7307692 0.4
0.9230769 0.6153846 0.52
0.9615384 0.5384616 0.64
1.076923 0.5 0.84
1.153846 0.4230769 1
1.192308 0.4230769 1.12
1.192308 0.3846154 1.12
1.115385 0.3846154 1.08
1 0.3846154 1
0.8846154 0.3846154 1
0.8461539 0.3461539 0.92
0.8076923 0.3076923 0.96
0.7692308 0.2307692 1
