1384350807628 141881806198982 611187000000 3.064578 -1.532289 9.346964
1384350807716 141881894638923 611297000000 2.604892 -1.379060 8.734048
1384350807816 141881994126228 611407000000 8.121132 2.451663 6.282385
1384350807943 141882121567634 611517000000 9.346964 7.508216 14.403518
1384350808040 141882218308357 611627000000 7.661446 -5.822699 24.823084
1384350808166 141882344468025 611737000000 3.677494 -9.500193 16.395493
1384350808268 141882446183113 611847000000 2.911349 -7.967903 6.129157
1384350808370 141882547806648 611957000000 2.911349 -1.685518 -0.306458
1384350808485 141882662766365 612067000000 2.451663 0.153229 0.459687
1384350808587 141882765030769 612177000000 5.209783 4.290410 6.588843
1384350808711 141882889511970 612287000000 7.048530 5.363012 11.338940
1384350808816 141882994278816 612397000000 6.895301 0.766145 17.314867
1384350808927 141883105210213 612507000000 3.217807 -0.766145 15.629349
1384350809050 141883227768806 612617000000 1.838747 -2.758120 12.411542
1384350809147 141883325150398 612727000000 2.911349 -1.532289 9.500193
1384350809269 141883447678474 612837000000 4.137181 -1.225831 9.653421
1384350809369 141883547715096 612947000000 -2.758120 -4.443638 8.274362
1384350809489 141883667618660 613057000000 4.137181 0.000000 9.959879
