1384350411867 141486045304206 215437000000 1.072602 0.306458 9.806650
1384350411978 141486155747321 215547000000 0.766145 0.306458 10.113108
1384350412081 141486259659675 215657000000 0.612916 0.000000 10.113108
1384350412181 141486359024909 215767000000 -1.379060 -2.758120 10.879252
1384350412292 141486470322517 215877000000 1.379060 -9.806650 11.798626
1384350412404 141486582138923 215987000000 5.975927 0.000000 10.572795
1384350412525 141486703507331 216097000000 3.217807 6.435614 7.201759
1384350412633 141486811509040 216207000000 1.072602 1.685518 9.346964
1384350412734 141486912156013 216317000000 -0.306458 0.153229 10.419566
1384350412847 141487024765876 216427000000 -0.306458 -0.153229 10.419566
1384350412959 141487137497809 216537000000 -0.459687 1.532289 10.879252
1384350413070 141487248032477 216647000000 0.000000 -0.153229 10.113108
