-0.07692308 0.7307692 1.6
-0.07692308 0.7307692 1.6
-0.07692308 0.7307692 1.6
-0.07692308 0.7307692 1.6
-0.07692308 0.7307692 1.6
-0.07692308 0.7307692 1.6
-0.07692308 0.7307692 1.6
-0.03846154 0.7307692 1.64
0 0.7692308 1.6
0 0.7692308 1.6
0 0.7692308 1.6
0 0.7692308 1.6
0 0.7692308 1.6
0 0.7692308 1.6
0 0.6923077 1.56
0 0.6923077 1.56
0 0.6923077 1.56
-0.03846154 0.6538461 1.52
-0.07692308 0.5769231 1.44
-0.07692308 0.5 1.36
-0.1153846 0.4230769 1.28
-0.1538462 0.3461539 1.24
-0.1923077 0.2692308 1.2
-0.1923077 0.2307692 1.12
-0.2307692 0.1923077 1.08
-0.1923077 0.1923077 1.04
-0.1923077 0.1538462 0.96
-0.1153846 0.1538462 0.84
-0.07692308 0.1153846 0.72
-0.07692308 0.1153846 0.64
-0.07692308 0.03846154 0.56
-0.1153846 0 0.56
-0.1538462 -0.07692308 0.52
-0.1538462 -0.1153846 0.44
-0.1538462 -0.1538462 0.36
-0.1153846 -0.1923077 0.28
-0.07692308 -0.2307692 0.12
-0.03846154 -0.2692308 0
-0.03846154 -0.3461539 -0.04
-0.03846154 -0.3846154 -0.04
-0.03846154 -0.3846154 -0.04
-0.03846154 -0.3846154 0
-0.03846154 -0.4230769 -0.04
-0.03846154 -0.4615385 -0.08
0 -0.5 -0.12
0 -0.5384616 -0.16
0 -0.5384616 -0.16
0 -0.5384616 -0.16
0 -0.5769231 -0.12
0 -0.5769231 -0.08
-0.07692308 -0.6153846 0
-0.1538462 -0.6538461 0.04
-0.1923077 -0.6923077 0.04
-0.1923077 -0.6923077 0
-0.1923077 -0.6923077 -0.04
-0.1538462 -0.6923077 -0.04
-0.1538462 -0.6538461 -0.08
-0.1153846 -0.6153846 -0.12
-0.1153846 -0.5769231 -0.12
-0.07692308 -0.5 -0.08
-0.07692308 -0.4615385 -0.04
