-0.6538461 -0.3846154 0
-0.6538461 -0.3846154 0
-0.6538461 -0.3846154 0
-0.6538461 -0.3846154 0
-0.6538461 -0.3846154 0
-0.6538461 -0.3846154 0
-0.6538461 -0.3846154 0
-0.6538461 -0.3846154 0
-0.6538461 -0.3846154 0
-0.5769231 -0.3461539 -0.04
-0.5769231 -0.3461539 -0.04
-0.5769231 -0.3461539 -0.04
-0.5769231 -0.3461539 -0.08
-0.5769231 -0.3461539 -0.08
-0.5769231 -0.3461539 -0.08
-0.5384616 -0.3076923 -0.08
-0.5 -0.2692308 -0.08
-0.5384616 -0.2692308 -0.08
-0.5769231 -0.2692308 0
-0.5769231 -0.2692308 0.08
-0.5769231 -0.2692308 0.16
-0.5769231 -0.2307692 0.2
-0.5769231 -0.2307692 0.28
-0.5769231 -0.2307692 0.32
-0.5769231 -0.1923077 0.4
-0.5384616 -0.1923077 0.44
-0.5 -0.2307692 0.48
-0.4615385 -0.1923077 0.56
-0.4615385 -0.1923077 0.64
-0.4615385 -0.1923077 0.72
-0.4615385 -0.1923077 0.8
-0.4615385 -0.2307692 0.92
-0.4230769 -0.2307692 1
-0.3846154 -0.2307692 1.12
-0.3461539 -0.1923077 1.24
-0.3461539 -0.1923077 1.36
-0.3461539 -0.1923077 1.48
-0.3846154 -0.1923077 1.6
-0.4230769 -0.2307692 1.68
-0.4615385 -0.2307692 1.8
-0.4230769 -0.2307692 1.84
-0.4230769 -0.2692308 1.84
-0.3846154 -0.3076923 1.8
-0.3461539 -0.3076923 1.72
-0.3076923 -0.3076923 1.64
-0.2307692 -0.2692308 1.52
-0.2307692 -0.2692308 1.44
-0.2307692 -0.2692308 1.32
-0.2307692 -0.2692308 1.24
-0.2307692 -0.2692308 1.16
-0.1923077 -0.2692308 1.08
-0.1923077 -0.2692308 1.08
-0.1923077 -0.2307692 1.04
-0.1538462 -0.1923077 1
-0.1153846 -0.1153846 1.04
0 -0.03846154 1.04
0.07692308 0.03846154 1.04
0.1923077 0.1153846 1.08
0.3076923 0.2307692 1.08
0.4230769 0.3076923 1.08
0.5 0.3846154 1.08
0.5 0.4615385 1.08
0.5 0.5 1.12
0.4230769 0.5384616 1.12
0.3461539 0.5769231 1.08
0.2692308 0.6153846 1
0.1538462 0.6153846 0.96
0.03846154 0.6153846 0.92
-0.1153846 0.6153846 0.88
-0.3076923 0.5384616 0.84
-0.4230769 0.5 0.84
-0.5384616 0.4615385 0.8
-0.5769231 0.4615385 0.8
-0.6538461 0.4615385 0.8
-0.7692308 0.4230769 0.84
-0.8461539 0.3846154 0.84
-0.9230769 0.3461539 0.88
-1 0.2692308 0.92
-1.038462 0.3076923 0.96
-1.115385 0.3076923 1
-1.230769 0.2307692 1.08
-1.307692 0.1538462 1.16
-1.384615 0.07692308 1.16
-1.346154 0 1.16
-1.269231 0 1.16
-1.115385 0.03846154 1.12
-1 0.1538462 1.08
-0.9230769 0.2692308 1
-0.8461539 0.2692308 1
-0.8461539 0.2692308 1.04
-0.8846154 0.1923077 1.12
-0.8846154 0.1538462 1.16
