0.1153846 -0.4230769 -0.56
0.1153846 -0.4230769 -0.56
0.1153846 -0.4230769 -0.56
0.1153846 -0.4230769 -0.56
0.1153846 -0.4230769 -0.56
0.1153846 -0.4230769 -0.56
0.1153846 -0.4230769 -0.56
0.1153846 -0.4230769 -0.56
0.1153846 -0.4230769 -0.56
0.1153846 -0.3846154 -0.56
0.1538462 -0.3076923 -0.48
0.1538462 -0.3076923 -0.48
0.2307692 -0.1153846 -0.32
0.2307692 -0.1153846 -0.32
0.2307692 -0.1153846 -0.32
0.2307692 -0.1153846 -0.32
0.2692308 0 -0.24
0.2307692 0.07692308 -0.08
0.1923077 0.1538462 0.04
0.1153846 0.1923077 0.16
0 0.2307692 0.32
-0.1538462 0.2307692 0.48
-0.2307692 0.1923077 0.64
-0.2307692 0.1538462 0.72
-0.1923077 0.1923077 0.76
-0.1153846 0.2307692 0.76
-0.07692308 0.2307692 0.76
-0.03846154 0.2692308 0.72
-0.03846154 0.3076923 0.72
-0.03846154 0.3461539 0.76
-0.07692308 0.3846154 0.88
-0.1153846 0.4230769 0.96
-0.1538462 0.4230769 1.04
-0.1923077 0.5 1.12
-0.2307692 0.5384616 1.16
-0.2692308 0.5769231 1.24
-0.2307692 0.6153846 1.32
-0.2307692 0.6923077 1.44
-0.1923077 0.7307692 1.48
-0.1923077 0.7307692 1.52
-0.2692308 0.7692308 1.6
-0.3076923 0.7307692 1.72
-0.3076923 0.7307692 1.8
-0.3076923 0.7692308 1.84
-0.2307692 0.7692308 1.8
-0.1538462 0.7692308 1.76
-0.07692308 0.8076923 1.64
0.03846154 0.8461539 1.52
0.07692308 0.8846154 1.48
0.07692308 0.8461539 1.52
0.07692308 0.8461539 1.56
0 0.8461539 1.6
-0.03846154 0.8076923 1.64
-0.1153846 0.7692308 1.6
-0.1538462 0.7307692 1.56
-0.1538462 0.6923077 1.52
-0.1538462 0.6923077 1.52
-0.1538462 0.6923077 1.52
-0.1538462 0.6923077 1.56
-0.1538462 0.6923077 1.56
-0.1923077 0.6923077 1.6
