0 0.6538461 1.4
0 0.6538461 1.4
0 0.6538461 1.4
0 0.6538461 1.4
0 0.6538461 1.4
0 0.6538461 1.4
0 0.6538461 1.4
0 0.6538461 1.4
0 0.6538461 1.4
0 0.6538461 1.4
0 0.6538461 1.4
0 0.6538461 1.4
0 0.6538461 1.4
0 0.6538461 1.4
0.07692308 0.7307692 1.44
0.1923077 0.8076923 1.52
0.3076923 0.8846154 1.56
0.4230769 0.8846154 1.56
0.4615385 0.9230769 1.6
0.5384616 0.9230769 1.6
0.5384616 0.9230769 1.6
0.6153846 0.9230769 1.6
0.6538461 0.9230769 1.56
0.7307692 0.9230769 1.56
0.7692308 0.9615384 1.52
0.7692308 0.9615384 1.52
0.8076923 1 1.48
0.8461539 1 1.44
0.8846154 1.038462 1.32
0.9230769 1.038462 1.2
0.9230769 1.038462 1.08
0.9230769 1 0.96
0.9230769 0.9615384 0.88
0.9230769 0.9615384 0.76
0.9230769 0.8846154 0.68
0.8846154 0.8461539 0.6
0.8461539 0.7692308 0.56
0.8076923 0.7307692 0.48
0.7692308 0.6923077 0.44
0.6923077 0.6153846 0.4
0.6153846 0.5384616 0.32
0.5769231 0.5 0.28
0.5384616 0.4230769 0.24
0.4615385 0.3461539 0.2
0.4230769 0.3076923 0.16
0.3461539 0.2307692 0.12
0.3076923 0.1923077 0.04
0.2692308 0.1538462 0.04
0.2307692 0.1153846 0
0.1923077 0.07692308 -0.04
0.1538462 0.03846154 -0.08
0.1538462 0.07692308 -0.12
0.1538462 0.03846154 -0.16
0.1538462 0.07692308 -0.2
0.1153846 0.07692308 -0.2
0.07692308 0.07692308 -0.2
0 0.07692308 -0.16
-0.1153846 0.03846154 -0.08
-0.2692308 0.03846154 -0.04
-0.3076923 0 -0.04
-0.3461539 0.03846154 -0.04
-0.3461539 0.07692308 -0.04
-0.2692308 0.1153846 -0.04
-0.2307692 0.1923077 -0.08
-0.2307692 0.2307692 0
-0.2307692 0.3076923 0.16
-0.3076923 0.3076923 0.36
-0.3846154 0.3461539 0.56
-0.4615385 0.3461539 0.68
-0.5 0.4230769 0.88
-0.5 0.4615385 0.96
-0.4615385 0.5 1.04
-0.4230769 0.5769231 1.2
-0.3846154 0.6153846 1.36
-0.3461539 0.6538461 1.44
-0.2692308 0.6923077 1.44
-0.1923077 0.7692308 1.48
-0.1153846 0.7692308 1.52
-0.07692308 0.7692308 1.6
-0.1153846 0.7307692 1.72
-0.1923077 0.6153846 1.84
-0.2692308 0.5 1.84
-0.2692308 0.4615385 1.8
-0.2307692 0.4615385 1.88
-0.1923077 0.4615385 2
-0.2307692 0.5 2.24
-0.07692308 0.6538461 2.2
0.1153846 0.7692308 1.92
0.2307692 0.7692308 1.68
0.2692308 0.7307692 1.52
0.2692308 0.7307692 1.48
0.2692308 0.6923077 1.36
0.3076923 0.6923077 1.2
0.3846154 0.6923077 1
0.4615385 0.6923077 0.88
0.5 0.6923077 0.8
0.5384616 0.6538461 0.68
0.5384616 0.6538461 0.6
0.5384616 0.6538461 0.52
0.5384616 0.6538461 0.48
0.5384616 0.6153846 0.52
0.5 0.5769231 0.52
0.4230769 0.5769231 0.56
0.3846154 0.5769231 0.68
0.3461539 0.5384616 0.76
0.3461539 0.5769231 0.76
0.3076923 0.5769231 0.76
0.2692308 0.5769231 0.8
0.2692308 0.6153846 0.84
0.2692308 0.6153846 0.92
0.2307692 0.6153846 1.04
0.2692308 0.6538461 1.04
0.3076923 0.6923077 1
0.3076923 0.6923077 1
0.3076923 0.6923077 1
0.2692308 0.6538461 1
0.2692308 0.6923077 0.88
0.2692308 0.6538461 0.88
0.2692308 0.6538461 0.92
0.2692308 0.6538461 0.88
0.2307692 0.6923077 0.88
0.1923077 0.6538461 0.88
0.1923077 0.6538461 0.92
0.1538462 0.6538461 0.92
0.1923077 0.6538461 0.88
0.1923077 0.6153846 0.84
0.1923077 0.6153846 0.8
0.1923077 0.5769231 0.72
0.1538462 0.5769231 0.72
0.1538462 0.5769231 0.76
0.1538462 0.5769231 0.8
0.1153846 0.5384616 0.84
0.07692308 0.5384616 0.84
-0.03846154 0.4615385 0.84
-0.03846154 0.4230769 0.84
-0.03846154 0.4230769 0.84
-0.07692308 0.4615385 0.92
-0.07692308 0.4615385 0.92
-0.07692308 0.4230769 0.92
-0.07692308 0.4230769 0.92
-0.07692308 0.4230769 0.92
-0.1153846 0.4230769 0.92
-0.1153846 0.4230769 0.96
-0.1153846 0.4230769 0.96
-0.1153846 0.4230769 0.92
-0.07692308 0.4230769 0.92
-0.07692308 0.4230769 0.88
-0.03846154 0.4615385 0.88
0 0.5 0.88
0.03846154 0.5 0.88
0 0.5 0.92
0.03846154 0.5384616 0.92
0.07692308 0.5769231 1
