0.5384616 1 2.16
0.5384616 1 2.16
0.6153846 1 2.12
0.6153846 1 2.12
0.6153846 1 2.12
0.6153846 1 2.12
0.6153846 1 2.12
0.6153846 1 2.12
0.6153846 1 2.12
0.6153846 1 2.12
0.6153846 1 2.12
0.6153846 1 2.12
0.6153846 1 2.12
0.6153846 1 2.12
0.5769231 1 2
0.5 0.9230769 1.84
0.3461539 0.8076923 1.72
0.1923077 0.6923077 1.6
0.07692308 0.6153846 1.48
0.03846154 0.5384616 1.4
-0.03846154 0.4615385 1.28
-0.1153846 0.3846154 1.12
-0.1538462 0.3076923 0.96
-0.1923077 0.2307692 0.84
-0.1923077 0.1923077 0.76
-0.1538462 0.1538462 0.64
-0.1538462 0.1153846 0.56
-0.1153846 0.1153846 0.44
-0.1153846 0.07692308 0.32
-0.1153846 0.03846154 0.2
-0.07692308 -0.03846154 0.12
-0.07692308 -0.1153846 0.04
-0.07692308 -0.1923077 0.04
-0.07692308 -0.1923077 0.04
-0.07692308 -0.2307692 0.04
-0.1153846 -0.2692308 0.12
-0.1153846 -0.3076923 0.16
-0.1153846 -0.3461539 0.2
-0.07692308 -0.3461539 0.2
-0.03846154 -0.3461539 0.24
0 -0.3461539 0.28
0 -0.3846154 0.28
0 -0.3846154 0.32
-0.07692308 -0.4230769 0.32
-0.1538462 -0.5 0.4
-0.2692308 -0.5384616 0.44
-0.3846154 -0.6153846 0.44
-0.4615385 -0.6923077 0.48
-0.5384616 -0.7307692 0.48
-0.6153846 -0.7692308 0.48
-0.6538461 -0.7692308 0.52
-0.7307692 -0.8076923 0.52
-0.8076923 -0.8461539 0.52
-0.8461539 -0.8461539 0.56
-0.8846154 -0.8076923 0.64
-0.8846154 -0.7692308 0.68
-0.8076923 -0.7307692 0.68
-0.7307692 -0.6923077 0.68
-0.6538461 -0.6538461 0.68
-0.5384616 -0.5769231 0.72
-0.4230769 -0.5384616 0.68
-0.3076923 -0.5384616 0.72
-0.2692308 -0.5384616 0.72
-0.2307692 -0.5 0.72
-0.1538462 -0.5 0.68
-0.07692308 -0.5 0.68
0.03846154 -0.4615385 0.68
0.1538462 -0.4230769 0.68
0.2692308 -0.3846154 0.72
0.3846154 -0.3846154 0.72
0.4615385 -0.3461539 0.72
0.5384616 -0.3461539 0.72
0.6153846 -0.3076923 0.72
0.6538461 -0.3076923 0.68
0.6538461 -0.3461539 0.68
0.6153846 -0.3461539 0.68
0.6153846 -0.3846154 0.72
0.5769231 -0.4230769 0.72
0.5769231 -0.4230769 0.68
0.5384616 -0.4230769 0.68
0.5384616 -0.4230769 0.68
0.5384616 -0.4615385 0.64
0.5 -0.4615385 0.64
0.4615385 -0.4615385 0.64
0.3846154 -0.4615385 0.64
0.2692308 -0.5384616 0.64
0.1923077 -0.5384616 0.6
0.1538462 -0.5384616 0.6
0.1153846 -0.5384616 0.52
0.07692308 -0.5 0.48
0.07692308 -0.5 0.44
0.07692308 -0.4615385 0.36
0.07692308 -0.4230769 0.28
0.03846154 -0.4230769 0.24
0.03846154 -0.3846154 0.2
0.07692308 -0.3461539 0.16
0.07692308 -0.3076923 0.08
0.1153846 -0.2692308 -0.04
0.1538462 -0.2307692 -0.12
0.1153846 -0.2307692 -0.16
0.1153846 -0.1538462 -0.2
0.07692308 -0.07692308 -0.12
0.03846154 -0.03846154 -0.04
0.03846154 0.07692308 0.08
0.03846154 0.1153846 0.16
0 0.1538462 0.24
-0.03846154 0.1538462 0.36
0 0.1923077 0.48
-0.03846154 0.2692308 0.6
-0.07692308 0.3461539 0.84
-0.07692308 0.4230769 1.12
-0.07692308 0.5384616 1.36
-0.03846154 0.6538461 1.64
0.03846154 0.7307692 1.92
0.07692308 0.7692308 2.16
0.07692308 0.7692308 2.32
0 0.6923077 2.44
-0.07692308 0.5769231 2.44
-0.1153846 0.5 2.36
-0.1153846 0.4615385 2.24
-0.03846154 0.4230769 2.08
0 0.3846154 1.96
0.07692308 0.3461539 1.84
0.1153846 0.3461539 1.76
0.1153846 0.3461539 1.64
0.1153846 0.2692308 1.56
0.1153846 0.2692308 1.52
0.07692308 0.2692308 1.44
0.1153846 0.2692308 1.36
0.1538462 0.3076923 1.28
0.1923077 0.3076923 1.2
0.2307692 0.3461539 1.16
0.2692308 0.4230769 1.12
0.3461539 0.4230769 1.12
0.4230769 0.4615385 1.08
0.5 0.5384616 1.04
0.6153846 0.5769231 1.04
0.7307692 0.6538461 1
0.8461539 0.7692308 1.04
0.8846154 0.8461539 1.12
0.9230769 0.9230769 1.16
0.9615384 0.9230769 1.12
0.8846154 0.9615384 1.12
0.8076923 0.9230769 1.08
0.6153846 0.9230769 1.08
0.4615385 0.8846154 1.08
0.3076923 0.8461539 1.04
0.1153846 0.8461539 1.04
-0.03846154 0.8076923 1
-0.1538462 0.7692308 0.96
-0.2692308 0.7307692 0.84
-0.3076923 0.6923077 0.76
-0.4230769 0.6153846 0.64
-0.4615385 0.5384616 0.52
-0.5384616 0.4615385 0.52
-0.6153846 0.3846154 0.52
-0.6153846 0.3076923 0.52
-0.5769231 0.2307692 0.56
-0.5384616 0.1923077 0.52
-0.5 0.2307692 0.48
-0.5 0.2692308 0.48
-0.5384616 0.2692308 0.52
-0.5769231 0.2692308 0.6
-0.5769231 0.2692308 0.64
-0.6153846 0.2307692 0.76
-0.6538461 0.1923077 0.84
-0.6538461 0.1538462 0.92
-0.6538461 0.1538462 1
-0.6153846 0.1538462 1.08
-0.5769231 0.1923077 1.12
-0.5 0.2307692 1.12
-0.4230769 0.2692308 1.16
-0.3846154 0.2692308 1.16
-0.3461539 0.2692308 1.2
-0.3461539 0.2692308 1.24
-0.3076923 0.2307692 1.24
-0.2692308 0.2307692 1.28
-0.2307692 0.2307692 1.2
