-0.8846154 0.5769231 0.84
-0.8846154 0.5769231 0.84
-0.8846154 0.5769231 0.84
-0.9230769 0.5384616 0.88
-0.9230769 0.5384616 0.88
-0.9230769 0.5384616 0.88
-0.9230769 0.5384616 0.88
-1 0.5384616 0.92
-1 0.5384616 0.92
-1 0.5384616 0.92
-1 0.5384616 0.92
-1 0.5384616 0.92
-1.076923 0.5 1
-1.076923 0.5 1
-1.076923 0.5 1
-1.192308 0.4615385 1.04
-1.269231 0.4615385 1.08
-1.307692 0.4230769 1.04
-1.269231 0.4230769 1
-1.230769 0.5 0.96
-1.153846 0.5769231 0.92
-1.076923 0.6153846 0.96
-1.076923 0.6153846 0.96
-1.115385 0.6153846 0.96
-1.153846 0.6153846 0.92
-1.192308 0.5384616 0.88
-1.230769 0.5 0.84
-1.269231 0.4230769 0.76
-1.269231 0.3846154 0.72
-1.307692 0.3461539 0.72
-1.346154 0.3461539 0.68
-1.307692 0.4615385 0.72
-1.230769 0.5384616 0.68
-1.192308 0.5769231 0.72
-1.230769 0.5769231 0.76
-1.269231 0.5384616 0.72
-1.307692 0.5 0.76
-1.307692 0.4230769 0.68
-1.346154 0.4230769 0.64
-1.269231 0.4230769 0.6
-1.230769 0.4615385 0.52
-1.115385 0.5384616 0.44
-1.038462 0.5 0.36
-1.076923 0.4230769 0.32
-1.153846 0.3076923 0.28
-1.192308 0.1923077 0.28
-1.153846 0.1538462 0.28
-1.076923 0.1538462 0.2
-0.9230769 0.2692308 0.12
-0.6923077 0.3076923 0.04
-0.5 0.3076923 0.08
-0.3846154 0.3461539 0.08
-0.2692308 0.3076923 0.08
-0.2307692 0.2692308 0.04
-0.1923077 0.2307692 0.04
-0.1538462 0.1923077 0
-0.1538462 0.07692308 -0.04
-0.1538462 0 -0.04
-0.1538462 -0.07692308 -0.08
-0.1538462 -0.07692308 -0.12
-0.07692308 -0.1153846 -0.16
-0.03846154 -0.1153846 -0.2
0.07692308 -0.07692308 -0.24
0.1538462 -0.07692308 -0.24
0.2307692 -0.07692308 -0.28
0.2307692 -0.07692308 -0.24
0.1923077 -0.1538462 -0.2
0.1153846 -0.2307692 -0.12
0.07692308 -0.2692308 -0.04
0 -0.3076923 0
0.03846154 -0.2692308 0.08
0.07692308 -0.2307692 0.12
0.1153846 -0.1153846 0.12
0.1923077 -0.03846154 0.2
0.2692308 0.07692308 0.24
0.3461539 0.1538462 0.32
0.3846154 0.1923077 0.4
0.4230769 0.2692308 0.48
0.3846154 0.3076923 0.6
0.3461539 0.3076923 0.68
0.3076923 0.3076923 0.76
0.2692308 0.3076923 0.84
0.2692308 0.3076923 0.88
0.3461539 0.3461539 0.88
0.3846154 0.4230769 0.92
0.4230769 0.5 1
0.4615385 0.5384616 1.12
0.4230769 0.5769231 1.2
0.3846154 0.6153846 1.36
0.3461539 0.6153846 1.48
0.2692308 0.6538461 1.64
0.1923077 0.6153846 1.8
0.1153846 0.5769231 1.92
0.07692308 0.6153846 1.96
0.1153846 0.6153846 1.92
0.1923077 0.6923077 2
0.2692308 0.8076923 2
0.3461539 0.8846154 2
0.3846154 0.9615384 2
0.3461539 1 1.96
0.2692308 0.9615384 1.96
0.1538462 0.9230769 1.92
0.07692308 0.8846154 1.8
0 0.8076923 1.68
-0.1153846 0.7692308 1.56
-0.1923077 0.7307692 1.44
-0.2692308 0.6923077 1.36
-0.3461539 0.6538461 1.36
-0.3846154 0.6153846 1.2
-0.4615385 0.5384616 0.88
-0.5384616 0.4615385 0.76
-0.5769231 0.4230769 0.84
-0.5769231 0.4230769 0.92
-0.5769231 0.4230769 0.96
-0.5384616 0.4230769 0.84
-0.5 0.4615385 0.8
-0.4615385 0.4615385 0.8
-0.4230769 0.4615385 0.76
-0.4230769 0.4615385 0.68
-0.3846154 0.4615385 0.68
-0.3461539 0.4230769 0.64
-0.3076923 0.4230769 0.6
-0.2692308 0.4615385 0.64
-0.2307692 0.4615385 0.68
-0.1923077 0.4615385 0.68
-0.1923077 0.4230769 0.76
-0.1923077 0.4230769 0.84
