1384186064060 78962349892081 1462662000000 1.072602 -1.072602 9.959879
1384186064173 78962462990225 1462772000000 1.838747 -1.225831 9.959879
1384186064285 78962574898184 1462882000000 2.604892 0.919373 9.653421
1384186064396 78962686043204 1462992000000 5.363012 2.145205 10.419566
1384186064508 78962797401846 1463102000000 5.516241 -1.685518 11.032481
1384186064619 78962908668936 1463212000000 2.451663 -3.524265 9.193734
1384186064731 78963020790518 1463322000000 0.459687 -6.588843 7.201759
1384186064843 78963132332266 1463432000000 -0.459687 -4.443638 9.193734
1384186064954 78963243660391 1463542000000 -0.459687 -1.379060 10.419566
1384186065066 78963355965079 1463652000000 -0.459687 -1.379060 10.113108
1384186065178 78963467750967 1463762000000 -0.153229 -0.766145 9.959879
1384186065290 78963579384268 1463872000000 -0.459687 -0.766145 10.419566
1384186065401 78963691139639 1463982000000 -0.766145 -0.306458 9.653421
1384186065492 78963781502188 1464092000000 -0.919373 -0.766145 9.959879
