1387383504472 599788492323782 2381486000000 1.532289 -2.451663 10.572795
1387383504584 599788603621389 2381596000000 1.379060 -2.145205 10.572795
1387383504704 599788724013235 2381706000000 0.919373 -0.612916 20.685904
1387383504816 599788836287405 2381816000000 1.838747 -4.750096 14.556746
1387383504912 599788932021047 2381926000000 0.612916 -3.371036 0.306458
1387383505031 599789051375295 2382036000000 -4.903325 -2.145205 -1.072602
1387383505143 599789162581350 2382146000000 -9.806650 -2.604892 7.354988
1387383505254 599789273909475 2382256000000 -3.830723 4.596867 9.193734
1387383505365 599789385054495 2382366000000 1.225831 2.604892 4.137181
1387383505476 599789495680715 2382476000000 0.306458 -1.685518 0.919373
1387383505571 599789591200735 2382586000000 -1.072602 -3.830723 19.460072
1387383505684 599789703963186 2382696000000 3.677494 1.225831 16.548723
1387383505795 599789815199758 2382806000000 4.443638 3.064578 10.419566
1387383505908 599789928267385 2382916000000 -0.306458 -8.274362 9.959879
1387383506021 599790041182424 2383026000000 0.766145 -7.967903 9.500193
1387383506138 599790158369924 2383136000000 0.459687 -3.371036 9.040505
1387383506237 599790257124807 2383246000000 1.225831 -2.604892 9.346964
1387383506349 599790369368460 2383356000000 1.072602 -1.838747 9.500193
1387383506459 599790478804495 2383466000000 0.459687 -2.298434 10.113108
1387383506581 599790601393606 2383576000000 0.766145 -1.532289 10.572795
1387383506679 599790698958303 2383686000000 0.000000 -3.064578 9.653421
1387383506790 599790810255911 2383796000000 0.459687 -2.451663 9.500193
