1384187620405 80518695076407 3019082000000 -4.903325 4.903325 6.742072
1384187620517 80518806435050 3019192000000 -5.363012 4.596867 7.201759
1384187620628 80518917396964 3019302000000 -3.983952 8.121132 9.040505
1384187620739 80519028450430 3019412000000 -0.919373 9.959879 4.903325
1384187620850 80519139900626 3019522000000 -0.612916 5.516241 2.298434
1384187620974 80519263618887 3019632000000 -2.604892 -2.145205 4.137181
1384187621068 80519357399405 3019742000000 -6.742072 -9.500193 6.742072
1384187621178 80519468056143 3019852000000 -9.500193 -11.338940 12.871228
1384187621290 80519579933585 3019962000000 -0.459687 -7.508216 14.403518
1384187621405 80519694862784 3020072000000 5.975927 -0.459687 9.500193
1384187621506 80519796211661 3020182000000 6.282385 5.669470 7.354988
1384187621618 80519907448233 3020292000000 3.983952 7.661446 9.959879
1384187621741 80520031135977 3020402000000 4.903325 -0.153229 13.484144
1384187621853 80520142708243 3020512000000 4.903325 -3.830723 12.105083
1384187621966 80520255592764 3020622000000 1.991976 -5.056554 9.500193
1384187622079 80520368843497 3020732000000 3.371036 -1.379060 9.653421
1384187622165 80520455116690 3020842000000 2.911349 -0.919373 9.500193
1384187622277 80520566292227 3020952000000 3.064578 -1.225831 9.346964
1384187622388 80520677467764 3021062000000 3.677494 -1.072602 9.500193
1384187622498 80520788185538 3021172000000 3.677494 -0.919373 9.959879
1384187622610 80520900001944 3021282000000 2.758120 -0.153229 8.274362
1384187622732 80521021309317 3021392000000 3.524265 0.919373 10.266337
1384187622839 80521128395499 3021502000000 3.371036 -0.459687 9.346964
