1384855847046 28590171779570 1117280000000 6.895301 -4.290410 6.588843
1384855847165 28590291042265 1117390000000 6.588843 -4.290410 6.588843
1384855847262 28590387935576 1117500000000 6.742072 -4.137181 6.742072
1384855847391 28590517055449 1117610000000 8.274362 -5.363012 11.645397
1384855847484 28590610561308 1117720000000 11.492168 -8.274362 22.371420
1384855847604 28590729946074 1117830000000 14.863204 -9.959879 7.967903
1384855847701 28590827144560 1117940000000 2.758120 -0.306458 -7.967903
1384855847824 28590950527128 1118050000000 -1.532289 1.379060 3.983952
1384855847923 28591048885283 1118160000000 -1.072602 3.064578 10.419566
1384855848039 28591165187773 1118270000000 1.379060 6.282385 10.419566
1384855848153 28591279598173 1118380000000 0.766145 7.201759 9.653421
1384855848250 28591375942168 1118490000000 -0.306458 -5.975927 7.661446
1384855848364 28591490566191 1118600000000 -3.524265 -8.734048 10.113108
1384855848475 28591601161894 1118710000000 -3.677494 -2.298434 9.653421
1384855848586 28591711757597 1118820000000 -3.524265 -0.306458 9.653421
1384855848691 28591817684111 1118930000000 -2.298434 -0.153229 9.653421
1384855848802 28591928432402 1119040000000 -1.685518 1.225831 9.806650
1384855848927 28592053371367 1119150000000 -2.298434 0.306458 9.653421
1384855849033 28592159206328 1119260000000 -2.451663 0.919373 10.113108
1384855849147 28592272884306 1119370000000 -2.298434 -0.306458 9.806650
1384855849259 28592385555205 1119480000000 -2.758120 -0.459687 9.806650
1384855849348 28592474239287 1119590000000 0.000000 -7.354988 8.274362
1384855849464 28592590511259 1119700000000 -2.758120 -1.379060 11.185710
1384855849570 28592696071562 1119810000000 -1.838747 0.153229 9.806650
