1387361022612 577306631789114 880101000000 7.814674 -0.612916 6.435614
1387361022724 577306743636038 880211000000 7.201759 -0.306458 6.742072
1387361022835 577306854842092 880321000000 8.121132 2.298434 5.822699
1387361022951 577306970991995 880431000000 9.653421 2.451663 10.879252
1387361023062 577307082350637 880541000000 11.338940 -3.830723 12.871228
1387361023151 577307171400930 880651000000 11.032481 -9.653421 8.887277
1387361023262 577307281783010 880761000000 6.895301 -10.113108 3.217807
1387361023388 577307407973196 880871000000 0.612916 -7.048530 -0.766145
1387361023491 577307510725881 880981000000 -1.532289 -3.064578 0.306458
1387361023614 577307634016897 881091000000 -2.604892 -1.225831 3.677494
1387361023715 577307735030081 881201000000 -1.685518 0.459687 6.588843
1387361023826 577307846236135 881311000000 0.919373 1.072602 6.742072
1387361023928 577307947768118 881421000000 4.137181 0.766145 10.419566
1387361024039 577308058882620 881531000000 6.742072 -1.379060 11.338940
1387361024150 577308169875051 881641000000 7.201759 -0.612916 11.645397
1387361024265 577308284987356 881751000000 9.959879 -1.225831 11.798626
1387361024363 577308382887747 881861000000 8.887277 -2.604892 8.580819
1387361024476 577308495711233 881971000000 7.814674 -0.766145 6.895301
1387361024591 577308610731985 882081000000 7.201759 -0.153229 6.282385
1387361024702 577308721999075 882191000000 7.201759 0.153229 6.742072
1387361024813 577308833113577 882301000000 7.508216 -0.306458 6.742072
1387361024909 577308929060842 882411000000 7.814674 0.306458 7.048530
1387361025020 577309039656546 882521000000 7.814674 -0.153229 7.508216
