1387361039227 577323246901418 896721000000 6.742072 -1.532289 7.508216
1387361039330 577323350539114 896831000000 7.201759 -1.532289 7.201759
1387361039442 577323461745169 896941000000 7.354988 -0.153229 6.588843
1387361039574 577323594313528 897051000000 8.427590 0.306458 8.274362
1387361039680 577323700362112 897161000000 9.653421 3.524265 12.105083
1387361039784 577323804274465 897271000000 11.338940 -2.758120 12.871228
1387361039895 577323915572073 897381000000 10.419566 -7.661446 12.411542
1387361040009 577324029189016 897491000000 5.056554 -5.516241 6.895301
1387361040117 577324137465383 897601000000 -0.459687 -4.290410 1.072602
1387361040228 577324248274709 897711000000 -1.838747 -2.145205 0.459687
1387361040329 577324349409963 897821000000 -0.459687 1.532289 4.137181
1387361040441 577324460799123 897931000000 1.532289 2.604892 6.588843
1387361040553 577324573042776 898041000000 5.209783 1.685518 8.887277
1387361040650 577324670424368 898151000000 9.500193 2.911349 13.790602
1387361040774 577324794203665 898261000000 9.806650 2.145205 13.330915
1387361040881 577324900587942 898371000000 11.185710 -3.677494 10.879252
1387361041003 577325022932913 898481000000 7.661446 -4.137181 7.508216
1387361041102 577325121779348 898591000000 7.201759 -0.153229 5.975927
1387361041199 577325219313528 898701000000 7.048530 0.000000 7.048530
1387361041322 577325341689016 898811000000 6.742072 0.000000 7.508216
1387361041423 577325443098928 898921000000 6.742072 -0.919373 6.742072
1387361041547 577325566695120 899031000000 7.201759 -0.766145 8.121132
1387361041649 577325669447805 899141000000 7.354988 -1.072602 7.354988
