1387384879643 601163662825491 3591293000000 1.072602 3.830723 9.806650
1387384879754 601163773939993 3591403000000 0.612916 4.903325 7.967903
1387384879865 601163884993460 3591513000000 1.225831 2.145205 7.508216
1387384879976 601163995650198 3591623000000 1.991976 -2.145205 7.661446
1387384880063 601164082716848 3591733000000 0.766145 -3.677494 8.427590
1387384880187 601164207320120 3591843000000 2.911349 -5.363012 10.266337
1387384880285 601164305464651 3591953000000 4.750096 -3.524265 9.500193
1387384880397 601164417311575 3592063000000 6.895301 -0.612916 7.661446
1387384880513 601164532912161 3592173000000 8.121132 2.604892 8.121132
1387384880623 601164643568899 3592283000000 9.959879 1.991976 7.201759
1387384880746 601164766402151 3592393000000 10.879252 0.153229 6.129157
1387384880850 601164869734670 3592503000000 11.032481 -1.225831 6.588843
1387384880948 601164968306448 3592613000000 9.653421 -2.911349 4.750096
1387384881061 601165080794241 3592723000000 9.040505 -1.685518 3.983952
1387384881183 601165203474905 3592833000000 9.193734 -0.766145 3.983952
1387384881280 601165300551321 3592943000000 9.193734 -0.459687 4.290410
1387384881392 601165412123586 3593053000000 12.105083 -1.072602 3.677494
1387384881493 601165513441946 3593163000000 9.193734 -0.459687 4.290410
1387384881604 601165624434378 3593273000000 9.346964 -1.072602 5.516241
1387384881739 601165759200003 3593383000000 9.040505 -0.766145 4.903325
