1387384150806 600434825697805 2862433000000 1.991976 -0.459687 9.806650
1387384150901 600434920637991 2862543000000 2.145205 -0.459687 9.959879
1387384151012 600435032118704 2862653000000 1.532289 -0.459687 9.500193
1387384151123 600435143050100 2862763000000 1.685518 0.153229 10.419566
1387384151239 600435258742239 2862873000000 1.685518 -0.459687 10.572795
1387384151350 600435370192434 2862983000000 1.072602 -3.830723 9.806650
1387384151451 600435471083547 2863093000000 0.919373 -5.822699 10.879252
1387384151558 600435577834036 2863203000000 3.983952 -0.612916 10.879252
1387384151680 600435700453665 2863313000000 3.371036 3.524265 7.967903
1387384151792 600435812056448 2863423000000 1.532289 1.685518 6.588843
1387384151902 600435922194387 2863533000000 1.991976 0.153229 5.516241
1387384152013 600436033308889 2863643000000 3.217807 -0.612916 5.516241
1387384152125 600436144698049 2863753000000 7.661446 -2.604892 8.887277
1387384152222 600436241988088 2863863000000 10.113108 -1.532289 11.032481
1387384152321 600436340620901 2863973000000 9.959879 -0.766145 10.266337
1387384152443 600436463087942 2864083000000 9.193734 -1.685518 7.048530
1387384152540 600436560561086 2864193000000 8.580819 -1.072602 4.750096
1387384152663 600436683058645 2864303000000 8.274362 -2.145205 5.209783
1387384152761 600436780959036 2864413000000 3.371036 9.806650 8.887277
1387384152876 600436895888235 2864523000000 7.967903 -1.685518 5.975927
1387384152998 600437018172170 2864633000000 8.274362 -2.145205 5.669470
