1387384161658 600445677901174 2873293000000 0.766145 -0.153229 9.806650
1387384161776 600445796065237 2873403000000 0.919373 0.306458 9.959879
1387384161862 600445882185842 2873513000000 0.919373 -0.306458 10.266337
1387384161984 600446004530813 2873623000000 0.919373 -5.975927 11.185710
1387384162096 600446115736868 2873733000000 2.911349 -5.056554 10.879252
1387384162191 600446211012747 2873843000000 3.524265 2.298434 9.959879
1387384162326 600446346449758 2873953000000 1.379060 5.822699 7.967903
1387384162416 600446435774709 2874063000000 0.919373 3.371036 5.363012
1387384162528 600446548384573 2874173000000 2.604892 1.379060 4.137181
1387384162641 600446660750295 2874283000000 7.048530 -0.766145 5.363012
1387384162752 600446772017385 2874393000000 11.951855 -0.153229 9.193734
1387384162863 600446883467581 2874503000000 13.024457 -1.379060 10.419566
1387384162975 600446994917776 2874613000000 9.653421 -0.919373 7.967903
1387384163081 600447100783255 2874723000000 9.653421 -1.072602 5.209783
1387384163192 600447212141897 2874833000000 9.653421 -1.532289 3.217807
1387384163303 600447323347952 2874943000000 9.346964 -1.072602 3.830723
1387384163415 600447434767629 2875053000000 9.806650 0.000000 3.983952
1387384163521 600447540785696 2875163000000 9.193734 -0.919373 4.290410
1387384163643 600447662672903 2875273000000 9.040505 -1.532289 3.677494
1387384163730 600447749586965 2875383000000 8.887277 -1.379060 4.137181
