1387384176713 600460732893850 2888343000000 1.532289 -0.459687 9.959879
1387384176800 600460819655325 2888453000000 1.838747 -0.612916 9.500193
1387384176911 600460931044485 2888563000000 1.685518 -1.225831 10.113108
1387384177023 600461043532278 2888673000000 1.991976 -5.209783 10.113108
1387384177142 600461162154104 2888783000000 2.451663 -5.056554 10.726024
1387384177255 600461274702932 2888893000000 2.758120 0.306458 10.113108
1387384177367 600461387190725 2889003000000 1.685518 2.911349 9.193734
1387384177478 600461498244192 2889113000000 0.766145 2.911349 8.580819
1387384177591 600461610823538 2889223000000 1.225831 1.225831 6.742072
1387384177688 600461708357717 2889333000000 2.758120 0.459687 4.137181
1387384177803 600461822676565 2889443000000 7.354988 -0.306458 5.669470
1387384177915 600461935072805 2889553000000 10.726024 -0.766145 9.500193
1387384178028 600462047713186 2889663000000 11.185710 -1.532289 12.564771
1387384178142 600462162459280 2889773000000 9.653421 -2.911349 7.354988
1387384178255 600462275130178 2889883000000 9.346964 -1.685518 3.830723
1387384178342 600462361616995 2889993000000 9.193734 -1.379060 4.443638
1387384178469 600462489363577 2890103000000 9.346964 -1.991976 4.443638
1387384178581 600462601179983 2890213000000 8.734048 -1.379060 4.750096
1387384178693 600462713271047 2890323000000 8.887277 -2.451663 4.903325
