0.3461539 0.4615385 -1.2
0.3461539 0.4615385 -1.2
0.3461539 0.4615385 -1.2
0.3461539 0.4615385 -1.2
0.3461539 0.4615385 -1.2
0.3461539 0.4615385 -1.2
0.3461539 0.4615385 -1.2
0.3461539 0.4615385 -1.2
0.3461539 0.4615385 -1.2
0.3461539 0.4615385 -1.2
0.3461539 0.4615385 -1.2
0.3461539 0.5769231 -0.92
0.1923077 0.5769231 -0.56
-0.03846154 0.5769231 -0.12
-0.2692308 0.5769231 0.4
-0.3846154 0.4615385 1.04
-0.3461539 0.3461539 1.52
-0.2307692 0.3076923 1.76
-0.07692308 0.3076923 1.84
0.1153846 0.3461539 1.84
0.1538462 0.3076923 2
0.1538462 0.2692308 2.44
0.2692308 0.2307692 2.88
0.4230769 0.2307692 3.04
0.5 0.1538462 2.96
0.4230769 0.07692308 2.88
0.4230769 0 2.72
0.4230769 -0.03846154 2.52
0.5 -0.03846154 2.28
0.5384616 -0.03846154 2.04
0.5384616 0 1.88
0.4615385 0.03846154 1.64
0.3846154 0.03846154 1.4
0.3461539 0.03846154 1.28
0.3461539 0.07692308 1.2
0.3846154 0.1153846 1.16
0.3846154 0.1538462 1.08
0.3846154 0.1538462 1.04
0.3461539 0.1538462 0.96
0.3076923 0.1153846 0.92
0.3076923 0.1153846 0.92
0.3076923 0.07692308 0.92
0.2692308 0.07692308 0.92
0.2692308 0.03846154 0.96
0.2692308 0 0.96
0.2692308 0 0.96
0.2692308 0 1
0.2692308 -0.03846154 1.04
0.2692308 -0.03846154 1.08
0.3076923 -0.07692308 1.16
0.3846154 -0.03846154 1.2
