-0.03846154 0.1923077 1
0.1153846 0.2307692 0.92
0.1153846 0.2307692 0.92
0.1153846 0.2307692 0.92
0.1153846 0.2307692 0.92
0.1153846 0.2307692 0.92
0.1153846 0.2307692 0.92
0.1153846 0.2307692 0.92
0.1153846 0.2307692 0.92
0.1153846 0.2307692 0.92
0.2307692 0.2692308 0.96
0.2307692 0.2692308 0.96
0.3461539 0.3461539 1.12
0.5 0.4230769 1.28
0.6538461 0.5384616 1.44
0.9230769 0.6538461 1.52
1.192308 0.7307692 1.64
1.307692 0.7307692 1.68
1.307692 0.6923077 1.64
1.192308 0.6153846 1.52
1.076923 0.5769231 1.48
1.038462 0.5384616 1.4
1.038462 0.5 1.32
1 0.4615385 1.16
0.9230769 0.4230769 1.08
0.8076923 0.3076923 1
0.6923077 0.2307692 0.92
0.5769231 0.1538462 0.84
0.5769231 0.1153846 0.72
0.5384616 0.1153846 0.6
0.5384616 0.1153846 0.52
0.5384616 0.1538462 0.4
0.5769231 0.1153846 0.28
0.5384616 0.07692308 0.24
0.4615385 0.1153846 0.2
0.3846154 0.1153846 0.16
0.2307692 0.07692308 0.08
0.07692308 0.03846154 0
-0.1153846 0 -0.04
-0.2692308 -0.03846154 -0.08
-0.4230769 -0.1538462 0
-0.5769231 -0.2307692 -0.04
-0.6153846 -0.3076923 -0.04
-0.5769231 -0.3076923 0
-0.5384616 -0.2692308 0.04
-0.5769231 -0.2307692 0.08
-0.5769231 -0.1923077 0.12
-0.6153846 -0.1923077 0.12
-0.7307692 -0.2307692 0.12
-0.8076923 -0.2692308 0.08
-0.9230769 -0.3076923 0.08
-0.9615384 -0.3076923 0.08
-1 -0.2692308 0.16
-1.038462 -0.2692308 0.24
-1.076923 -0.2692308 0.36
-1.115385 -0.2692308 0.48
-1.153846 -0.2692308 0.52
-1.230769 -0.2307692 0.52
-1.307692 -0.2307692 0.52
-1.384615 -0.2692308 0.68
-1.346154 -0.2307692 0.92
-1.307692 -0.2307692 1.08
-1.307692 -0.1923077 1.2
-1.346154 -0.2307692 1.16
-1.346154 -0.1923077 1.04
-1.346154 -0.1923077 1.04
-1.269231 -0.07692308 1.32
-1 0.1538462 1.72
-0.6538461 0.3461539 1.88
-0.3461539 0.5 1.8
0 0.6538461 1.56
0.1538462 0.6923077 1.4
0.3076923 0.7307692 1.2
0.5384616 0.8461539 1
0.8076923 0.9230769 0.84
1 0.9615384 0.92
1.269231 1.038462 1
1.346154 1.038462 1
1.384615 0.9615384 0.96
1.346154 0.8846154 0.92
1.230769 0.7307692 0.84
1.038462 0.5769231 0.76
0.8461539 0.4615385 0.72
0.7307692 0.3461539 0.68
0.6923077 0.3076923 0.68
0.6923077 0.2692308 0.76
0.6923077 0.2307692 0.8
0.5769231 0.1538462 0.8
0.5 0.1153846 0.8
0.3846154 0.07692308 0.84
0.3461539 0.03846154 0.84
0.3076923 0.03846154 0.88
0.2307692 0 0.88
0.2307692 -0.03846154 0.92
0.2307692 -0.03846154 0.92
0.2307692 -0.03846154 0.96
0.2692308 0 1.04
0.3076923 0 1.04
0.3076923 0 1.04
0.2692308 0 1
0.2307692 -0.03846154 0.96
0.1923077 -0.03846154 0.92
0.1923077 -0.03846154 0.92
