0.1153846 0.3076923 1.84
0.1153846 0.3076923 1.84
0.1153846 0.3076923 1.84
0.1153846 0.3076923 1.84
0.1153846 0.3076923 1.84
0.1153846 0.3076923 1.84
0.1153846 0.3076923 1.84
0.1153846 0.3076923 1.84
0.1153846 0.3076923 1.84
0.07692308 0.3076923 1.6
0.07692308 0.3076923 1.6
0.07692308 0.3076923 1.6
0.07692308 0.3076923 1.6
0.1923077 0.2692308 1.32
0.1923077 0.2692308 1
0.1538462 0.2307692 0.68
0.1153846 0.1923077 0.32
0.07692308 0.1153846 -0.08
-0.03846154 -0.03846154 -0.28
-0.1538462 -0.1538462 -0.28
-0.2692308 -0.2307692 -0.28
-0.3076923 -0.2307692 -0.24
-0.3076923 -0.2692308 -0.2
-0.2692308 -0.2692308 -0.16
-0.1923077 -0.2692308 -0.16
-0.1538462 -0.3076923 -0.2
-0.1153846 -0.3461539 -0.28
-0.1153846 -0.3846154 -0.32
-0.1538462 -0.4230769 -0.36
-0.1538462 -0.5 -0.36
-0.1538462 -0.5384616 -0.24
-0.1538462 -0.5769231 -0.12
-0.1153846 -0.5384616 -0.04
-0.1153846 -0.6538461 0.04
-0.07692308 -0.6923077 0.04
-0.07692308 -0.6923077 0.04
-0.03846154 -0.6923077 0.08
0 -0.7307692 0.08
0 -0.7307692 0.12
-0.03846154 -0.7307692 0.12
-0.07692308 -0.7307692 0.16
-0.07692308 -0.7307692 0.16
-0.1153846 -0.7692308 0.24
-0.1153846 -0.7692308 0.28
-0.1153846 -0.7692308 0.32
-0.07692308 -0.7692308 0.32
-0.03846154 -0.7307692 0.32
0 -0.6923077 0.28
0 -0.6923077 0.28
0 -0.6538461 0.28
0.03846154 -0.6153846 0.32
0.03846154 -0.5769231 0.36
0 -0.5769231 0.4
-0.07692308 -0.6153846 0.44
-0.1538462 -0.6538461 0.52
-0.2307692 -0.6923077 0.52
-0.2692308 -0.6538461 0.56
-0.2307692 -0.6153846 0.64
