0.4615385 -0.2307692 0.76
0.4615385 -0.2307692 0.76
0.4615385 -0.2307692 0.76
0.4615385 -0.2307692 0.76
0.4615385 -0.2307692 0.76
0.4615385 -0.2307692 0.76
0.4615385 -0.2307692 0.76
0.4615385 -0.2307692 0.76
0.4615385 -0.2307692 0.76
0.4615385 -0.2307692 0.8
0.4615385 -0.2307692 0.8
0.4615385 -0.2307692 0.8
0.4615385 -0.2307692 0.8
0.4615385 -0.2307692 0.8
0.5384616 -0.2307692 0.84
0.4615385 -0.2307692 0.88
0.3461539 -0.3076923 1
0.1538462 -0.4230769 1.16
-0.1923077 -0.6153846 1.44
-0.7307692 -0.9230769 1.8
-1.269231 -1.192308 1.92
-1.615385 -1.346154 1.84
-1.653846 -1.346154 1.68
-1.5 -1.192308 1.56
-1.269231 -0.9615384 1.48
-1 -0.7307692 1.32
-0.7307692 -0.5 1.12
-0.5769231 -0.3076923 1
-0.4230769 -0.07692308 0.88
-0.1538462 0.1538462 0.72
0.1538462 0.4230769 0.6
0.4615385 0.6923077 0.56
0.7692308 0.8461539 0.48
0.9615384 1 0.52
1.038462 1 0.56
1.076923 0.9615384 0.6
1.038462 0.9230769 0.6
1 0.9230769 0.56
0.9615384 0.8846154 0.56
0.8846154 0.7692308 0.6
0.8846154 0.7307692 0.6
0.9615384 0.6923077 0.56
1.076923 0.6923077 0.48
1.153846 0.6538461 0.44
1.192308 0.5769231 0.4
1.192308 0.5 0.4
1.153846 0.4230769 0.36
1.115385 0.3461539 0.4
1.076923 0.3076923 0.44
1.076923 0.2692308 0.48
1.076923 0.2307692 0.52
1.076923 0.2307692 0.6
1.076923 0.2307692 0.64
1.076923 0.2307692 0.68
1.038462 0.1923077 0.68
1.076923 0.1923077 0.72
1.076923 0.1923077 0.76
1.076923 0.1923077 0.76
1.038462 0.1538462 0.76
1 0.1153846 0.76
0.9230769 0.1153846 0.8
0.9230769 0.07692308 0.76
0.8846154 0.07692308 0.72
0.8461539 0.07692308 0.68
0.8461539 0.07692308 0.68
0.8461539 0.03846154 0.68
0.8846154 0.07692308 0.68
