0.03846154 -0.1538462 1.12
0.03846154 -0.1538462 1.12
0.03846154 -0.1538462 1.12
0.03846154 -0.1538462 1.12
0.03846154 -0.1538462 1.12
0.03846154 -0.1538462 1.12
0.03846154 -0.1538462 1.12
0.03846154 -0.1538462 1.12
0.03846154 -0.1538462 1.12
0.03846154 -0.1538462 1.12
0.03846154 -0.1538462 1.12
0.03846154 -0.1538462 1.12
0 -0.1538462 1.2
-0.1153846 -0.1538462 1.28
-0.2307692 -0.2307692 1.44
-0.5 -0.3846154 1.68
-0.8076923 -0.5384616 1.84
-1.076923 -0.7307692 1.92
-1.307692 -0.8461539 2.04
-1.5 -0.8846154 2.04
-1.538462 -0.8076923 1.92
-1.423077 -0.6538461 1.68
-1.230769 -0.4230769 1.36
-1.038462 -0.2692308 1
-0.8461539 -0.1538462 0.84
-0.6153846 0 0.76
-0.3076923 0.2307692 0.72
0 0.4230769 0.64
0.3846154 0.5769231 0.6
1.269231 0.9230769 0.6
1.346154 0.9230769 0.68
1.384615 0.8846154 0.76
1.384615 0.8461539 0.76
1.384615 0.7692308 0.76
1.346154 0.6923077 0.72
1.307692 0.6538461 0.72
1.307692 0.6153846 0.64
1.230769 0.5384616 0.6
1.192308 0.4615385 0.6
1.153846 0.3846154 0.56
1.115385 0.3076923 0.52
1 0.2307692 0.48
0.9615384 0.1538462 0.44
0.8846154 0.1153846 0.44
0.8461539 0.03846154 0.48
0.8076923 0.03846154 0.48
0.7692308 -0.03846154 0.52
0.7307692 -0.07692308 0.52
0.6923077 -0.1153846 0.56
0.6923077 -0.1538462 0.6
0.6538461 -0.1538462 0.64
0.6153846 -0.1923077 0.64
0.6153846 -0.1923077 0.68
