-0.7307692 -0.5384616 0.68
-0.7307692 -0.5 0.68
-0.7307692 -0.5 0.68
-0.7307692 -0.5 0.68
-0.7307692 -0.5 0.68
-0.7307692 -0.5 0.68
-0.6538461 -0.5 0.6
-0.6538461 -0.5 0.6
-0.6538461 -0.5 0.6
-0.6538461 -0.5 0.6
-0.6538461 -0.5 0.6
-0.6538461 -0.5 0.6
-0.6538461 -0.5 0.6
-0.6923077 -0.5384616 0.52
-0.7307692 -0.5384616 0.56
-0.7692308 -0.5384616 0.56
-0.8076923 -0.5769231 0.6
-0.8461539 -0.6153846 0.6
-0.8461539 -0.5769231 0.56
-0.7692308 -0.5769231 0.52
-0.6923077 -0.5384616 0.48
-0.5384616 -0.4615385 0.48
-0.3846154 -0.3846154 0.52
-0.2307692 -0.3076923 0.56
-0.1923077 -0.3076923 0.56
-0.1153846 -0.2307692 0.6
0 -0.1538462 0.64
0.1923077 -0.03846154 0.72
0.4615385 0.07692308 0.76
0.7692308 0.1923077 0.76
0.8846154 0.2692308 0.72
0.9230769 0.3076923 0.68
1 0.3461539 0.64
1.115385 0.4230769 0.64
1.192308 0.5 0.64
1.384615 0.6923077 0.68
1.576923 0.8461539 0.64
1.769231 1.038462 0.6
2 1.192308 0.56
2.153846 1.307692 0.56
2.153846 1.423077 0.64
1.961538 1.423077 0.68
1.730769 1.423077 0.8
1.346154 1.346154 1
1 1.192308 1.2
0.6538461 0.9615384 1.48
0.2692308 0.7307692 1.76
-0.03846154 0.4615385 1.88
-0.2692308 0.2692308 1.96
-0.4615385 0.07692308 2.04
-0.6538461 -0.1153846 2.16
-0.8846154 -0.3461539 2.36
-1.076923 -0.5384616 2.52
-1.115385 -0.6538461 2.4
-1 -0.6538461 2.2
-0.8461539 -0.6153846 1.96
-0.6538461 -0.5 1.72
-0.4615385 -0.3461539 1.48
-0.3076923 -0.2307692 1.36
-0.1923077 -0.1153846 1.28
-0.1153846 -0.07692308 1.28
-0.1153846 -0.03846154 1.28
-0.1538462 -0.03846154 1.24
-0.1538462 -0.03846154 1.16
-0.1538462 -0.03846154 1.12
-0.1538462 -0.03846154 1.12
-0.03846154 0 1.08
0 0.07692308 1.12
0.1153846 0.1153846 1.12
0.1538462 0.1153846 1.16
0.1923077 0.1153846 1.16
0.1923077 0.1153846 1.24
0.1538462 0.07692308 1.24
0.1153846 0.07692308 1.24
0.1538462 0.03846154 1.2
0.2307692 0.03846154 1.16
0.2692308 0.03846154 1.16
