0.3461539 -0.4230769 0.92
0.3461539 -0.4230769 0.92
0.3461539 -0.4230769 0.92
0.3461539 -0.4230769 0.92
0.3461539 -0.4230769 0.92
0.3461539 -0.4230769 0.92
0.3461539 -0.4230769 0.92
0.3461539 -0.4230769 0.92
0.3461539 -0.4230769 0.92
0.3461539 -0.4230769 0.92
0.3461539 -0.4230769 0.92
0.3461539 -0.4230769 0.92
0.3461539 -0.4230769 0.92
0.3461539 -0.4230769 0.92
0.3461539 -0.4230769 0.92
0.3461539 -0.4230769 0.92
0.3461539 -0.3846154 0.92
0.3461539 -0.3846154 0.92
0.3461539 -0.3846154 0.92
0.3461539 -0.3846154 0.92
0.3461539 -0.3846154 0.92
0.3461539 -0.3846154 0.92
0.3461539 -0.3846154 0.92
0.3461539 -0.3846154 0.92
0.3461539 -0.3846154 0.92
0.3076923 -0.3461539 0.88
0.3076923 -0.3461539 0.84
0.2692308 -0.3461539 0.76
0.2692308 -0.3461539 0.72
0.2692308 -0.3461539 0.68
0.2692308 -0.3461539 0.68
0.2692308 -0.3461539 0.68
