1.384615 0.5384616 0.32
1.384615 0.5384616 0.32
1.384615 0.5384616 0.32
1.384615 0.5384616 0.32
1.384615 0.5384616 0.32
1.384615 0.5384616 0.32
1.384615 0.6923077 0.24
1.384615 0.6923077 0.24
1.384615 0.6923077 0.24
1.384615 0.6923077 0.24
1.384615 0.6923077 0.24
1.384615 0.7307692 0.24
1.384615 0.7307692 0.24
1.384615 0.7307692 0.24
1.538462 0.8846154 0.2
1.807692 1.076923 0.16
1.961538 1.307692 0.24
1.884615 1.538462 0.36
1.615385 1.730769 0.48
1.153846 1.846154 0.6
0.6153846 1.807692 0.88
0 1.5 1.2
-0.5769231 0.9230769 1.4
-1.038462 0.1923077 1.44
-1.269231 -0.2692308 1.04
-1.153846 -0.5769231 1.44
-0.6923077 -0.4230769 1.56
-0.6153846 -0.3076923 1.28
-0.6153846 -0.1923077 1.16
-0.6153846 -0.1923077 1.24
-0.6153846 -0.2307692 1.28
-0.6153846 -0.3076923 1.24
-0.6153846 -0.3846154 1.16
-0.6153846 -0.3846154 1.12
-0.5 -0.3461539 1.12
-0.3846154 -0.2692308 1.12
-0.2692308 -0.1923077 1.12
-0.2307692 -0.1538462 1.12
-0.1923077 -0.1538462 1.2
-0.2692308 -0.1923077 1.24
-0.2307692 -0.3076923 1.28
-0.1153846 -0.3076923 1.24
-0.07692308 -0.2692308 1.2
0 -0.2307692 1.16
0.07692308 -0.2307692 1.12
0.1153846 -0.1923077 1.12
0.1538462 -0.2307692 1.04
0.1538462 -0.2307692 1
0.1538462 -0.2307692 0.96
0.1538462 -0.2307692 1
0.1538462 -0.2692308 1.04
0.1153846 -0.2692308 1.08
0.1153846 -0.3076923 1.04
0.07692308 -0.3076923 1.04
0.07692308 -0.3076923 1.04
0.07692308 -0.3461539 1.04
