0.4615385 0.2692308 1.92
0.4615385 0.2692308 1.92
0.4615385 0.2692308 1.92
0.4615385 0.2692308 1.92
0.4615385 0.2692308 1.92
0.4615385 0.2692308 1.92
0.4615385 0.2692308 1.92
0.4615385 0.2692308 1.92
0.4615385 0.2692308 1.92
0.4615385 0.2692308 1.92
0.4615385 0.2692308 1.92
0.2692308 0.1153846 1.88
0.07692308 0.03846154 1.84
-0.07692308 -0.03846154 1.76
-0.2307692 -0.1153846 1.64
-0.4230769 -0.1923077 1.6
-0.5769231 -0.2692308 1.64
-0.6538461 -0.2692308 1.56
-0.6538461 -0.2692308 1.4
-0.6153846 -0.1923077 1.28
-0.5769231 -0.1923077 1.12
-0.6538461 -0.1923077 1
-0.6923077 -0.1923077 0.84
-0.7307692 -0.2307692 0.64
-0.8076923 -0.2692308 0.52
-0.8461539 -0.3076923 0.36
-0.8461539 -0.3076923 0.16
-0.8076923 -0.3076923 0
-0.7692308 -0.3461539 -0.16
-0.6923077 -0.3846154 -0.28
-0.6923077 -0.4230769 -0.36
-0.6538461 -0.4230769 -0.4
-0.6538461 -0.4615385 -0.44
-0.5769231 -0.4230769 -0.44
-0.4615385 -0.3846154 -0.44
-0.4230769 -0.3461539 -0.48
-0.3461539 -0.3076923 -0.44
-0.2692308 -0.2307692 -0.48
-0.1538462 -0.1538462 -0.52
-0.07692308 -0.1923077 -0.52
0 -0.1538462 -0.56
0.03846154 -0.1538462 -0.56
0.03846154 -0.1538462 -0.56
0.03846154 -0.1538462 -0.48
0.07692308 -0.07692308 -0.44
0.1153846 0.03846154 -0.28
0.2307692 0.1923077 -0.12
0.3846154 0.2692308 0
0.5769231 0.4230769 0.08
0.8461539 0.5769231 0.08
1.115385 0.6538461 0.2
1.307692 0.7692308 0.36
1.384615 0.8461539 0.48
1.384615 0.8846154 0.56
1.307692 0.9230769 0.56
1.269231 0.9615384 0.6
1.230769 1.076923 0.64
1.346154 1.192308 0.8
1.461538 1.307692 1.16
1.5 1.384615 1.56
1.461538 1.384615 1.8
1.346154 1.346154 1.84
1.076923 1.192308 1.88
0.7307692 0.9230769 1.8
0.3846154 0.6538461 1.84
0.1538462 0.4615385 2.12
-0.1153846 0.1923077 2.72
-0.2307692 0 2.92
-0.3076923 -0.07692308 2.72
-0.4615385 -0.1923077 2.44
-0.6538461 -0.3461539 2.2
-0.7692308 -0.4615385 1.96
-0.7692308 -0.5 1.68
-0.6153846 -0.4230769 1.44
-0.4230769 -0.3076923 1.24
-0.2692308 -0.1923077 1.08
-0.1538462 -0.1153846 0.92
-0.07692308 -0.03846154 0.8
0.03846154 0.03846154 0.76
0.1153846 0.1153846 0.68
0.1538462 0.1153846 0.64
0.1538462 0.1153846 0.56
0.1538462 0.07692308 0.52
0.1923077 0.07692308 0.56
0.2307692 0.1153846 0.56
