0.5 0.3076923 1.08
0.5 0.3076923 1.08
0.5 0.3076923 1.08
0.5 0.3076923 1.08
0.5 0.3076923 1.08
0.5 0.3076923 1.08
0.5 0.3076923 1.08
0.5 0.3076923 1.08
0.5 0.2307692 1.04
0.3846154 0.2307692 1.04
0.3846154 0.2307692 1.04
0.3846154 0.2307692 1.04
0.2692308 0.1923077 0.92
0.1153846 0.07692308 0.76
-0.1153846 0 0.68
-0.2307692 -0.03846154 0.44
-0.1923077 -0.03846154 0.04
-0.1923077 -0.07692308 -0.32
-0.1923077 -0.1153846 -0.4
-0.1923077 -0.1538462 -0.32
-0.1923077 -0.1923077 -0.28
-0.1923077 -0.1923077 -0.32
-0.2307692 -0.2692308 -0.4
-0.2692308 -0.3076923 -0.44
-0.2692308 -0.3846154 -0.44
-0.2692308 -0.3846154 -0.48
-0.2692308 -0.4230769 -0.48
-0.1923077 -0.5 -0.4
-0.1538462 -0.5 -0.32
-0.07692308 -0.5384616 -0.16
-0.03846154 -0.5769231 -0.04
0.03846154 -0.6153846 0.04
0.07692308 -0.6538461 0.08
0.1153846 -0.6923077 0.12
0.1153846 -0.6923077 0.2
0.07692308 -0.7307692 0.24
0.03846154 -0.7692308 0.4
0 -0.8076923 0.48
0 -0.8461539 0.56
0 -0.8461539 0.6
0 -0.8461539 0.64
0.03846154 -0.8461539 0.64
0.1153846 -0.8461539 0.56
0.1538462 -0.8076923 0.52
0.1538462 -0.8076923 0.48
0.1538462 -0.8076923 0.52
0.1153846 -0.8461539 0.52
