0.3076923 0.5769231 2.68
0.3076923 0.5769231 2.68
0.3076923 0.5769231 2.68
0.3076923 0.5769231 2.68
0.3076923 0.5769231 2.68
0.3076923 0.5769231 2.68
0.3076923 0.5769231 2.68
0.3076923 0.5769231 2.68
0.3076923 0.5769231 2.68
0.3076923 0.5769231 2.68
0.3076923 0.5769231 2.68
0.3076923 0.5769231 2.68
0.07692308 0.4615385 2.48
-0.03846154 0.5384616 2.12
-0.03846154 0.6538461 1.6
0.1153846 0.7692308 0.84
0.2307692 0.6153846 0.04
0.2307692 0.2692308 -0.56
0.1538462 0.03846154 -0.88
-0.03846154 -0.1153846 -1
-0.3076923 -0.2307692 -0.96
-0.4615385 -0.4230769 -1.08
-0.5384616 -0.5 -1.04
-0.5 -0.4230769 -0.84
-0.5 -0.3461539 -0.56
-0.5 -0.3461539 -0.32
-0.5 -0.3846154 -0.2
-0.5 -0.5 -0.2
-0.5 -0.5384616 -0.24
-0.4615385 -0.5769231 -0.24
-0.4230769 -0.5769231 -0.16
-0.4230769 -0.6153846 -0.04
-0.4615385 -0.6538461 0
-0.4615385 -0.7307692 0
-0.5384616 -0.7307692 0.08
-0.6538461 -0.8461539 0.12
-0.8461539 -0.9230769 0.2
-1 -1 0.16
-1.076923 -1 -0.04
-1.076923 -0.9615384 -0.08
-1.076923 -0.9230769 -0.16
-1.038462 -0.8846154 -0.32
-1 -0.7692308 -0.48
-0.8846154 -0.5384616 -0.48
-0.8461539 -0.2307692 -0.32
-0.8076923 0.2692308 0.32
-0.3846154 0.6153846 0.92
0.2692308 0.7692308 1.36
0.8846154 1.076923 1.64
1.346154 1.269231 1.8
1.384615 1.230769 2.04
1.153846 1.115385 2.28
0.9230769 0.9230769 2.2
0.5769231 0.6538461 2.04
0.4230769 0.5 1.92
0.5 0.4230769 1.76
0.6153846 0.4230769 1.52
0.6153846 0.3461539 1.36
0.4615385 0.1923077 1.32
0.3076923 0.07692308 1.28
0.2307692 0 1.16
0.1153846 -0.1153846 1.12
-0.03846154 -0.1923077 1.08
-0.1538462 -0.2692308 0.96
-0.1153846 -0.2307692 0.88
-0.1153846 -0.2307692 0.76
-0.1153846 -0.1923077 0.68
-0.1153846 -0.1538462 0.6
-0.07692308 -0.1538462 0.6
-0.07692308 -0.1538462 0.56
-0.07692308 -0.1153846 0.48
-0.1538462 -0.1153846 0.4
-0.1923077 -0.1153846 0.36
-0.1538462 -0.07692308 0.36
-0.07692308 0 0.28
-0.03846154 0.03846154 0.2
0 0.1153846 0.12
0.07692308 0.1923077 0.2
0.2692308 0.5769231 0.56
0.3461539 0.7692308 0.84
0.3076923 0.8461539 1
0.03846154 0.7307692 1.28
-0.3076923 0.5384616 1.56
-0.4230769 0.3846154 1.84
-0.5 0.3846154 1.76
-0.3461539 0.4230769 1.8
-0.1923077 0.5 1.8
-0.1538462 0.5 1.76
-0.1538462 0.4615385 1.68
-0.1923077 0.3461539 1.56
-0.2307692 0.2692308 1.44
-0.2692308 0.1923077 1.28
-0.3846154 0.07692308 1.16
-0.3461539 0.07692308 1.08
-0.2692308 0.1538462 1
-0.2307692 0.1923077 0.96
-0.1538462 0.1923077 1.04
-0.07692308 0.2692308 1.08
0.03846154 0.3076923 1.12
0.1153846 0.3461539 1.2
0.2692308 0.4230769 1.28
0.3846154 0.5 1.4
0.5 0.6923077 1.36
0.6153846 0.8076923 1.24
0.7692308 0.9615384 1.12
0.8461539 1 1.04
0.8461539 1.038462 1
0.8076923 1 1
0.7307692 1 0.92
0.6538461 1.038462 0.88
0.5384616 1.115385 0.8
0.2692308 1.115385 0.52
-0.07692308 0.9230769 0.24
-0.4230769 0.7307692 0.12
-0.6538461 0.5 0.24
-0.7307692 0.3461539 0.48
-0.7307692 0.3076923 0.72
-0.7307692 0.3461539 0.84
-0.8076923 0.2692308 0.88
-0.9230769 0.1538462 0.92
-1.076923 -0.03846154 0.96
-1.153846 -0.1153846 0.92
-1.076923 -0.03846154 0.92
-0.8846154 0.03846154 0.96
-0.7307692 0.1153846 1.04
-0.6153846 0.1538462 1.12
-0.5 0.1538462 1.12
-0.4230769 0.1923077 1.08
-0.3076923 0.2307692 1
-0.2307692 0.1923077 0.92
-0.1538462 0.1923077 0.92
