-0.1153846 0.2307692 2.2
-0.1153846 0.2307692 2.2
-0.1153846 0.2307692 2.2
-0.1153846 0.2307692 2.2
-0.1153846 0.2307692 2.2
0 0.3461539 2.12
0 0.3461539 2.12
0 0.3461539 2.12
0 0.3461539 2.12
0 0.3461539 2.12
0 0.3461539 2.12
0 0.3846154 1.96
-0.07692308 0.3076923 1.72
-0.2307692 0.2307692 1.56
-0.3461539 0.07692308 1.56
-0.4615385 0 1.64
-0.4230769 0.03846154 1.64
-0.3076923 0.1923077 1.56
-0.1923077 0.3461539 1.28
0 0.4615385 0.76
0.1153846 0.4230769 0.16
0.1153846 0.2692308 -0.32
0.07692308 0 -0.72
-0.03846154 -0.1923077 -1
-0.1538462 -0.3846154 -1.24
-0.3076923 -0.5 -1.12
-0.4615385 -0.5 -0.6
-0.5 -0.5 -0.24
-0.4230769 -0.4230769 -0.16
-0.3461539 -0.3846154 -0.32
-0.3076923 -0.4230769 -0.56
-0.3846154 -0.5 -0.72
-0.5384616 -0.6153846 -0.72
-0.8461539 -0.8461539 -0.84
-1.230769 -1.115385 -0.8
-1.461538 -1.230769 -0.76
-1.576923 -1.192308 -0.64
-1.576923 -1.038462 -0.48
-1.346154 -0.7307692 -0.36
-0.9615384 -0.4230769 -0.2
-0.5769231 -0.07692308 0.12
0 0.1923077 0.52
0.4230769 0.3461539 0.96
0.8076923 0.4230769 1.36
1.038462 0.3461539 1.48
1.038462 0.2307692 1.4
0.9230769 0.1538462 1.28
0.8076923 0.07692308 1.24
0.8461539 0.07692308 1.24
0.8076923 0.03846154 1.24
0.6153846 -0.07692308 1.24
0.4230769 -0.1923077 1.16
0.1153846 -0.4230769 0.88
0.07692308 -0.4615385 0.68
0.1153846 -0.4230769 0.52
0.1923077 -0.4230769 0.44
0.2307692 -0.3846154 0.36
0.3076923 -0.2692308 0.24
0.4230769 -0.1153846 0
0.1538462 -0.07692308 0.04
-0.3461539 -0.2692308 0.32
-0.5769231 -0.3461539 0.36
-0.5384616 -0.3076923 0.48
-0.2692308 -0.1923077 0.52
-0.07692308 0.03846154 0.48
0.03846154 0.2307692 0.44
0.1153846 0.4230769 0.4
0.03846154 0.5 0.36
-0.2692308 0.4615385 0.4
-0.6153846 0.3846154 0.72
-0.7307692 0.3461539 1.12
-0.9615384 0.2307692 1.52
-1.269231 0 1.68
-1.423077 -0.1538462 1.72
-1.307692 -0.03846154 1.72
-1.076923 0.1153846 1.6
-0.8461539 0.2692308 1.56
-0.6923077 0.3461539 1.64
-0.6538461 0.3461539 1.72
-0.6153846 0.3076923 1.72
-0.5 0.3461539 1.68
-0.4230769 0.3461539 1.52
-0.4230769 0.3076923 1.36
-0.4615385 0.2307692 1.32
-0.4615385 0.1538462 1.28
-0.5384616 0.07692308 1.2
-0.5384616 0.07692308 1
-0.5 0.07692308 0.92
-0.4615385 0.1153846 0.88
-0.3846154 0.1923077 0.88
-0.2692308 0.2692308 0.84
-0.1538462 0.3846154 0.8
-0.03846154 0.4615385 0.88
0 0.5 1
0.1538462 0.6153846 1.2
0.3076923 0.7692308 1.48
0.4230769 0.9615384 1.68
0.4615385 1.269231 1.6
0.4615385 1.461538 1.4
0.5 1.692308 1.32
0.3461539 1.730769 1.4
0.03846154 1.653846 1.48
-0.3076923 1.423077 1.48
-0.7307692 1.076923 1.4
-1 0.8076923 1.2
-1.269231 0.5384616 0.96
-1.423077 0.3076923 0.6
-1.653846 0 -0.08
-1.692308 -0.2307692 -0.4
-1.307692 -0.1538462 -0.24
-0.9230769 -0.07692308 -0.12
-0.8846154 -0.03846154 0
-0.8461539 0 0.32
-0.6923077 0.1153846 0.84
-0.4615385 0.2307692 1.28
-0.3076923 0.3076923 1.44
-0.2307692 0.3846154 1.44
-0.1538462 0.4230769 1.2
-0.1538462 0.4230769 0.92
-0.1923077 0.3846154 0.64
-0.2692308 0.2692308 0.44
-0.3461539 0.1538462 0.4
-0.4615385 0.03846154 0.44
-0.5 -0.03846154 0.6
-0.5384616 -0.07692308 0.8
-0.5 -0.03846154 1
-0.4230769 0.07692308 1.12
-0.3076923 0.1923077 1.16
-0.1153846 0.3076923 1.16
0 0.3076923 1.08
0 0.2692308 0.96
-0.07692308 0.1538462 0.92
-0.2307692 -0.07692308 1
-0.2307692 -0.07692308 1
-0.2692308 -0.1538462 1.08
-0.3076923 -0.1153846 1.12
-0.2692308 -0.03846154 1.2
-0.1538462 0.1153846 1.2
