0.03846154 0.1923077 1.92
0.03846154 0.1923077 1.92
0.03846154 0.1923077 1.92
0.03846154 0.1923077 1.92
0.03846154 0.1923077 1.92
0.1538462 0.3076923 1.96
0.1538462 0.3076923 1.96
0.1538462 0.3076923 1.96
0.1538462 0.3076923 1.96
0.1538462 0.3076923 1.96
0.1538462 0.3076923 1.96
0.2692308 0.3461539 1.96
0.3846154 0.4230769 1.8
0.3076923 0.3461539 1.76
0.1538462 0.2307692 1.8
-0.07692308 0.1538462 1.6
-0.1153846 0.2307692 1.16
0 0.2692308 0.64
0.03846154 0.1538462 0.16
0 -0.07692308 -0.2
-0.1153846 -0.3846154 -0.48
-0.4230769 -0.6923077 -0.52
-0.4230769 -0.6923077 -0.4
-0.3461539 -0.6153846 -0.28
-0.2307692 -0.5384616 -0.16
-0.1538462 -0.4615385 -0.04
-0.07692308 -0.4615385 0
-0.07692308 -0.5 0.08
-0.1153846 -0.5384616 0.12
-0.1538462 -0.6153846 0.12
-0.2307692 -0.6923077 0.12
-0.2692308 -0.7307692 0.16
-0.2692308 -0.7692308 0.24
-0.3076923 -0.7692308 0.28
-0.3076923 -0.7692308 0.24
-0.2692308 -0.8076923 0.2
-0.2692308 -0.7692308 0.28
-0.3076923 -0.7692308 0.48
-0.4230769 -0.8461539 0.6
-0.5769231 -0.9615384 0.6
-0.6923077 -1.038462 0.48
-0.8076923 -1.076923 0.36
-0.8461539 -1.038462 0.28
-0.7692308 -0.9230769 0.2
-0.8461539 -0.8461539 0.2
-0.9230769 -0.7692308 0.36
-0.8461539 -0.6153846 0.48
-0.6538461 -0.4615385 0.6
-0.2692308 -0.1923077 0.6
0.3076923 0 0.56
0.7307692 0.1923077 0.68
0.9230769 0.3076923 1.08
0.9615384 0.3461539 1.44
0.8846154 0.3076923 1.68
0.7692308 0.1538462 1.72
0.6153846 0.03846154 1.48
0.5769231 -0.03846154 1.24
0.5384616 -0.1153846 1.04
0.5 -0.1923077 0.96
0.4615385 -0.2307692 0.92
0.5 -0.2692308 0.92
0.4230769 -0.2692308 1
0.3461539 -0.3076923 1.16
0.3461539 -0.3076923 1.16
0.2692308 -0.3076923 1.08
0.2692308 -0.3076923 0.92
0.2692308 -0.3076923 0.76
0.2307692 -0.3461539 0.64
0.2307692 -0.3461539 0.56
0.1923077 -0.3846154 0.48
0.1923077 -0.3846154 0.48
0.07692308 -0.3846154 0.48
0 -0.3846154 0.48
0 -0.3461539 0.36
-0.03846154 -0.2692308 0.28
0.03846154 -0.1923077 0.12
0.1153846 -0.07692308 -0.08
0.1923077 0.07692308 -0.04
0.2692308 0.3076923 0.2
0.1538462 0.4230769 0.64
0.03846154 0.3076923 1.04
-0.3076923 0.1153846 1.44
-0.5 -0.03846154 1.72
-0.5384616 0.03846154 1.72
-0.3076923 0.2692308 1.76
-0.03846154 0.4615385 1.8
0.1153846 0.5769231 1.76
0.07692308 0.6538461 1.56
0 0.6153846 1.52
-0.1923077 0.3846154 1.52
-0.2692308 0.3076923 1.4
-0.1538462 0.2692308 1.36
0.03846154 0.3461539 1.28
0.1538462 0.4230769 1.04
0.1538462 0.3846154 0.92
0.07692308 0.3461539 0.96
0 0.3076923 1
-0.07692308 0.2692308 1.08
-0.1153846 0.2692308 1.16
-0.1153846 0.2692308 1.16
-0.1538462 0.2692308 1.16
-0.07692308 0.3076923 1.2
0 0.3076923 1.16
0 0.3076923 1.08
0.03846154 0.3076923 1
0.07692308 0.3076923 1
0.1153846 0.2692308 1.04
0.1923077 0.3076923 1.08
0.2307692 0.3461539 1.12
0.3076923 0.4230769 1.12
0.3461539 0.5 1.04
0.4230769 0.5769231 1.04
0.5384616 0.6538461 1.08
0.6538461 0.7692308 1.12
0.8076923 0.8846154 1.16
0.8461539 1 1.24
0.8076923 1.076923 1.32
0.7307692 1.153846 1.32
0.6538461 1.230769 1.24
0.5 1.230769 1.04
0.1538462 1.192308 0.72
-0.2307692 0.8461539 0.48
-0.5769231 0.6538461 0.32
-0.7692308 0.3846154 0.12
-1 0.1153846 0.12
-1.153846 0 0.44
-1.307692 -0.1923077 0.84
-1.423077 -0.3846154 1.2
-1.576923 -0.6153846 1.28
-1.615385 -0.6923077 1.04
-1.384615 -0.5384616 0.76
-1.076923 -0.3461539 0.64
-0.6923077 -0.1538462 0.68
-0.4230769 0.03846154 0.76
-0.2307692 0.1538462 0.84
-0.07692308 0.1923077 1
0 0.1923077 1.12
0.03846154 0.1538462 1.16
0 0.07692308 1.16
0 0.07692308 1.16
0.03846154 0.03846154 1.12
0.07692308 0.03846154 1.12
0.07692308 0 1.12
0.07692308 0 1.04
0.07692308 0 1
0.07692308 0 1.04
0.07692308 0 1.04
0.07692308 0 1.04
0.07692308 0.03846154 1
