-0.5 0.3846154 2
-0.5 0.3846154 2
-0.5 0.3846154 2
-0.5 0.3846154 2
-0.5 0.3846154 2
-0.5 0.3846154 2
-0.5 0.3846154 2
-0.5 0.3846154 2
-0.3846154 0.5384616 2
-0.3846154 0.5384616 2
-0.3846154 0.5384616 2
-0.3846154 0.5384616 2
-0.3846154 0.5384616 2
-0.07692308 0.6923077 1.88
0.1923077 0.7692308 1.76
0.4230769 0.7692308 1.68
0.5769231 0.6923077 1.64
0.6153846 0.6153846 1.6
0.5769231 0.5384616 1.52
0.5769231 0.4615385 1.36
0.5384616 0.3846154 1.16
0.4615385 0.3461539 1.04
0.4230769 0.2692308 0.92
0.3846154 0.2307692 0.84
0.5 0.2692308 0.76
0.5769231 0.3076923 0.68
0.6538461 0.3076923 0.6
0.6923077 0.3461539 0.44
0.6538461 0.4230769 0.32
0.5769231 0.4615385 0.16
0.4230769 0.4615385 0
0.2692308 0.5 -0.16
0.1153846 0.4615385 -0.32
-0.07692308 0.5 -0.4
-0.2692308 0.4615385 -0.56
-0.5769231 0.3461539 -0.76
-0.9230769 0.07692308 -1
-1.346154 -0.3076923 -1.16
-1.538462 -0.6153846 -1.28
-1.5 -0.6153846 -1.36
-1.153846 -0.2692308 -1.12
-0.7692308 0.1153846 -0.72
-0.5384616 0.3846154 -0.32
-0.5 0.3846154 -0.12
-0.6923077 0.2307692 0
-1 0 0.08
-1.307692 -0.1538462 0.36
-1.461538 -0.1923077 0.76
-1.5 -0.2307692 1.08
-1.461538 -0.1923077 1.28
-1.307692 -0.1153846 1.32
-1.153846 0 1.28
-0.9615384 0.1538462 1.2
-0.8076923 0.3076923 1.24
-0.6923077 0.3461539 1.24
-0.6538461 0.3461539 1.28
-0.6538461 0.3076923 1.44
-0.5384616 0.3076923 1.6
-0.4230769 0.3461539 1.72
-0.3076923 0.3846154 1.72
-0.1538462 0.4230769 1.64
