-0.2307692 0.1153846 1.96
-0.2307692 0.1153846 1.96
-0.2307692 0.1153846 1.96
-0.2307692 0.1153846 1.96
-0.2307692 0.1153846 1.96
-0.2307692 0.1153846 1.96
-0.2307692 0.1153846 1.96
-0.2307692 0.1153846 1.96
-0.2307692 0.1153846 1.96
-0.1923077 0.1538462 2
-0.1538462 0.1923077 2.04
-0.07692308 0.2307692 2.08
-0.03846154 0.2307692 2.16
-0.07692308 0.4230769 2.24
0.1923077 0.6923077 2.12
0.3076923 0.8461539 1.8
0.4230769 0.8461539 1
0.3076923 0.6153846 0.12
0.07692308 0.2307692 -0.64
-0.1538462 -0.1923077 -1.12
-0.3846154 -0.4615385 -1.16
-0.5 -0.5384616 -1
-0.4615385 -0.5 -0.76
-0.4230769 -0.4615385 -0.56
-0.4230769 -0.4615385 -0.52
-0.4615385 -0.5 -0.4
-0.4615385 -0.5384616 -0.24
-0.3846154 -0.5769231 -0.28
-0.3846154 -0.6153846 -0.24
-0.4615385 -0.6923077 -0.08
-0.5 -0.7307692 0.16
-0.5769231 -0.8076923 0.36
-0.5 -0.8461539 0.44
-0.4615385 -0.8461539 0.44
-0.4230769 -0.8846154 0.44
-0.4615385 -0.8846154 0.4
-0.4230769 -0.9230769 0.32
-0.4615385 -0.9230769 0.28
-0.4615385 -0.9230769 0.2
-0.5 -0.9230769 0.12
-0.5384616 -0.9230769 0.04
-0.5769231 -0.8846154 -0.08
-0.6923077 -0.8461539 -0.04
-0.7307692 -0.8076923 -0.04
-0.8076923 -0.6538461 -0.12
-0.6923077 -0.4230769 0.08
-0.4615385 -0.3846154 0.36
-0.2307692 -0.2692308 0.56
0.03846154 -0.1538462 0.76
0.1538462 -0.07692308 1.08
0.2307692 -0.03846154 1.36
0.3461539 0 1.52
0.4615385 0.07692308 1.52
0.6153846 0.1538462 1.68
0.8076923 0.2307692 1.72
0.8846154 0.2307692 1.6
0.7692308 0.1153846 1.2
0.6153846 0.07692308 1.16
0.4230769 -0.03846154 1.24
0.3461539 -0.07692308 1.2
0.3461539 -0.1153846 1.04
0.3076923 -0.1153846 0.92
0.2692308 -0.1538462 0.72
0.1923077 -0.1538462 0.48
0.1538462 -0.1923077 0.2
0.03846154 -0.2307692 -0.04
0 -0.2307692 -0.12
-0.1153846 -0.1153846 -0.04
-0.1153846 -0.07692308 0.16
-0.07692308 0.03846154 0.4
0.03846154 0.1923077 0.48
0.1153846 0.3461539 0.56
0.1153846 0.4615385 0.8
0.03846154 0.4615385 1.16
-0.2307692 0.3076923 1.44
-0.4615385 0.1538462 1.68
-0.3846154 0.1538462 1.8
-0.1538462 0.3076923 1.88
0.03846154 0.4615385 1.88
0.1153846 0.5769231 1.76
0.1153846 0.5769231 1.6
0.03846154 0.4615385 1.64
-0.03846154 0.3846154 1.6
-0.1153846 0.3076923 1.56
-0.1153846 0.2307692 1.52
-0.07692308 0.2307692 1.44
-0.03846154 0.2692308 1.2
0.03846154 0.2692308 1.08
0.03846154 0.2307692 1.04
0.03846154 0.2307692 0.96
0 0.1923077 0.92
0 0.1923077 0.96
0 0.1923077 1
0.07692308 0.2307692 1
0.1538462 0.3076923 1.04
0.2307692 0.3846154 1.08
0.3461539 0.5 1.12
0.4615385 0.5769231 1.24
0.5769231 0.6923077 1.32
0.6923077 0.8076923 1.36
0.8461539 0.9615384 1.28
0.8846154 1.038462 1.2
0.9230769 1.115385 1.08
0.8461539 1.192308 0.96
0.6923077 1.153846 0.88
0.4230769 1.115385 0.88
0.07692308 0.8846154 1
-0.2692308 0.5769231 1.16
-0.6538461 0.3076923 1.16
-0.8461539 0.1153846 0.92
-0.8846154 0.07692308 0.6
-0.8461539 0.1153846 0.24
-0.8076923 -0.03846154 -0.12
-0.9230769 -0.2307692 -0.2
-1.038462 -0.3461539 0.04
-1.038462 -0.4230769 0.48
