-1.115385 0.4615385 0.92
-1.115385 0.4615385 0.92
-1.115385 0.4615385 0.92
-1.115385 0.4615385 0.92
-0.7692308 0.6538461 0.88
-0.7692308 0.6538461 0.88
-0.7692308 0.6538461 0.88
-0.7692308 0.6538461 0.88
-0.7692308 0.6538461 0.88
-0.7692308 0.6538461 0.88
-0.7692308 0.6538461 0.88
-0.7692308 0.6538461 0.88
-0.7692308 0.6538461 0.88
-0.4615385 0.6923077 1
-0.1538462 0.7307692 1.16
0.1538462 0.7692308 1.2
0.6153846 0.8076923 0.96
1.076923 0.7692308 0.64
1.307692 0.6923077 0.56
1.230769 0.5769231 0.68
0.9230769 0.3846154 0.84
0.6153846 0.2692308 1.04
0.5769231 0.1923077 1.16
0.6153846 0.1923077 1.12
0.6923077 0.1538462 1.08
0.6538461 0.07692308 0.96
0.5384616 0 0.84
0.4230769 -0.07692308 0.8
0.2692308 -0.1538462 0.8
0.2692308 -0.1538462 0.84
0.2307692 -0.1923077 0.84
0.2692308 -0.1538462 0.88
0.2692308 -0.1153846 0.88
0.3846154 -0.07692308 0.88
