-1 1.153846 1.08
-1 1.153846 1.08
-1 1.153846 1.08
-1 1.153846 1.08
-1 1.153846 1.08
-1 1.153846 1.08
-1 1.153846 1.08
-1 1.153846 1.08
-0.3076923 1.269231 1.04
-0.3076923 1.269231 1.04
-0.3076923 1.269231 1.04
-0.3076923 1.269231 1.04
0.1923077 1.269231 0.96
0.5769231 1.192308 0.96
1.076923 1.115385 0.84
1.269231 0.9230769 0.76
1.153846 0.7307692 0.76
0.8461539 0.5384616 0.84
0.6538461 0.4230769 0.92
0.6538461 0.3846154 0.92
0.6923077 0.3461539 0.84
0.6153846 0.2692308 0.84
0.4615385 0.1923077 0.84
0.3461539 0.1153846 0.88
0.1538462 0.03846154 0.96
0 -0.07692308 1.04
0 -0.07692308 1.08
0.1538462 -0.03846154 1.04
