-0.2692308 -0.07692308 0.48
-0.2307692 -0.1153846 0.52
-0.2307692 -0.1153846 0.52
-0.2307692 -0.1153846 0.52
-0.2307692 -0.1153846 0.52
-0.2307692 -0.1153846 0.52
-0.2307692 -0.1153846 0.52
-0.2307692 -0.1153846 0.52
-0.2307692 -0.1153846 0.52
-0.2307692 -0.1153846 0.52
-0.2307692 -0.1153846 0.52
-0.2692308 -0.1923077 0.36
-0.3076923 -0.2307692 0.24
-0.2692308 -0.1923077 0.24
-0.2307692 -0.1153846 0.4
-0.3076923 -0.1153846 0.68
-0.5384616 -0.1923077 0.92
-0.5769231 -0.1923077 0.96
-0.5 -0.1153846 0.92
-0.4615385 -0.03846154 0.96
-0.4230769 0 1
-0.4230769 0.03846154 1.12
-0.3461539 0.1153846 1.24
-0.1923077 0.1923077 1.36
-0.1153846 0.2307692 1.44
-0.07692308 0.2692308 1.52
0 0.2692308 1.52
0 0.2692308 1.56
-0.07692308 0.1923077 1.6
-0.1538462 0.1538462 1.64
-0.1923077 0.1538462 1.64
-0.2307692 0.1538462 1.56
-0.2307692 0.1538462 1.56
-0.2307692 0.1153846 1.52
-0.2692308 0.03846154 1.44
-0.3076923 0 1.4
-0.3076923 0 1.28
-0.3076923 -0.03846154 1.2
-0.2692308 -0.03846154 1.16
-0.2692308 -0.07692308 1.12
-0.2692308 -0.03846154 1.04
-0.1923077 0 0.96
-0.07692308 0.1153846 0.96
0.07692308 0.2307692 1
0.1923077 0.3076923 1.04
0.2692308 0.4230769 1.04
0.3076923 0.5769231 0.84
0.3846154 0.6538461 0.64
0.4615385 0.7692308 0.48
0.5384616 0.8461539 0.44
0.5384616 0.8846154 0.52
0.3076923 0.8846154 0.56
0.03846154 0.8461539 0.6
-0.2307692 0.7692308 0.68
-0.5769231 0.6538461 0.64
-0.9230769 0.5 0.68
-1.192308 0.3461539 0.68
-1.423077 0.1923077 0.68
-1.538462 -0.03846154 0.64
-1.692308 -0.1153846 0.68
-1.615385 -0.1538462 0.72
-1.461538 -0.07692308 0.8
-1.269231 0.07692308 0.92
-1.038462 0.2692308 0.96
-0.8461539 0.4230769 0.96
-0.7307692 0.4615385 0.92
-0.7307692 0.5 0.88
-0.7307692 0.4615385 0.84
-0.7692308 0.4230769 0.76
-0.7692308 0.3461539 0.68
-0.8076923 0.3076923 0.72
-0.8076923 0.3076923 0.72
-0.8076923 0.2692308 0.72
-0.7692308 0.2692308 0.8
-0.7307692 0.2692308 0.84
-0.6923077 0.3076923 0.88
-0.6538461 0.3076923 0.88
-0.6538461 0.2692308 0.92
-0.6538461 0.2692308 0.96
-0.6538461 0.2692308 0.96
