0.5 0.6153846 1.52
0.5 0.6153846 1.52
0.5 0.6153846 1.52
0.5 0.6153846 1.52
0.5 0.6153846 1.52
0.5 0.6153846 1.52
0.5 0.6153846 1.52
0.5 0.6153846 1.52
0.7307692 0.6538461 1.04
0.7307692 0.6538461 1.04
0.7307692 0.6538461 1.04
0.7307692 0.6538461 1.04
0.7307692 0.6538461 1.04
0.7307692 0.5384616 0.72
0.5384616 0.3846154 0.48
0.2692308 0.2692308 0.36
0.1538462 0.1538462 0.12
0.1538462 0.07692308 -0.12
0.1538462 0 -0.32
0.1153846 -0.07692308 -0.48
0.07692308 -0.1923077 -0.52
0 -0.2307692 -0.52
-0.07692308 -0.3076923 -0.56
-0.1538462 -0.3846154 -0.64
-0.2692308 -0.5 -0.8
-0.3846154 -0.6538461 -0.96
-0.4615385 -0.7307692 -1
-0.4615385 -0.6923077 -1
-0.3461539 -0.6153846 -0.84
-0.1538462 -0.5384616 -0.72
-0.03846154 -0.4615385 -0.56
