1384510341223 35711098144227 926173000000 -2.604892 4.137181 8.580819
1384510341353 35711227935487 926283000000 -2.451663 4.290410 8.121132
1384510341448 35711323028261 926393000000 -2.604892 4.596867 8.734048
1384510341572 35711447082216 926503000000 -1.991976 5.516241 9.040505
1384510341675 35711550323183 926613000000 2.298434 9.959879 9.040505
1384510341777 35711651702577 926723000000 3.371036 5.209783 5.516241
1384510341892 35711767394716 926833000000 -2.758120 -3.217807 -0.459687
1384510342004 35711879455263 926943000000 -6.588843 -20.532675 2.911349
1384510342117 35711991729432 927053000000 -3.371036 -14.556746 12.871228
1384510342228 35712103057558 927163000000 8.580819 -4.596867 11.798626
1384510342340 35712214629823 927273000000 10.266337 6.588843 10.419566
1384510342453 35712327972108 927383000000 9.346964 6.742072 7.048530
1384510342539 35712414336855 927493000000 11.798626 0.919373 9.806650
1384510342650 35712524963075 927603000000 9.346964 -11.032481 13.024457
1384510342779 35712654235536 927713000000 3.677494 -7.814674 10.266337
1384510342890 35712765197450 927823000000 5.209783 -1.991976 8.427590
1384510343002 35712877166444 927933000000 5.975927 0.000000 8.734048
1384510343097 35712971709901 928043000000 5.056554 -0.153229 8.427590
1384510343208 35713082976991 928153000000 4.903325 -0.459687 8.887277
1384510343325 35713200591737 928263000000 4.903325 -1.072602 9.193734
1384510343436 35713311034852 928373000000 7.967903 -1.838747 11.032481
1384510343548 35713423186952 928483000000 4.443638 -2.298434 8.427590
1384510343659 35713534393007 928593000000 4.750096 -0.612916 8.734048
