1384510380701 35750576018983 965643000000 -2.145205 5.516241 7.967903
1384510380814 35750688659364 965753000000 -1.532289 5.363012 7.967903
1384510380915 35750789855653 965863000000 1.072602 10.879252 8.580819
1384510381041 35750916045839 965973000000 3.217807 5.209783 5.669470
1384510381147 35751022277528 966083000000 -0.919373 -2.911349 1.838747
1384510381249 35751124114686 966193000000 -2.911349 -19.306843 5.516241
1384510381351 35751226043397 966303000000 0.000000 -9.806650 9.040505
1384510381477 35751352508241 966413000000 8.427590 7.354988 14.709975
1384510381580 35751454894716 966523000000 7.354988 9.040505 11.492168
1384510381682 35751557342226 966633000000 7.967903 -4.443638 11.185710
1384510381796 35751671416932 966743000000 5.363012 -8.580819 11.032481
1384510381921 35751795806581 966853000000 4.290410 -2.911349 8.887277
1384510382019 35751894042665 966963000000 4.596867 -1.072602 9.040505
1384510382129 35752004119569 967073000000 4.596867 -0.612916 8.734048
1384510382233 35752108337098 967183000000 4.443638 -0.153229 8.734048
1384510382350 35752224700624 967293000000 4.903325 -0.153229 9.500193
1384510382450 35752325286561 967403000000 5.209783 -0.153229 8.887277
