1385110105924 90180377129984 895732000000 -2.604892 2.758120 8.580819
1385110106035 90180488152933 895842000000 -2.298434 2.451663 9.346964
1385110106148 90180601251078 895952000000 -1.225831 3.830723 10.419566
1385110106235 90180688531351 896062000000 0.000000 6.742072 10.726024
1385110106348 90180801629496 896172000000 0.459687 5.669470 10.419566
1385110106465 90180918359232 896282000000 0.306458 2.911349 8.887277
1385110106578 90181031701517 896392000000 -0.459687 -1.379060 4.903325
1385110106691 90181144341898 896502000000 0.306458 -6.282385 1.379060
1385110106805 90181258141947 896612000000 1.838747 -15.629349 0.306458
1385110106913 90181366876078 896722000000 0.459687 -19.460072 1.991976
1385110107023 90181476525736 896832000000 7.814674 -13.330915 3.217807
1385110107135 90181588708353 896942000000 13.177687 -7.661446 4.137181
1385110107248 90181701837015 897052000000 15.935806 -0.612916 9.653421
1385110107337 90181790551615 897162000000 12.105083 1.225831 7.814674
1385110107451 90181904321146 897272000000 11.492168 1.838747 7.814674
1385110107565 90182018243265 897382000000 14.863204 -4.137181 2.451663
1385110107679 90182132409525 897492000000 14.250289 -10.572795 -0.612916
1385110107789 90182242120218 897602000000 9.959879 -8.580819 0.153229
1385110107903 90182356744242 897712000000 8.580819 -5.822699 3.064578
1385110108014 90182467980814 897822000000 8.887277 -4.137181 4.137181
1385110108128 90182581719828 897932000000 9.040505 -2.145205 4.443638
1385110108219 90182672906351 898042000000 9.193734 -2.451663 4.596867
1385110108332 90182785211039 898152000000 9.500193 -2.298434 4.137181
1385110108445 90182898095560 898262000000 9.346964 -2.451663 5.363012
