1384186840052 79738342140616 2238722000000 4.596867 -3.830723 8.121132
1384186840172 79738461464346 2238832000000 4.596867 -3.677494 8.121132
1384186840263 79738553047598 2238942000000 4.596867 -3.677494 8.887277
1384186840393 79738683021964 2239052000000 5.822699 -0.459687 18.693928
1384186840505 79738794228018 2239162000000 8.427590 -0.766145 20.532675
1384186840591 79738880501212 2239272000000 5.209783 -4.137181 1.991976
1384186840702 79738991310538 2239382000000 0.459687 1.991976 2.298434
1384186840814 79739103218497 2239492000000 0.766145 7.661446 8.887277
1384186840925 79739214271964 2239602000000 -1.379060 1.225831 8.121132
1384186841036 79739325478018 2239712000000 -7.048530 -9.653421 5.056554
1384186841148 79739437599600 2239822000000 -7.201759 -4.596867 8.580819
1384186841258 79739548164786 2239932000000 -6.588843 -0.153229 9.040505
1384186841370 79739659370841 2240042000000 -5.975927 0.153229 7.814674
1384186841481 79739770485342 2240152000000 -5.975927 0.766145 7.661446
1384186841592 79739881325186 2240262000000 -5.975927 0.919373 7.661446
1384186841700 79739989387930 2240372000000 -5.363012 0.919373 8.427590
1384186841823 79740113045157 2240482000000 -6.129157 0.459687 8.427590
1384186841935 79740224220694 2240592000000 -5.822699 1.072602 8.121132
1384186842021 79740310524405 2240702000000 2.604892 -5.822699 5.669470
1384186842149 79740438820303 2240812000000 -5.516241 0.766145 8.274362
