1384186858976 79757265877188 2257652000000 3.524265 -3.064578 8.734048
1384186859088 79757378029288 2257762000000 4.137181 -3.217807 9.193734
1384186859199 79757489113272 2257872000000 3.983952 -1.991976 11.492168
1384186859308 79757597786368 2257982000000 5.363012 0.459687 18.847157
1384186859419 79757709114493 2258092000000 6.588843 -3.217807 14.863204
1384186859531 79757820625723 2258202000000 3.677494 -0.919373 2.451663
1384186859651 79757941017569 2258312000000 -0.766145 3.064578 3.830723
1384186859763 79758052864493 2258422000000 -3.677494 5.975927 7.814674
1384186859876 79758165413321 2258532000000 -6.588843 -3.217807 7.201759
1384186859963 79758252876700 2258642000000 -7.967903 -3.217807 6.435614
1384186860078 79758367409171 2258752000000 -7.661446 0.153229 6.742072
1384186860188 79758477364005 2258862000000 -8.121132 0.000000 5.363012
1384186860300 79758589363516 2258972000000 -7.048530 0.766145 6.435614
1384186860411 79758701057852 2259082000000 -7.201759 1.379060 6.742072
1384186860524 79758813362540 2259192000000 -7.048530 1.379060 7.508216
1384186860629 79758918312491 2259302000000 -9.500193 2.145205 4.443638
1384186860740 79759029610098 2259412000000 -5.975927 1.225831 8.274362
1384186860866 79759156044424 2259522000000 -6.895301 1.685518 6.895301
1384186860954 79759243233145 2259632000000 -7.048530 1.685518 6.742072
1384186861065 79759354591788 2259742000000 -7.201759 0.919373 6.435614
1384186861177 79759467171133 2259852000000 -7.201759 1.532289 6.895301
1384186861288 79759578072013 2259962000000 -7.201759 1.838747 6.895301
1384186861400 79759689552725 2260072000000 -7.201759 1.532289 7.048530
1384186861512 79759801399649 2260182000000 -6.895301 1.225831 7.354988
1384186861632 79759921730460 2260292000000 -7.048530 1.532289 6.895301
1384186861742 79760031807364 2260402000000 -7.048530 1.379060 7.048530
1384186861847 79760136269034 2260512000000 -6.742072 0.919373 6.895301
1384186861957 79760246651114 2260622000000 -7.967903 3.371036 0.000000
1384186862068 79760357338370 2260732000000 -7.661446 1.225831 7.661446
1384186862168 79760457466544 2260842000000 -7.048530 0.919373 6.742072
