1384186877565 79775854439200 2276242000000 4.750096 -4.137181 8.274362
1384186877677 79775966347159 2276352000000 4.443638 -3.524265 8.887277
1384186877788 79776077583731 2276462000000 4.596867 -3.371036 16.242264
1384186877900 79776189522208 2276572000000 7.048530 -4.443638 20.839132
1384186878010 79776300056876 2276682000000 3.524265 -4.137181 3.064578
1384186878121 79776411110342 2276792000000 0.000000 3.064578 -0.306458
1384186878233 79776522560538 2276902000000 -1.379060 9.500193 9.040505
1384186878344 79776633614005 2277012000000 -3.983952 2.145205 7.201759
1384186878455 79776744759024 2277122000000 -9.040505 -9.959879 4.903325
1384186878566 79776855995596 2277232000000 -8.887277 -2.145205 6.129157
1384186878678 79776967781485 2277342000000 -8.427590 0.306458 5.822699
1384186878787 79777076363028 2277452000000 -7.967903 0.766145 5.363012
1384186878898 79777187691153 2277562000000 -7.354988 0.612916 5.975927
1384186879009 79777298866690 2277672000000 -7.508216 0.919373 6.435614
1384186879120 79777410072745 2277782000000 -7.201759 1.379060 6.742072
1384186879231 79777521126212 2277892000000 -7.508216 1.379060 7.048530
1384186879343 79777632942618 2278002000000 -7.048530 1.225831 6.282385
1384186879455 79777745003165 2278112000000 -8.274362 1.072602 6.742072
