1384186892403 79790692421378 2291082000000 3.371036 -1.838747 9.346964
1384186892514 79790803657950 2291192000000 3.677494 -1.379060 9.500193
1384186892625 79790914802970 2291302000000 3.677494 0.459687 11.951855
1384186892738 79791027718008 2291412000000 4.903325 1.685518 21.605276
1384186892875 79791164680899 2291522000000 3.830723 -3.217807 12.411542
1384186892961 79791250893057 2291632000000 -0.766145 -0.306458 -0.459687
1384186893072 79791362038077 2291742000000 -0.306458 7.354988 6.282385
1384186893183 79791473091544 2291852000000 -4.290410 1.532289 7.048530
1384186893295 79791584572256 2291962000000 -8.121132 -6.282385 6.282385
1384186893406 79791696083487 2292072000000 -8.580819 -3.217807 6.588843
1384186893518 79791807350577 2292182000000 -7.967903 -0.919373 6.742072
1384186893629 79791918343008 2292292000000 -7.354988 0.766145 6.435614
1384186893740 79792029671133 2292402000000 -7.354988 0.459687 7.201759
1384186893851 79792140846671 2292512000000 -7.508216 1.072602 6.895301
1384186893962 79792252052725 2292622000000 -7.508216 1.685518 7.048530
1384186894074 79792363350333 2292732000000 -7.201759 0.612916 6.742072
1384186894181 79792470833243 2292842000000 -7.661446 1.532289 6.895301
1384186894293 79792583198965 2292952000000 -5.056554 0.919373 8.121132
1384186894389 79792678383292 2293062000000 -7.048530 1.225831 6.742072
