1384354851124 145279527451413 557864000000 3.524265 -0.612916 9.193734
1384354851236 145279638962643 557974000000 3.830723 -0.612916 9.346964
1384354851344 145279747116940 558084000000 3.677494 0.000000 9.500193
1384354851447 145279850144284 558194000000 5.822699 5.209783 10.572795
1384354851569 145279972489255 558304000000 9.346964 12.105083 14.709975
1384354851678 145280081314938 558414000000 18.540699 1.685518 22.524651
1384354851774 145280177140134 558524000000 9.346964 -11.185710 6.129157
1384354851891 145280294510739 558634000000 4.750096 -6.282385 -1.991976
1384354851992 145280395005124 558744000000 4.290410 4.290410 -3.983952
1384354852134 145280537583249 558854000000 5.669470 7.201759 2.758120
1384354852220 145280623459714 558964000000 5.516241 3.064578 10.419566
1384354852332 145280735550778 559074000000 7.967903 1.838747 17.008410
1384354852442 145280845475095 559184000000 10.113108 -4.137181 18.387468
1384354852542 145280944840329 559294000000 5.975927 -5.669470 11.951855
1384354852668 145281071274655 559404000000 5.209783 -2.145205 7.661446
1384354852766 145281168991940 559514000000 4.290410 -1.072602 8.580819
1384354852871 145281274247067 559624000000 4.903325 -0.459687 8.580819
1384354853004 145281407364743 559734000000 4.290410 -0.306458 9.346964
1384354853095 145281497788327 559844000000 4.903325 0.153229 9.346964
1384354853219 145281622025388 559954000000 3.677494 -0.459687 9.346964
