1384354887288 145315691086667 594024000000 4.750096 -1.838747 8.427590
1384354887401 145315804306882 594134000000 5.056554 -1.991976 8.734048
1384354887513 145315916031735 594244000000 5.822699 0.153229 8.887277
1384354887599 145316002396481 594354000000 8.580819 8.580819 18.234240
1384354887725 145316128098386 594464000000 15.629349 1.991976 21.758505
1384354887837 145316239640134 594574000000 12.564771 -9.193734 8.427590
1384354887948 145316350998776 594684000000 1.532289 -8.734048 1.072602
1384354888059 145316462357419 594794000000 1.072602 -1.532289 -1.532289
1384354888158 145316560868161 594904000000 0.000000 3.983952 -0.306458
1384354888279 145316681687253 595014000000 3.677494 2.604892 5.056554
1384354888390 145316792862790 595124000000 9.193734 -1.532289 11.185710
1384354888504 145316906845944 595234000000 12.258313 -3.983952 14.556746
1384354888590 145316992936032 595344000000 10.726024 -5.975927 16.242264
1384354888702 145317104691403 595454000000 7.048530 -5.056554 10.572795
1384354888813 145317215927975 595564000000 6.282385 -2.604892 6.895301
1384354888924 145317327256100 595674000000 5.975927 -1.072602 7.201759
1384354889035 145317438431638 595784000000 5.669470 -1.838747 8.121132
1384354889147 145317549820798 595894000000 5.516241 -1.685518 8.274362
1384354889269 145317672379392 596004000000 6.129157 -1.685518 8.427590
1384354889379 145317782181638 596114000000 5.669470 -1.685518 8.887277
1384354889478 145317881058591 596224000000 5.669470 -1.685518 8.121132
