-0.5384616 -0.3846154 0.48
-0.5384616 -0.3846154 0.48
-0.5384616 -0.3846154 0.48
-0.5384616 -0.3846154 0.48
-0.5384616 -0.3846154 0.48
-0.5384616 -0.3846154 0.48
-0.5384616 -0.3846154 0.48
-0.5384616 -0.3846154 0.48
-0.5384616 -0.3846154 0.4
-0.5384616 -0.3846154 0.4
-0.5 -0.3461539 0.28
-0.5 -0.3461539 0.28
-0.5 -0.3461539 0.28
-0.5 -0.3461539 0.28
-0.5 -0.2692308 0.16
-0.5 -0.2692308 0
-0.5 -0.2307692 -0.12
-0.5384616 -0.2307692 -0.2
-0.5769231 -0.1923077 -0.2
-0.6153846 -0.1538462 -0.2
-0.6153846 -0.1538462 -0.24
-0.6538461 -0.1538462 -0.32
-0.6538461 -0.1538462 -0.4
-0.6538461 -0.1538462 -0.4
-0.6538461 -0.1153846 -0.4
-0.6153846 -0.07692308 -0.36
-0.5769231 -0.03846154 -0.32
-0.5384616 0 -0.28
-0.4615385 0.03846154 -0.24
-0.3846154 0.07692308 -0.24
-0.3461539 0.1538462 -0.16
-0.3461539 0.2307692 -0.04
-0.4230769 0.2692308 0.16
-0.5384616 0.2692308 0.32
-0.6538461 0.2307692 0.48
-0.7307692 0.1923077 0.56
-0.6923077 0.1538462 0.6
-0.6153846 0.1923077 0.64
-0.5769231 0.3076923 0.76
-0.5769231 0.3461539 0.96
-0.6153846 0.3846154 1.2
-0.6923077 0.3461539 1.44
-0.7692308 0.3076923 1.6
-0.8076923 0.2692308 1.76
-0.8076923 0.2692308 1.96
-0.7692308 0.2692308 2.2
-0.7307692 0.2692308 2.4
-0.7307692 0.2307692 2.48
-0.7307692 0.1538462 2.44
-0.7307692 0.1153846 2.28
-0.6923077 0.1153846 2.12
-0.6153846 0.1538462 2
-0.5384616 0.1538462 1.92
-0.4615385 0.1538462 1.88
-0.4615385 0.1538462 1.84
-0.4615385 0.1153846 1.8
-0.5 0.1153846 1.76
-0.4615385 0.1153846 1.68
-0.4230769 0.1153846 1.56
-0.3846154 0.1153846 1.44
-0.3461539 0.1538462 1.28
-0.3076923 0.1538462 1.12
-0.2692308 0.1538462 0.96
-0.2307692 0.1538462 0.88
-0.1923077 0.1538462 0.8
-0.1538462 0.1538462 0.8
-0.07692308 0.1923077 0.76
-0.07692308 0.1923077 0.68
-0.03846154 0.1923077 0.64
-0.03846154 0.1923077 0.56
0 0.1923077 0.52
0.07692308 0.2307692 0.48
0.1153846 0.2692308 0.48
0.1538462 0.3076923 0.52
0.1923077 0.3461539 0.56
0.2692308 0.4230769 0.56
0.2692308 0.4230769 0.52
0.3076923 0.4615385 0.52
0.3461539 0.5 0.52
0.3461539 0.5384616 0.56
0.3461539 0.5769231 0.56
0.3461539 0.6153846 0.6
0.3076923 0.6538461 0.64
0.2692308 0.6923077 0.68
0.1923077 0.6923077 0.68
0.07692308 0.6923077 0.72
-0.07692308 0.7307692 0.76
-0.2307692 0.7307692 0.84
-0.4615385 0.6923077 0.92
-0.6538461 0.6538461 1
-0.8076923 0.5769231 1.04
-0.9230769 0.5 1.04
-0.9615384 0.5 1.04
-1.076923 0.5769231 1.08
-1.153846 0.5769231 1.08
-1.269231 0.5384616 1.12
-1.384615 0.5 1.16
-1.5 0.4230769 1.16
-1.538462 0.4230769 1.16
-1.5 0.3461539 1.12
-1.5 0.3461539 1.04
-1.461538 0.3461539 0.96
-1.423077 0.3461539 0.92
-1.384615 0.3461539 0.92
-1.307692 0.3461539 0.96
-1.230769 0.3461539 1
-1.115385 0.3461539 1
-1 0.4230769 1.04
-0.9230769 0.4230769 1
-0.8076923 0.4230769 0.96
-0.6923077 0.4615385 0.92
-0.6153846 0.4615385 0.88
-0.5384616 0.4615385 0.88
-0.4615385 0.4615385 0.88
-0.4230769 0.4230769 0.84
-0.4230769 0.4230769 0.84
-0.3846154 0.4230769 0.84
-0.3846154 0.4615385 0.8
-0.3461539 0.4615385 0.8
-0.3461539 0.4615385 0.8
-0.3076923 0.5 0.8
-0.2692308 0.5 0.76
-0.2692308 0.5 0.76
-0.2692308 0.5 0.72
-0.2692308 0.5 0.68
