0.7692308 0.6153846 1.2
0.7692308 0.6153846 1.2
0.7692308 0.6153846 1.2
0.7692308 0.6153846 1.2
0.7692308 0.6153846 1.2
0.8461539 0.7307692 1.28
0.8461539 0.7307692 1.28
0.8461539 0.7307692 1.28
0.8461539 0.7307692 1.28
0.9230769 0.7692308 1.28
0.9230769 0.7692308 1.28
0.9230769 0.7692308 1.28
0.9230769 0.7692308 1.28
0.9230769 0.7692308 1.28
0.9230769 0.7692308 1.28
0.9615384 0.8461539 1.32
1 0.9230769 1.32
0.9615384 0.9230769 1.28
0.9230769 1 1.24
0.8461539 1 1.2
0.8076923 1 1.2
0.7307692 1 1.24
0.6538461 1 1.36
0.5 1.038462 1.44
0.5 1.038462 1.44
0.3461539 1 1.44
0.2307692 0.9615384 1.52
0.07692308 0.9615384 1.68
-0.03846154 0.9615384 1.8
-0.1153846 1 1.84
-0.2307692 1 1.8
-0.3076923 1 1.76
-0.4230769 1.038462 1.72
-0.5 1.038462 1.68
-0.6538461 0.9615384 1.72
-0.7692308 0.9230769 1.72
-0.9230769 0.8076923 1.68
-1.038462 0.6923077 1.64
-1.153846 0.6153846 1.52
-1.230769 0.5384616 1.44
-1.230769 0.5 1.36
-1.230769 0.5 1.44
-1.153846 0.5384616 1.44
-1.076923 0.5769231 1.4
-1.038462 0.5384616 1.32
-1.038462 0.5 1.2
-1.115385 0.4230769 1.12
-1.153846 0.3846154 1
-1.192308 0.3076923 0.96
-1.230769 0.2692308 0.92
-1.192308 0.2692308 0.92
-1.153846 0.2692308 0.96
-1.153846 0.2307692 0.92
-1.115385 0.2307692 0.84
-1.076923 0.1923077 0.76
-1.038462 0.2307692 0.68
-1 0.2692308 0.56
-0.9615384 0.3076923 0.56
-0.9615384 0.3076923 0.6
-0.9230769 0.3076923 0.68
-0.8846154 0.3461539 0.72
-0.8076923 0.3461539 0.64
-0.7692308 0.3846154 0.48
-0.6923077 0.3846154 0.36
-0.6538461 0.3846154 0.28
-0.6153846 0.3846154 0.24
-0.5 0.4230769 0.2
-0.4230769 0.4230769 0.16
-0.3461539 0.4230769 0.04
-0.2692308 0.4615385 -0.04
-0.2307692 0.4615385 -0.08
-0.1538462 0.4615385 -0.12
-0.07692308 0.4615385 -0.16
-0.03846154 0.4230769 -0.16
0 0.3846154 -0.16
0.03846154 0.3846154 -0.12
0.07692308 0.3846154 -0.08
0.1538462 0.3461539 -0.08
0.1923077 0.3846154 -0.08
0.2692308 0.3461539 -0.16
0.3076923 0.3461539 -0.2
0.3461539 0.3076923 -0.24
0.3846154 0.3076923 -0.16
0.4615385 0.3076923 -0.08
0.5 0.3461539 0.04
0.5384616 0.3846154 0.16
0.5769231 0.4230769 0.24
0.6538461 0.4230769 0.2
0.6538461 0.4230769 0.2
0.7307692 0.4230769 0.24
0.8461539 0.4230769 0.32
0.8846154 0.4615385 0.48
0.9230769 0.5 0.64
0.8846154 0.4615385 0.8
0.8846154 0.5 0.96
0.9230769 0.5 1.08
1.038462 0.5 1.12
1.115385 0.5 1.16
1.230769 0.5384616 1.16
1.269231 0.5769231 1.2
1.230769 0.5769231 1.2
1.192308 0.6153846 1.28
1.153846 0.6153846 1.36
1.153846 0.5384616 1.4
1.153846 0.5384616 1.32
1.076923 0.5384616 1.24
1 0.5769231 1.24
0.8846154 0.6153846 1.32
0.7692308 0.6153846 1.48
0.6923077 0.5769231 1.68
0.6153846 0.5 1.8
0.6153846 0.4615385 1.84
0.6153846 0.5384616 1.84
0.6153846 0.6153846 1.88
0.6153846 0.6538461 1.96
0.5384616 0.6923077 2.08
0.5 0.6538461 2.12
0.5 0.6923077 2.12
0.4615385 0.6923077 2
0.4615385 0.6538461 1.88
0.4230769 0.7307692 1.8
0.3461539 0.6923077 1.76
0.2307692 0.6923077 1.8
0.1153846 0.6538461 1.84
-0.07692308 0.5769231 1.88
-0.2307692 0.5384616 1.88
-0.3076923 0.4615385 1.76
-0.3076923 0.4615385 1.6
-0.3076923 0.5384616 1.48
-0.2692308 0.5769231 1.44
-0.2307692 0.6153846 1.4
-0.2307692 0.6153846 1.4
-0.3076923 0.6153846 1.36
-0.3846154 0.5769231 1.36
-0.4615385 0.5384616 1.32
-0.5769231 0.5 1.28
-0.6153846 0.4615385 1.28
-0.6923077 0.4230769 1.2
-0.7307692 0.4230769 1.16
-0.8076923 0.3461539 1.12
-0.8846154 0.2692308 1.12
-0.9615384 0.2307692 1.12
-1 0.1923077 1.16
-0.9615384 0.1923077 1.16
-0.8846154 0.2307692 1.16
-0.7692308 0.2692308 1.08
-0.6923077 0.3076923 1.04
-0.6153846 0.3076923 1
-0.5769231 0.3076923 0.96
-0.5 0.2692308 0.96
-0.4615385 0.3076923 0.96
-0.3846154 0.3461539 0.96
-0.3076923 0.3076923 1
-0.3076923 0.3076923 1
-0.2692308 0.3461539 1
-0.2307692 0.3461539 1.04
-0.1538462 0.3076923 1
-0.1153846 0.3461539 0.96
-0.07692308 0.3461539 0.92
-0.03846154 0.3076923 0.92
