-0.8076923 0.1538462 1.04
-0.8076923 0.1538462 1.04
-0.8076923 0.1538462 1.04
-0.8076923 0.1538462 1.04
-0.8076923 0.1538462 1.04
-0.8076923 0.1538462 1.04
-0.8076923 0.1538462 1.04
-0.8076923 0.1923077 1
-0.8076923 0.1923077 1
-0.8076923 0.1923077 1
-0.8076923 0.1923077 1
-0.8076923 0.1923077 1
-0.8076923 0.1923077 1
-0.8076923 0.1923077 1
-0.7692308 0.2692308 1
-0.6923077 0.3076923 1.04
-0.6538461 0.3846154 1.12
-0.6153846 0.4230769 1.2
-0.6153846 0.4615385 1.28
-0.6153846 0.4615385 1.32
-0.6153846 0.5 1.36
-0.6153846 0.5 1.36
-0.6153846 0.5384616 1.36
-0.5769231 0.5769231 1.32
-0.5384616 0.6153846 1.32
-0.5 0.6153846 1.28
-0.4615385 0.6923077 1.28
-0.4230769 0.6923077 1.2
-0.4230769 0.7692308 1.16
-0.3846154 0.7692308 1.12
-0.3076923 0.8076923 1.08
-0.2307692 0.8846154 1.12
-0.1153846 0.9615384 1.16
0.07692308 1.076923 1.32
0.1923077 1.153846 1.4
0.3076923 1.192308 1.52
0.3846154 1.230769 1.56
0.5 1.269231 1.64
0.5769231 1.269231 1.68
0.6538461 1.269231 1.72
0.7692308 1.307692 1.72
0.8846154 1.307692 1.72
0.9615384 1.307692 1.68
1 1.307692 1.68
0.9615384 1.230769 1.64
0.9230769 1.192308 1.56
0.8846154 1.153846 1.52
0.9230769 1.115385 1.44
1 1.153846 1.36
1.076923 1.153846 1.32
1.153846 1.192308 1.24
1.192308 1.230769 1.2
1.192308 1.230769 1.16
1.192308 1.230769 1.12
1.192308 1.192308 1
1.153846 1.153846 0.88
1.115385 1.153846 0.8
1.115385 1.115385 0.76
1.115385 1.153846 0.68
1.115385 1.153846 0.52
1.076923 1.115385 0.4
1.038462 1.076923 0.28
1 1.038462 0.2
0.9615384 1 0.16
0.9230769 0.9615384 0.16
0.8461539 0.9230769 0.12
0.7692308 0.8846154 0.08
0.6923077 0.8461539 0.04
0.6153846 0.8076923 -0.04
0.5384616 0.7692308 -0.08
0.5 0.6923077 -0.12
0.4615385 0.6538461 -0.16
0.4230769 0.6153846 -0.2
0.3846154 0.5769231 -0.2
0.3076923 0.5769231 -0.2
0.1923077 0.5 -0.24
0.07692308 0.4615385 -0.28
-0.03846154 0.4230769 -0.28
-0.1153846 0.3846154 -0.32
-0.1538462 0.3461539 -0.36
-0.1538462 0.2692308 -0.4
-0.1923077 0.2307692 -0.44
-0.2307692 0.1923077 -0.44
-0.3076923 0.1538462 -0.44
-0.4230769 0.03846154 -0.44
-0.5384616 0 -0.36
-0.6153846 -0.07692308 -0.28
-0.6538461 -0.1153846 -0.2
-0.6153846 -0.07692308 -0.16
-0.5769231 -0.07692308 -0.16
-0.5384616 -0.03846154 -0.16
-0.5 0 -0.2
-0.4615385 0.03846154 -0.24
-0.4615385 0.07692308 -0.2
-0.4615385 0.1153846 -0.12
-0.5 0.1538462 0
-0.5384616 0.1538462 0.12
-0.5384616 0.1923077 0.24
-0.5384616 0.2307692 0.36
-0.5384616 0.2692308 0.4
-0.5769231 0.3076923 0.44
-0.6538461 0.3846154 0.52
-0.7307692 0.4230769 0.6
-0.7692308 0.4615385 0.8
-0.8461539 0.4615385 1
-0.9230769 0.4615385 1.16
-1 0.4615385 1.24
-1.076923 0.4615385 1.28
-1.153846 0.4615385 1.36
-1.230769 0.4230769 1.44
-1.307692 0.4230769 1.52
-1.346154 0.3846154 1.52
-1.346154 0.3076923 1.56
-1.346154 0.2692308 1.48
-1.346154 0.2307692 1.44
-1.307692 0.2307692 1.36
-1.230769 0.2692308 1.4
-1.153846 0.2692308 1.44
-1.115385 0.3076923 1.56
-1.038462 0.3461539 1.6
-0.9615384 0.3846154 1.64
-0.8461539 0.4230769 1.6
-0.6923077 0.5 1.64
-0.5769231 0.5769231 1.72
-0.4615385 0.6538461 1.88
-0.3076923 0.6923077 2
-0.2692308 0.6923077 2.08
-0.2692308 0.6923077 2.08
-0.2692308 0.6923077 2.04
-0.2307692 0.6923077 2
-0.1538462 0.7307692 1.88
0 0.8076923 1.72
0.1538462 0.8461539 1.56
0.3461539 0.9615384 1.44
0.5 1.038462 1.36
0.6538461 1.038462 1.36
0.7307692 1.076923 1.4
0.8076923 1.038462 1.4
0.8461539 1 1.36
0.8846154 0.9615384 1.32
0.8846154 0.9230769 1.32
0.8846154 0.8846154 1.32
0.8846154 0.8461539 1.36
0.8461539 0.8076923 1.32
0.7692308 0.7307692 1.32
0.6923077 0.6923077 1.28
0.6153846 0.6538461 1.2
0.5 0.5769231 1.16
0.4230769 0.5769231 1.08
0.3461539 0.5 1
0.2692308 0.5 1
0.1923077 0.4230769 0.96
