-0.03846154 0.3846154 2.56
-0.03846154 0.3846154 2.56
-0.03846154 0.3846154 2.56
-0.03846154 0.3846154 2.56
-0.03846154 0.3846154 2.56
-0.03846154 0.3846154 2.56
-0.03846154 0.3846154 2.56
0.07692308 0.5 2.6
0.07692308 0.5 2.6
0.1538462 0.6153846 2.6
0.1538462 0.6153846 2.6
0.1538462 0.6153846 2.6
0.1538462 0.6153846 2.6
0.2692308 0.6923077 2.56
0.2692308 0.6923077 2.56
0.2692308 0.6923077 2.48
0.2307692 0.6923077 2.44
0.1538462 0.6153846 2.44
0.03846154 0.5769231 2.48
-0.07692308 0.5769231 2.48
-0.1153846 0.5769231 2.44
-0.1153846 0.6153846 2.32
-0.07692308 0.6923077 2.16
-0.07692308 0.7692308 2.04
-0.07692308 0.8076923 1.96
-0.07692308 0.8461539 1.8
-0.07692308 0.8846154 1.68
-0.07692308 0.9230769 1.52
-0.03846154 0.9230769 1.28
0 0.9230769 1.08
0 0.9230769 0.92
0.03846154 0.9230769 0.72
0.03846154 0.9230769 0.56
0.07692308 0.8846154 0.36
0.03846154 0.8461539 0.16
0 0.7692308 -0.04
-0.03846154 0.6538461 -0.24
-0.07692308 0.5384616 -0.4
-0.07692308 0.4615385 -0.52
0 0.3846154 -0.6
0.03846154 0.3461539 -0.68
0.03846154 0.2692308 -0.68
0 0.1923077 -0.68
-0.03846154 0.1538462 -0.64
-0.07692308 0.07692308 -0.64
-0.1153846 0 -0.56
-0.1153846 -0.03846154 -0.56
-0.1153846 -0.1153846 -0.48
-0.1153846 -0.1538462 -0.4
-0.1538462 -0.2307692 -0.28
-0.1538462 -0.2307692 -0.16
-0.2307692 -0.2692308 -0.04
-0.2692308 -0.3076923 0.08
-0.3461539 -0.3846154 0.2
-0.4615385 -0.4615385 0.32
-0.6153846 -0.5 0.48
-0.7307692 -0.5384616 0.64
-0.7692308 -0.5769231 0.72
-0.8076923 -0.5769231 0.8
-0.7692308 -0.5384616 0.84
-0.7307692 -0.5 0.92
-0.8076923 -0.5 1.08
-0.8846154 -0.5384616 1.16
-0.9615384 -0.5384616 1.16
-1 -0.5384616 1.2
-1 -0.5 1.28
-0.9615384 -0.5 1.28
-0.9230769 -0.4230769 1.32
-0.8461539 -0.3461539 1.36
-0.8076923 -0.3076923 1.32
-0.7307692 -0.2692308 1.28
-0.6923077 -0.2307692 1.28
-0.5769231 -0.1923077 1.24
-0.5 -0.1538462 1.2
-0.3846154 -0.1538462 1.16
-0.2692308 -0.07692308 1.08
-0.1923077 -0.03846154 1
-0.1153846 -0.03846154 0.92
-0.1153846 -0.07692308 0.88
-0.07692308 -0.1538462 0.88
0 -0.1538462 0.92
0.1153846 -0.1538462 0.96
0.2692308 -0.07692308 1
0.3846154 -0.03846154 1
0.4615385 0 0.96
0.5769231 -0.03846154 0.92
0.6923077 -0.03846154 0.88
0.8076923 0 0.88
0.9230769 0 0.88
1 0 0.92
1.038462 0 0.96
1 -0.03846154 1
0.9615384 -0.07692308 1.04
0.9230769 -0.07692308 0.92
0.8846154 -0.1153846 0.88
0.8461539 -0.1538462 0.8
0.8076923 -0.1538462 0.72
0.7307692 -0.1538462 0.64
0.6538461 -0.1538462 0.56
0.5384616 -0.1923077 0.48
0.4230769 -0.1923077 0.44
0.3461539 -0.1923077 0.36
0.2692308 -0.1923077 0.24
0.1923077 -0.1923077 0.12
0.1153846 -0.2307692 0.08
0.07692308 -0.1923077 0.04
0 -0.1538462 0.12
-0.03846154 -0.1538462 0.2
-0.07692308 -0.07692308 0.24
-0.07692308 -0.07692308 0.28
-0.07692308 -0.03846154 0.24
-0.1153846 0 0.24
0.03846154 0 0.2
0.07692308 0.07692308 0.24
0.03846154 0.1153846 0.32
-0.03846154 0.1153846 0.44
-0.07692308 0.1153846 0.48
-0.1153846 0.1153846 0.44
-0.07692308 0.1153846 0.36
0 0.1538462 0.32
0 0.2307692 0.36
0.03846154 0.3076923 0.44
0 0.3461539 0.6
-0.03846154 0.3461539 0.76
-0.07692308 0.3461539 0.88
0 0.3846154 0.88
0.03846154 0.3846154 0.8
0.07692308 0.4230769 0.72
0.1538462 0.4615385 0.76
0.1538462 0.5 1
0.1153846 0.5 1.28
0 0.4615385 1.64
-0.1153846 0.3846154 1.96
-0.1538462 0.3076923 2.16
-0.1153846 0.2692308 2.2
0 0.3461539 2.12
0.1153846 0.3846154 2.12
0.2307692 0.4230769 2.16
0.2692308 0.5 2.28
0.3076923 0.4615385 2.36
0.2692308 0.4230769 2.36
0.2307692 0.4230769 2.32
0.2307692 0.3846154 2.2
0.2692308 0.3846154 2
0.3076923 0.3461539 1.88
0.3461539 0.3846154 1.8
0.3461539 0.3846154 1.72
0.3846154 0.3846154 1.64
0.4230769 0.4230769 1.56
0.4615385 0.4230769 1.48
0.4615385 0.4230769 1.4
0.5 0.3846154 1.28
0.5 0.3846154 1.2
0.5 0.3461539 1.12
0.5384616 0.3461539 1.04
0.5384616 0.3076923 0.96
0.6153846 0.3076923 0.88
0.6538461 0.3461539 0.76
0.7307692 0.3846154 0.68
0.7692308 0.4230769 0.64
0.8076923 0.5 0.6
0.8076923 0.5 0.6
0.7692308 0.5384616 0.6
0.7692308 0.5769231 0.6
0.7692308 0.5769231 0.64
0.7307692 0.6153846 0.64
0.6923077 0.6538461 0.64
0.6923077 0.6923077 0.64
0.6538461 0.7307692 0.68
0.6153846 0.7692308 0.72
0.5384616 0.8076923 0.72
0.4615385 0.8076923 0.68
0.3846154 0.8461539 0.76
0.2692308 0.8461539 0.8
0.1923077 0.8461539 0.92
0.07692308 0.8076923 0.96
-0.03846154 0.7692308 1
-0.1538462 0.7692308 0.96
-0.2307692 0.7692308 0.96
-0.3076923 0.7692308 0.96
-0.4615385 0.7307692 1
-0.6538461 0.6923077 1.04
-0.8461539 0.5769231 1
-0.9615384 0.4615385 0.96
-1.038462 0.3461539 0.96
-1.076923 0.3076923 0.96
-1.076923 0.2692308 1.04
-1.115385 0.2692308 1.12
-1.076923 0.2307692 1.16
-1.038462 0.2307692 1.24
-0.9230769 0.2307692 1.24
-0.8076923 0.2692308 1.2
-0.6923077 0.2692308 1.08
-0.5769231 0.2692308 1
-0.4615385 0.3076923 0.96
-0.3076923 0.3461539 0.96
-0.1923077 0.3846154 0.96
-0.07692308 0.4230769 1
0.03846154 0.4230769 1.04
0.07692308 0.4615385 1.04
0.1153846 0.4230769 1
0.1538462 0.4230769 0.96
0.1538462 0.3846154 0.96
0.1538462 0.3846154 0.96
0.1538462 0.3461539 0.96
0.1538462 0.3846154 0.96
0.1538462 0.3461539 0.92
0.1923077 0.3846154 0.92
