0.1153846 -0.7307692 0.32
0.1153846 -0.7307692 0.32
0.1153846 -0.7307692 0.32
0.1153846 -0.7307692 0.32
0.1153846 -0.7307692 0.32
0.1153846 -0.7307692 0.32
0.1153846 -0.7307692 0.32
0.1538462 -0.7307692 0.28
0.1538462 -0.7307692 0.28
0.1538462 -0.7307692 0.28
0.1538462 -0.7307692 0.28
0.1538462 -0.7307692 0.28
0.1538462 -0.7307692 0.28
0.1538462 -0.6923077 0.2
0.1538462 -0.6538461 0.16
0.1538462 -0.6538461 0.12
0.1538462 -0.6153846 0.04
0.1153846 -0.5769231 -0.08
0.1153846 -0.5 -0.24
0.1153846 -0.4615385 -0.36
0.1153846 -0.4230769 -0.44
0.1538462 -0.4230769 -0.56
0.1923077 -0.3846154 -0.64
0.2307692 -0.3461539 -0.68
0.2692308 -0.2692308 -0.72
0.2307692 -0.2307692 -0.72
0.1923077 -0.1923077 -0.68
0.1153846 -0.1538462 -0.64
0.07692308 -0.1153846 -0.56
0.03846154 -0.07692308 -0.44
0.03846154 -0.03846154 -0.4
0.03846154 0.03846154 -0.36
0.07692308 0.1153846 -0.32
0.07692308 0.1923077 -0.28
0.07692308 0.3076923 -0.2
0.03846154 0.3846154 -0.12
0.03846154 0.4230769 0
0 0.5 0.12
0.03846154 0.5384616 0.2
0.1153846 0.6153846 0.2
0.1538462 0.7692308 0.16
0.1153846 0.8846154 0.16
0.03846154 0.9615384 0.28
-0.03846154 1 0.52
-0.1538462 1.076923 0.84
-0.2307692 1.076923 1.16
-0.2692308 1.076923 1.32
-0.2692308 1.076923 1.4
-0.1923077 1.038462 1.36
-0.1538462 1.115385 1.44
-0.1538462 1.192308 1.68
-0.1923077 1.153846 2
-0.2692308 1.115385 2.28
-0.3076923 1 2.4
-0.3461539 0.9615384 2.32
-0.3461539 0.9615384 2.24
-0.3461539 0.9615384 2.24
-0.3461539 1 2.36
-0.3846154 1 2.56
-0.4230769 0.9615384 2.72
-0.3846154 0.9230769 2.68
-0.3846154 0.8461539 2.52
-0.3076923 0.8461539 2.32
-0.2692308 0.8076923 2.2
-0.2307692 0.8076923 2.12
-0.2307692 0.7692308 2.12
-0.2307692 0.7692308 2.16
-0.2307692 0.7692308 2.12
-0.3076923 0.6923077 2.04
-0.3076923 0.6538461 1.92
-0.3076923 0.6153846 1.8
-0.2692308 0.5769231 1.72
-0.2307692 0.5769231 1.6
-0.2307692 0.5769231 1.56
-0.2307692 0.5384616 1.56
-0.2307692 0.5769231 1.52
-0.2307692 0.5769231 1.52
-0.1923077 0.6153846 1.4
-0.1153846 0.6153846 1.28
-0.07692308 0.6538461 1.12
-0.07692308 0.6538461 0.96
