-0.07692308 -0.03846154 1
-0.07692308 -0.03846154 1
-0.07692308 -0.03846154 1
-0.07692308 -0.03846154 1
-0.07692308 -0.03846154 1
-0.07692308 -0.03846154 1
-0.1153846 -0.07692308 0.96
-0.1153846 -0.07692308 0.96
-0.1153846 -0.07692308 0.96
-0.1153846 -0.07692308 0.96
-0.1153846 -0.07692308 0.96
-0.1153846 -0.07692308 0.96
-0.1153846 -0.07692308 0.92
-0.1538462 -0.1153846 0.88
-0.1923077 -0.1153846 0.88
-0.1923077 -0.1153846 0.92
-0.2307692 -0.1153846 0.96
-0.2307692 -0.1153846 0.96
-0.2692308 -0.1153846 0.96
-0.3076923 -0.1153846 0.96
-0.3846154 -0.1153846 0.96
-0.4230769 -0.1538462 0.92
-0.5384616 -0.1538462 0.96
-0.6153846 -0.1538462 1
-0.6538461 -0.1538462 1
-0.6923077 -0.1153846 1.04
-0.7307692 -0.07692308 1.04
-0.7307692 -0.03846154 1.08
-0.7692308 0 1.12
-0.8461539 0.03846154 1.2
-0.8846154 0.03846154 1.2
-0.9615384 0.03846154 1.2
-1 0 1.16
-1.038462 0.03846154 1.16
-1.038462 0.03846154 1.12
-1 0.07692308 1.12
-1 0.1538462 1.12
-1 0.1538462 1.16
-1 0.1923077 1.16
-1 0.1923077 1.16
-1 0.2307692 1.16
-0.9615384 0.2692308 1.12
-0.9230769 0.3461539 1.12
-0.8461539 0.3846154 1.12
-0.7692308 0.4615385 1.2
-0.6923077 0.5384616 1.2
-0.6538461 0.6153846 1.24
-0.6538461 0.6538461 1.24
-0.6153846 0.6538461 1.16
-0.5769231 0.6923077 1.12
-0.5384616 0.6923077 1.12
-0.4615385 0.6538461 1.12
-0.4230769 0.6538461 1.12
-0.3846154 0.6153846 1.16
-0.3846154 0.6153846 1.16
-0.3461539 0.6153846 1.2
-0.2692308 0.5769231 1.16
-0.1923077 0.6153846 1.08
-0.1153846 0.6153846 1
0 0.6538461 0.92
0.07692308 0.6538461 0.84
0.1923077 0.6923077 0.8
0.3076923 0.7307692 0.8
0.5 0.7692308 0.8
0.6153846 0.8076923 0.8
0.8076923 0.7692308 0.8
1 0.7307692 0.88
1.153846 0.7307692 1
1.307692 0.6923077 1.16
1.384615 0.6923077 1.28
1.423077 0.6538461 1.28
1.423077 0.5769231 1.24
1.384615 0.4230769 1.16
1.346154 0.3076923 1.16
1.346154 0.2692308 1.16
1.269231 0.1923077 1.2
1.192308 0.1538462 1.28
1.115385 0.1538462 1.28
1 0.1153846 1.2
0.8461539 0.03846154 1.08
0.6538461 -0.03846154 1
0.5 -0.07692308 0.96
0.3076923 -0.1538462 0.96
0.1923077 -0.2307692 0.96
0.07692308 -0.2692308 0.96
0.03846154 -0.2692308 0.88
0.03846154 -0.2692308 0.88
0.07692308 -0.2307692 0.88
0.07692308 -0.1923077 0.88
0.07692308 -0.1538462 0.88
0.03846154 -0.1923077 0.92
0.03846154 -0.1923077 0.92
-0.03846154 -0.2307692 0.92
-0.03846154 -0.2307692 0.92
-0.03846154 -0.2307692 0.96
0 -0.1923077 0.96
0.07692308 -0.1538462 0.92
