0.07692308 0.3461539 1
0.07692308 0.3461539 1
0.07692308 0.3461539 1
0.07692308 0.3461539 1
0.07692308 0.3461539 1
0.07692308 0.3461539 1
0.07692308 0.3461539 1
0.1538462 0.3846154 1.04
0.1923077 0.4230769 1
0.1923077 0.4230769 1
0.1923077 0.4230769 1
0.1923077 0.4230769 1
0.1923077 0.4230769 1
0.1923077 0.4230769 1
0.1923077 0.4230769 1
0.1923077 0.4230769 1
0.2307692 0.4230769 0.96
0.2307692 0.4230769 0.92
0.2307692 0.4230769 0.88
0.2307692 0.4615385 0.84
0.2692308 0.4615385 0.84
0.2692308 0.4615385 0.84
0.3076923 0.5 0.88
0.3461539 0.5 0.92
0.3461539 0.5 1
0.3076923 0.5 1.04
0.2692308 0.5 1.08
0.3076923 0.5 1.08
0.3461539 0.5769231 1.12
0.3846154 0.6153846 1.12
0.4230769 0.6153846 1.12
0.3846154 0.6538461 1.08
0.3461539 0.6153846 1.12
0.3846154 0.6153846 1.2
0.3461539 0.6153846 1.24
0.3461539 0.5769231 1.32
0.3846154 0.5769231 1.44
0.3846154 0.6538461 1.56
0.3846154 0.6923077 1.72
0.3846154 0.7307692 1.8
0.3846154 0.7692308 1.88
0.3461539 0.8461539 1.88
0.2692308 0.8846154 1.84
0.2307692 0.8846154 1.76
0.1538462 0.9230769 1.72
0.03846154 0.9615384 1.72
-0.07692308 0.9615384 1.72
-0.1923077 0.9230769 1.76
-0.3076923 0.8846154 1.84
-0.4230769 0.8461539 1.84
-0.5384616 0.8461539 1.88
-0.6153846 0.8076923 1.8
-0.6923077 0.7692308 1.76
-0.7692308 0.6923077 1.72
-0.8461539 0.6153846 1.68
-0.9615384 0.5769231 1.64
-1 0.5769231 1.64
-1.038462 0.5769231 1.64
-1 0.6153846 1.68
-0.9615384 0.6923077 1.64
-0.9230769 0.7307692 1.56
-0.9230769 0.7307692 1.48
-1 0.6923077 1.32
-1.076923 0.6153846 1.2
-1.153846 0.5384616 1.04
-1.230769 0.4615385 1
-1.230769 0.3846154 0.96
-1.192308 0.3461539 0.92
-1.115385 0.3461539 0.88
-1.076923 0.3076923 0.84
-1.076923 0.3076923 0.84
-1.076923 0.2692308 0.76
-1.038462 0.2692308 0.72
-1 0.2692308 0.68
-0.9615384 0.3076923 0.68
-0.8461539 0.3461539 0.68
-0.7692308 0.3846154 0.64
-0.6538461 0.4230769 0.52
-0.5384616 0.4615385 0.4
-0.5 0.4615385 0.28
-0.4615385 0.4230769 0.2
-0.4230769 0.3846154 0.16
-0.3846154 0.3461539 0.16
-0.3846154 0.3461539 0.16
-0.3461539 0.3076923 0.12
-0.3076923 0.2692308 0.04
-0.2692308 0.2307692 -0.04
-0.2692308 0.1923077 -0.04
-0.2307692 0.1538462 -0.08
-0.1923077 0.1538462 -0.08
-0.1538462 0.1153846 -0.04
-0.1153846 0.1153846 -0.04
-0.07692308 0.07692308 -0.04
0 0.1153846 -0.04
0.03846154 0.1153846 -0.08
0.07692308 0.07692308 -0.12
0.1153846 0.03846154 -0.16
0.1153846 0 -0.16
0.1153846 -0.03846154 -0.12
0.1923077 -0.03846154 -0.04
0.2307692 0 0.04
0.3076923 0 0.04
0.3846154 0.03846154 0.04
0.5 0.03846154 0.04
0.5384616 0.07692308 0
0.5769231 0.07692308 0.04
0.6153846 0.07692308 0.12
0.6538461 0.03846154 0.24
0.6538461 0 0.28
0.6153846 0.03846154 0.32
0.6153846 0.03846154 0.36
0.6153846 0.07692308 0.4
0.6923077 0.1153846 0.4
0.7692308 0.1538462 0.44
0.8076923 0.1923077 0.44
0.8461539 0.1923077 0.4
0.8076923 0.2307692 0.48
0.7692308 0.2307692 0.56
0.7307692 0.2307692 0.68
0.6923077 0.1923077 0.84
0.6923077 0.1923077 0.88
0.7307692 0.2692308 0.84
0.7692308 0.3461539 0.88
0.8461539 0.4230769 0.96
0.8846154 0.4615385 1.08
0.9230769 0.5 1.16
0.9230769 0.5 1.16
0.8846154 0.5 1.2
0.8461539 0.5384616 1.24
0.8461539 0.5769231 1.32
0.9230769 0.5769231 1.44
0.8846154 0.6153846 1.56
0.8461539 0.6153846 1.6
0.7692308 0.6538461 1.56
0.7307692 0.6923077 1.56
0.7307692 0.6923077 1.56
0.6923077 0.6923077 1.56
0.6923077 0.6923077 1.52
0.6153846 0.7307692 1.56
0.5 0.7692308 1.64
0.3846154 0.7692308 1.72
0.1923077 0.7692308 1.8
0.07692308 0.6923077 1.84
0 0.6153846 1.8
0 0.5769231 1.64
0 0.6153846 1.56
0 0.6538461 1.52
0 0.6923077 1.6
-0.03846154 0.6923077 1.64
-0.07692308 0.7692308 1.68
-0.1538462 0.6923077 1.68
-0.1923077 0.6923077 1.64
-0.2307692 0.6538461 1.56
-0.2307692 0.6538461 1.44
-0.2307692 0.6923077 1.36
-0.2307692 0.6923077 1.32
-0.2307692 0.6923077 1.32
-0.2692308 0.6923077 1.4
-0.3461539 0.6538461 1.48
-0.4230769 0.6153846 1.48
-0.5769231 0.5384616 1.32
-0.5769231 0.5384616 1.32
-0.6153846 0.5 1.24
-0.6538461 0.4615385 1.2
-0.6923077 0.4230769 1.2
-0.7692308 0.3461539 1.28
-0.7692308 0.3076923 1.24
-0.8076923 0.2692308 1.16
-0.7692308 0.2692308 1.12
-0.7307692 0.2692308 1.04
-0.6923077 0.2692308 1
-0.6538461 0.2692308 1
-0.6153846 0.2692308 1.04
-0.6153846 0.2307692 1.04
-0.5769231 0.2307692 1.04
-0.5 0.2692308 1.04
-0.4230769 0.2692308 1.04
-0.3076923 0.3461539 1
-0.2307692 0.3846154 1
-0.1538462 0.4230769 1
-0.1153846 0.4230769 0.96
-0.07692308 0.3846154 0.96
0 0.3846154 1
0 0.3846154 1
0 0.3846154 0.96
0.03846154 0.3846154 0.96
