0.1153846 -0.8461539 0.32
0.1153846 -0.8461539 0.32
0.1153846 -0.8461539 0.32
0.1153846 -0.8461539 0.32
0.1153846 -0.8461539 0.32
0.1153846 -0.8461539 0.32
0.1153846 -0.8461539 0.32
0.1153846 -0.8461539 0.32
0.1153846 -0.8461539 0.32
0.1153846 -0.8461539 0.32
0.1153846 -0.8461539 0.32
0.1153846 -0.8461539 0.32
0.1153846 -0.8461539 0.32
0.1153846 -0.8461539 0.32
0.1153846 -0.8461539 0.32
0.1153846 -0.8461539 0.32
0.1153846 -0.8461539 0.28
0.07692308 -0.8461539 0.28
0.07692308 -0.8461539 0.24
0.1153846 -0.8076923 0.2
0.1153846 -0.8076923 0.16
0.1538462 -0.7692308 0.12
0.1538462 -0.7307692 0.08
0.1923077 -0.7307692 0.08
0.1923077 -0.6923077 0.08
0.1538462 -0.6538461 0.12
0.1153846 -0.6538461 0.08
0.07692308 -0.6153846 0.04
0.07692308 -0.5769231 0.04
0.07692308 -0.5384616 -0.04
0.07692308 -0.5 -0.12
0.07692308 -0.4615385 -0.24
0.1153846 -0.4230769 -0.32
0.1153846 -0.3846154 -0.4
0.07692308 -0.3846154 -0.4
0.03846154 -0.3461539 -0.36
0 -0.3076923 -0.32
0 -0.3076923 -0.32
0.03846154 -0.3076923 -0.32
0.1153846 -0.2307692 -0.32
0.1153846 -0.1923077 -0.32
0.1923077 -0.1153846 -0.28
0.1538462 -0.07692308 -0.2
0.1153846 0 -0.08
0.07692308 0.07692308 0.04
0.03846154 0.07692308 0.08
0.03846154 0.07692308 0.08
0 0.1153846 0.04
0.03846154 0.1923077 0.04
0.07692308 0.3076923 0.04
0.1153846 0.4230769 0.16
0.07692308 0.5 0.24
0.07692308 0.5769231 0.4
0.03846154 0.6153846 0.52
0.03846154 0.6153846 0.6
0.07692308 0.6153846 0.6
0.1538462 0.6538461 0.52
0.1923077 0.7307692 0.56
0.1538462 0.8076923 0.72
0.03846154 0.8461539 0.92
-0.07692308 0.8461539 1.16
-0.1923077 0.8461539 1.48
-0.2307692 0.8076923 1.68
-0.1153846 0.7692308 1.72
-0.03846154 0.8076923 1.64
0.07692308 0.8461539 1.6
0.07692308 0.8846154 1.72
0 0.8461539 2.04
-0.1153846 0.7692308 2.4
-0.2692308 0.6538461 2.64
-0.3076923 0.5769231 2.76
-0.2307692 0.5769231 2.76
-0.03846154 0.6153846 2.72
0.2307692 0.6923077 2.64
0.1923077 0.6153846 2.56
0.1538462 0.5769231 2.48
0.1538462 0.5384616 2.36
0.1923077 0.5384616 2.28
0.2307692 0.5384616 2.16
0.1923077 0.5 1.92
0.1153846 0.4615385 1.76
0.07692308 0.4230769 1.68
0.03846154 0.4230769 1.56
0.07692308 0.4230769 1.52
0.07692308 0.4230769 1.44
0.07692308 0.4230769 1.36
0.03846154 0.4230769 1.28
0.03846154 0.4230769 1.16
0 0.4230769 1.12
0 0.4615385 1.04
0 0.5 0.96
