-0.5 -0.6153846 0.04
-0.5 -0.6153846 0.04
-0.5 -0.6153846 0.04
-0.5 -0.6153846 0.04
-0.5 -0.6153846 0.04
-0.5 -0.6153846 0.04
-0.5 -0.6153846 0.04
-0.5384616 -0.5769231 -0.04
-0.5 -0.5384616 -0.12
-0.5 -0.5384616 -0.12
-0.5 -0.5384616 -0.12
-0.5 -0.5384616 -0.12
-0.5 -0.5 -0.2
-0.5 -0.5 -0.2
-0.5 -0.4615385 -0.28
-0.5 -0.4615385 -0.28
-0.5 -0.4615385 -0.28
-0.4615385 -0.4230769 -0.4
-0.3461539 -0.3461539 -0.48
-0.2692308 -0.2692308 -0.56
-0.2692308 -0.2307692 -0.56
-0.3076923 -0.1923077 -0.52
-0.3846154 -0.1923077 -0.44
-0.4615385 -0.2307692 -0.4
-0.5769231 -0.2692308 -0.32
-0.6153846 -0.3076923 -0.28
-0.5769231 -0.3076923 -0.32
-0.5 -0.2307692 -0.28
-0.3846154 -0.1538462 -0.28
-0.3461539 -0.07692308 -0.28
-0.3846154 -0.07692308 -0.24
-0.5 -0.07692308 -0.16
-0.6923077 -0.1153846 -0.08
-0.8076923 -0.1923077 0.04
-0.9230769 -0.2307692 0.08
-0.9230769 -0.2692308 0.12
-0.8076923 -0.2307692 0.08
-0.7307692 -0.1153846 0.12
-0.6538461 0 0.2
-0.6153846 0.07692308 0.4
-0.5769231 0.07692308 0.6
-0.5384616 -0.03846154 0.68
-0.5769231 -0.1923077 0.64
-0.6923077 -0.3076923 0.6
-0.8076923 -0.3461539 0.6
-0.8846154 -0.3846154 0.64
-1 -0.3846154 0.84
-1.076923 -0.3461539 1.08
-1.115385 -0.3846154 1.32
-1.115385 -0.4230769 1.48
-1 -0.4230769 1.56
-0.8461539 -0.3846154 1.6
-0.7307692 -0.3076923 1.68
-0.6538461 -0.3076923 1.76
-0.6153846 -0.3461539 1.88
-0.5384616 -0.3461539 2
-0.5 -0.3846154 2.08
-0.4615385 -0.3846154 2.08
-0.4230769 -0.3846154 2.08
-0.3846154 -0.3846154 2.08
-0.3076923 -0.3846154 1.96
-0.2307692 -0.3461539 1.84
-0.1538462 -0.3076923 1.72
-0.03846154 -0.2692308 1.6
0.03846154 -0.2307692 1.52
0.07692308 -0.1923077 1.44
0.1538462 -0.1538462 1.36
0.1538462 -0.1153846 1.32
0.1923077 -0.07692308 1.24
0.1923077 -0.07692308 1.12
0.2307692 -0.07692308 1
0.3076923 -0.1153846 0.8
0.3461539 -0.07692308 0.64
0.4230769 0 0.56
0.5 0.07692308 0.48
0.5 0.1153846 0.48
0.5 0.07692308 0.48
0.5 0.03846154 0.44
0.4615385 0.03846154 0.4
0.3846154 0.07692308 0.4
0.3461539 0.1538462 0.44
0.2692308 0.2307692 0.52
0.2307692 0.3076923 0.64
0.1923077 0.3846154 0.72
0.1538462 0.4615385 0.76
0.1153846 0.5384616 0.8
0.07692308 0.6153846 0.84
0 0.7307692 0.88
-0.1153846 0.8076923 0.92
-0.2307692 0.8846154 1.04
-0.3461539 0.9615384 1.16
-0.5769231 0.9615384 1.28
-0.7692308 0.9230769 1.28
-0.9615384 0.9230769 1.28
-1.115385 0.8461539 1.24
-1.307692 0.7692308 1.2
-1.5 0.6923077 1.2
-1.692308 0.5769231 1.2
-1.923077 0.5 1.2
-2.038461 0.3846154 1.12
-2.115385 0.3076923 1.04
-2.076923 0.2692308 0.92
-1.961538 0.2692308 0.88
-1.769231 0.3076923 0.88
-1.576923 0.3846154 0.92
-1.384615 0.4230769 0.92
-1.269231 0.4615385 0.92
-1 0.4230769 0.84
-0.9615384 0.3846154 0.88
