0.7307692 0.5 0.92
0.7307692 0.5 0.92
0.7307692 0.5 0.92
0.7307692 0.5 0.92
0.7307692 0.5 0.92
0.7307692 0.5 0.92
0.7692308 0.5384616 0.92
0.7692308 0.5384616 0.92
0.7692308 0.5384616 0.92
0.7692308 0.5384616 0.92
0.7692308 0.5384616 0.92
0.7692308 0.5384616 0.92
0.7692308 0.5384616 0.92
0.7692308 0.5384616 0.92
0.8076923 0.5769231 0.96
0.8461539 0.6153846 1.04
0.8846154 0.6923077 1.12
0.8846154 0.7307692 1.16
0.8461539 0.7307692 1.16
0.7307692 0.7307692 1.2
0.6538461 0.7307692 1.24
0.5769231 0.7307692 1.32
0.5769231 0.7692308 1.4
0.5769231 0.8076923 1.44
0.5769231 0.8461539 1.44
0.5384616 0.8846154 1.4
0.4615385 0.9230769 1.4
0.3461539 0.9230769 1.4
0.2692308 0.9230769 1.44
0.1923077 0.9230769 1.52
0.1153846 0.9230769 1.64
0 0.9230769 1.68
-0.07692308 0.8846154 1.72
-0.1923077 0.8846154 1.8
-0.3076923 0.9230769 1.84
-0.4230769 0.9230769 1.96
-0.5 0.9230769 2
-0.5769231 0.9615384 2.04
-0.6538461 0.9615384 2.04
-0.7692308 0.9615384 2
-0.8846154 0.8846154 1.88
-0.9615384 0.8076923 1.8
-1.038462 0.8076923 1.72
-1.076923 0.7692308 1.68
-1.115385 0.7692308 1.64
-1.115385 0.7692308 1.6
-1.153846 0.7307692 1.52
-1.192308 0.6923077 1.48
-1.230769 0.6923077 1.4
-1.230769 0.6538461 1.28
-1.230769 0.6153846 1.16
-1.230769 0.6153846 1.08
-1.230769 0.5769231 1.04
-1.230769 0.5 0.92
-1.230769 0.4615385 0.8
-1.192308 0.4230769 0.68
-1.153846 0.3846154 0.6
-1.115385 0.3461539 0.6
-1.115385 0.3076923 0.56
-1.115385 0.2692308 0.52
-1.076923 0.2692308 0.48
-1.076923 0.2692308 0.44
-1.038462 0.2692308 0.4
-0.9615384 0.2692308 0.32
-0.9230769 0.2692308 0.24
-0.8461539 0.2692308 0.16
-0.7692308 0.3076923 0.16
-0.6923077 0.3461539 0.12
-0.6153846 0.3461539 0.08
-0.5384616 0.3461539 0.04
-0.5 0.3461539 0
-0.4615385 0.3461539 -0.04
-0.4230769 0.3846154 0
-0.3461539 0.3461539 0.04
-0.3461539 0.3076923 0.04
-0.3076923 0.3076923 0
-0.2692308 0.2692308 -0.04
-0.2307692 0.2692308 -0.04
-0.1923077 0.2692308 -0.08
-0.1538462 0.2692308 -0.12
-0.1153846 0.3076923 -0.08
-0.03846154 0.3076923 -0.08
0.07692308 0.3076923 -0.04
0.1538462 0.3076923 0
0.2307692 0.3461539 0.04
0.3076923 0.3461539 0
0.3846154 0.3846154 0
0.5 0.4230769 0
0.5769231 0.4230769 0.04
0.6538461 0.4615385 0.12
0.7692308 0.4615385 0.2
0.8461539 0.5 0.28
0.9615384 0.5 0.32
1 0.5769231 0.4
1.038462 0.5769231 0.48
1.076923 0.5384616 0.68
1.115385 0.5 0.84
1.192308 0.5 1
1.269231 0.5384616 1.08
1.269231 0.5769231 1.2
1.230769 0.5769231 1.36
1.153846 0.5 1.48
1.076923 0.4615385 1.52
1 0.4615385 1.6
0.9615384 0.4615385 1.68
0.9230769 0.5 1.76
0.9230769 0.5 1.8
0.8461539 0.5 1.72
0.7692308 0.4615385 1.64
0.6538461 0.4615385 1.6
0.5384616 0.5 1.64
0.4230769 0.5 1.64
0.3461539 0.4615385 1.68
0.3461539 0.4230769 1.64
0.2307692 0.4230769 1.72
0.2307692 0.4230769 1.72
0.1923077 0.4615385 1.72
0.1923077 0.5384616 1.68
0.1923077 0.5769231 1.64
0.1923077 0.6153846 1.64
0.1923077 0.6153846 1.56
0.1153846 0.6153846 1.56
0.07692308 0.6538461 1.6
-0.03846154 0.6538461 1.64
-0.1153846 0.6153846 1.68
-0.1923077 0.5769231 1.72
-0.3076923 0.5769231 1.8
-0.3846154 0.5769231 1.8
-0.4615385 0.5769231 1.8
-0.5769231 0.5769231 1.8
-0.6538461 0.5384616 1.76
-0.8076923 0.4615385 1.76
-0.9230769 0.3846154 1.68
-1 0.3076923 1.6
-1 0.3076923 1.52
-1 0.2692308 1.44
-1 0.2692308 1.4
-0.9615384 0.2692308 1.36
-0.9230769 0.2307692 1.28
-0.9230769 0.2307692 1.2
-0.8461539 0.2692308 1.16
-0.7692308 0.2692308 1.16
-0.6923077 0.2692308 1.16
-0.6538461 0.2692308 1.12
-0.6153846 0.2692308 1.08
-0.5769231 0.2307692 1.04
-0.5384616 0.1923077 1
