0.03846154 0.6153846 1.4
0.03846154 0.6153846 1.4
0.03846154 0.6153846 1.4
0.03846154 0.6153846 1.4
0.03846154 0.6153846 1.4
0.03846154 0.6153846 1.4
0.03846154 0.6153846 1.4
0.03846154 0.6153846 1.4
0.03846154 0.6153846 1.4
0.03846154 0.6153846 1.4
0.03846154 0.6153846 1.4
0.03846154 0.6153846 1.4
0.03846154 0.6153846 1.4
0.07692308 0.5769231 1.64
0.1153846 0.6153846 1.96
0.1153846 0.6538461 2.28
0.1153846 0.6923077 2.56
0.1538462 0.7692308 2.68
0.1538462 0.7692308 2.72
0.1538462 0.7692308 2.76
0.1923077 0.8076923 2.8
0.2307692 0.8461539 2.88
0.1923077 0.8461539 2.92
0.1538462 0.9230769 3.04
0.07692308 0.9615384 3.08
0.03846154 1.076923 3.04
0 1.153846 2.88
0 1.230769 2.72
0 1.346154 2.52
0 1.423077 2.32
0 1.461538 2.12
0 1.461538 1.92
0 1.5 1.76
0.03846154 1.5 1.6
0.07692308 1.461538 1.4
0.07692308 1.423077 1.24
0.07692308 1.384615 1.08
0.07692308 1.307692 1
0.03846154 1.269231 0.92
0 1.230769 0.84
0 1.153846 0.72
0 1.076923 0.6
0.03846154 1.038462 0.48
0.07692308 0.9615384 0.36
0.07692308 0.9230769 0.24
0.07692308 0.8076923 0.24
0.03846154 0.7307692 0.2
0 0.6538461 0.2
-0.03846154 0.5769231 0.16
-0.03846154 0.5 0.04
-0.03846154 0.3846154 -0.08
-0.03846154 0.3076923 -0.2
-0.07692308 0.2307692 -0.28
-0.1153846 0.1153846 -0.36
-0.1153846 0.03846154 -0.36
-0.1153846 0 -0.32
-0.07692308 -0.03846154 -0.36
0 -0.03846154 -0.44
0.03846154 -0.03846154 -0.52
0.1153846 -0.07692308 -0.64
0.1923077 -0.1538462 -0.72
0.2692308 -0.2307692 -0.76
0.2692308 -0.3076923 -0.76
0.3076923 -0.3461539 -0.72
0.2692308 -0.3846154 -0.68
0.2692308 -0.4615385 -0.56
0.2307692 -0.5 -0.48
0.1923077 -0.5769231 -0.44
0.1538462 -0.6538461 -0.4
0.1538462 -0.6923077 -0.4
0.1538462 -0.7307692 -0.36
0.1538462 -0.7692308 -0.28
0.1538462 -0.7692308 -0.2
0.1538462 -0.7692308 -0.08
0.1538462 -0.8076923 -0.04
0.1538462 -0.8461539 0
0.1538462 -0.8846154 0.04
0.1538462 -0.8846154 0.08
0.1153846 -0.8846154 0.08
0.1538462 -0.8846154 0.12
0.1153846 -0.8846154 0.16
0.1538462 -0.8846154 0.2
0.1923077 -0.8846154 0.24
0.1923077 -0.8846154 0.28
0.1923077 -0.8846154 0.32
0.1923077 -0.8461539 0.4
0.1923077 -0.8461539 0.4
