0.2692308 0.03846154 0.96
0.2692308 0.03846154 0.96
0.2692308 0.03846154 0.96
0.2692308 0.03846154 0.96
0.2692308 0.03846154 0.96
0.2692308 0.03846154 0.96
0.2692308 0.03846154 0.96
0.2692308 0.03846154 0.96
0.3461539 0.07692308 1
0.3461539 0.07692308 1
0.3846154 0.07692308 1.04
0.3846154 0.07692308 1.04
0.3846154 0.07692308 1.04
0.3846154 0.07692308 1.04
0.3846154 0.07692308 1.04
0.4615385 0.1153846 1.04
0.4615385 0.1153846 1.04
0.5 0.1153846 1
0.5769231 0.1538462 1.04
0.7307692 0.1538462 1
0.8461539 0.2307692 1
1 0.2692308 1.04
1.076923 0.3461539 1.08
1.153846 0.3846154 1.12
1.192308 0.4615385 1.2
1.230769 0.5 1.24
1.230769 0.5384616 1.24
1.230769 0.5769231 1.24
1.192308 0.6153846 1.2
1.192308 0.6923077 1.12
1.192308 0.6923077 1.12
1.192308 0.6923077 1.16
1.115385 0.7692308 1.2
1 0.8076923 1.16
0.9230769 0.8461539 1.16
0.8076923 0.8076923 1.08
0.7307692 0.8076923 1
0.6538461 0.7692308 0.92
0.5769231 0.7692308 0.88
0.4615385 0.7692308 0.92
0.3461539 0.7692308 0.96
0.2307692 0.7307692 1
0.1538462 0.7307692 1.04
0.07692308 0.7307692 1.04
0 0.6923077 1.04
-0.07692308 0.6923077 0.96
-0.1538462 0.6923077 0.92
-0.1923077 0.6538461 0.88
-0.2307692 0.6923077 0.88
-0.2692308 0.6923077 0.96
-0.3461539 0.6538461 1
-0.4230769 0.6538461 1
-0.5 0.6153846 1.04
-0.5384616 0.6153846 1
-0.5769231 0.5769231 0.92
-0.6538461 0.5384616 0.92
-0.7692308 0.4615385 0.96
-0.8846154 0.3461539 1.04
-1 0.2692308 1.04
-1.076923 0.1923077 1.04
-1.076923 0.1153846 1
-1.076923 0.1153846 1
-1.076923 0.07692308 0.96
-1.038462 0.07692308 0.96
-1.038462 0.03846154 0.96
-1.076923 0 0.96
-1.076923 -0.03846154 1
-1.115385 -0.07692308 0.96
-1.076923 -0.1538462 0.96
-1.038462 -0.1538462 0.96
-0.9615384 -0.1923077 0.92
-0.8846154 -0.1538462 0.92
-0.8076923 -0.1538462 0.92
-0.7307692 -0.1538462 0.92
-0.6538461 -0.1153846 0.92
-0.5769231 -0.1153846 0.92
-0.5384616 -0.1153846 0.96
-0.4615385 -0.1538462 0.96
-0.4615385 -0.1538462 0.96
-0.4230769 -0.1538462 0.96
-0.3461539 -0.1538462 1
-0.3076923 -0.1538462 1.04
-0.2692308 -0.1153846 1
-0.2307692 -0.1153846 1
-0.1923077 -0.07692308 1
-0.1538462 -0.07692308 1
-0.1538462 -0.07692308 1
