1384268537492 115411415768655 5587266000000 6.282385 -5.056554 7.048530
1384268537619 115411542141946 5587376000000 6.129157 -4.290410 6.742072
1384268537722 115411645077737 5587486000000 6.435614 -3.983952 6.742072
1384268537823 115411746396096 5587596000000 8.580819 0.612916 12.564771
1384268537950 115411873684915 5587706000000 13.330915 -2.145205 19.919758
1384268538051 115411975033792 5587816000000 11.338940 -9.193734 5.056554
1384268538158 115412081753762 5587926000000 1.685518 -3.064578 -2.911349
1384268538270 115412193661721 5588036000000 -0.612916 0.306458 -1.379060
1384268538374 115412297726663 5588146000000 4.137181 -0.919373 0.459687
1384268538498 115412421872170 5588256000000 8.887277 -3.983952 12.564771
1384268538596 115412519894631 5588366000000 9.653421 -3.217807 17.468096
1384268538721 115412644803079 5588476000000 8.121132 -3.064578 12.105083
1384268538823 115412746151956 5588586000000 6.895301 -1.532289 7.508216
1384268538924 115412847531350 5588696000000 7.354988 -0.306458 7.814674
1384268539051 115412974850686 5588806000000 7.048530 -2.298434 5.209783
1384268539151 115413074795754 5588916000000 7.048530 -0.919373 7.201759
1384268539259 115413182522805 5589026000000 7.048530 -0.306458 7.508216
1384268539363 115413286099465 5589136000000 7.048530 -2.298434 7.508216
1384268539479 115413402218850 5589246000000 7.048530 -1.379060 7.354988
1384268539590 115413513546975 5589356000000 7.201759 -1.379060 7.354988
1384268539701 115413624691995 5589466000000 7.354988 -1.838747 7.354988
