1384268550031 115423954770120 5599806000000 5.363012 -5.516241 7.201759
1384268550146 115424069424661 5599916000000 4.750096 -4.903325 6.895301
1384268550271 115424194516213 5600026000000 5.056554 -4.443638 7.048530
1384268550372 115424295681985 5600136000000 10.726024 0.306458 23.137566
1384268550472 115424395657571 5600246000000 12.871228 -7.201759 15.169662
1384268550598 115424521267922 5600356000000 4.596867 -5.975927 -1.072602
1384268550698 115424621212991 5600466000000 -0.766145 0.306458 -3.371036
1384268550800 115424723172219 5600576000000 2.911349 2.298434 1.532289
1384268550922 115424845791848 5600686000000 5.516241 -1.225831 2.911349
1384268551026 115424949460061 5600796000000 10.726024 -8.887277 17.774553
1384268551128 115425051388772 5600906000000 8.274362 -4.750096 17.008410
1384268551261 115425184506448 5601016000000 6.742072 -3.064578 9.346964
1384268551362 115425285641702 5601126000000 6.895301 -0.612916 7.201759
1384268551473 115425396145852 5601236000000 6.588843 0.306458 7.048530
1384268551580 115425503720315 5601346000000 5.975927 -0.612916 7.967903
1384268551702 115425625851663 5601456000000 6.129157 -3.217807 6.435614
1384268551792 115425715207131 5601566000000 6.282385 -1.532289 8.887277
1384268551919 115425842556985 5601676000000 5.975927 -1.225831 7.661446
