1384268609403 115483326718362 5659176000000 5.669470 -6.588843 4.903325
1384268609532 115483455197366 5659286000000 5.822699 -6.435614 4.903325
1384268609630 115483553219827 5659396000000 7.814674 -6.895301 14.863204
1384268609740 115483663601907 5659506000000 13.790602 -12.258313 18.693928
1384268609858 115483781430276 5659616000000 9.193734 -5.669470 -0.766145
1384268609964 115483887906106 5659726000000 2.145205 3.371036 -3.524265
1384268610061 115483984128030 5659836000000 2.911349 2.451663 -3.677494
1384268610183 115484106717141 5659946000000 8.274362 -4.596867 6.435614
1384268610291 115484214169534 5660056000000 11.492168 -10.726024 12.717999
1384268610393 115484316952737 5660166000000 7.048530 -9.959879 10.726024
1384268610522 115484445553811 5660276000000 7.201759 -6.435614 7.354988
1384268610611 115484534482034 5660386000000 7.508216 -3.371036 6.129157
1384268610737 115484660336526 5660496000000 7.508216 -2.911349 5.669470
1384268610839 115484762631448 5660606000000 7.354988 -3.830723 5.669470
1384268610940 115484863919290 5660716000000 7.201759 -5.516241 5.669470
1384268611067 115484990780862 5660826000000 7.508216 -4.903325 5.822699
