1384186190557 79088846840323 1589172000000 -0.153229 -1.379060 9.959879
1384186190668 79088958015860 1589282000000 -0.153229 -0.766145 10.113108
1384186190779 79089069069327 1589392000000 -1.072602 -2.298434 9.653421
1384186190893 79089182808341 1589502000000 -0.612916 -7.354988 9.040505
1384186191004 79089294044913 1589612000000 3.064578 -8.427590 8.580819
1384186191117 79089406868399 1589722000000 7.048530 -3.217807 9.040505
1384186191228 79089518043936 1589832000000 7.048530 2.298434 10.113108
1384186191340 79089629280508 1589942000000 3.064578 4.290410 11.951855
1384186191452 79089741646231 1590052000000 0.919373 0.306458 10.572795
1384186191563 79089852943839 1590162000000 0.153229 -1.379060 9.346964
1384186191674 79089964180411 1590272000000 -0.153229 -1.379060 9.806650
1384186191760 79090050087393 1590382000000 0.612916 -1.379060 10.572795
1384186191882 79090171699942 1590492000000 0.000000 -2.145205 9.193734
1384186191993 79090282905997 1590602000000 -0.459687 -1.072602 9.806650
1384186192096 79090385841788 1590712000000 0.612916 -0.766145 9.959879
