1384186194098 79092388191641 1592702000000 -0.306458 -1.225831 9.653421
1384186194210 79092499977530 1592812000000 -0.459687 -1.532289 9.959879
1384186194321 79092610908927 1592922000000 -0.766145 -5.822699 9.346964
1384186194434 79092723640860 1593032000000 0.612916 -6.588843 8.734048
1384186194531 79092820778311 1593142000000 3.217807 -6.895301 9.346964
1384186194631 79092920753897 1593252000000 9.193734 -2.145205 9.346964
1384186194744 79093033791007 1593362000000 7.201759 6.435614 9.959879
1384186194854 79093143989981 1593472000000 2.604892 2.451663 11.032481
1384186194965 79093255165518 1593582000000 0.919373 -0.919373 9.959879
1384186195077 79093366249503 1593692000000 0.459687 -0.919373 9.500193
1384186195184 79093473671378 1593802000000 1.225831 -1.072602 10.266337
1384186195295 79093584938467 1593912000000 0.766145 0.612916 9.653421
1384186195406 79093695595206 1594022000000 1.072602 -1.838747 9.193734
1384186195514 79093803566397 1594132000000 0.919373 -0.306458 9.959879
