1384186197426 79095715950430 1596042000000 0.153229 -1.072602 9.806650
1384186197556 79095845833243 1596152000000 0.000000 -1.379060 9.959879
1384186197642 79095931557120 1596262000000 -0.459687 -2.298434 9.959879
1384186197753 79096043098868 1596372000000 -0.306458 -7.661446 8.734048
1384186197865 79096154365958 1596482000000 2.604892 -7.354988 8.274362
1384186197980 79096269234122 1596592000000 7.967903 -1.225831 10.726024
1384186198090 79096380104483 1596702000000 7.814674 4.290410 10.572795
1384186198202 79096491829337 1596812000000 3.524265 4.443638 11.492168
1384186198313 79096603096427 1596922000000 1.685518 -0.612916 10.266337
1384186198426 79096715553702 1597032000000 0.919373 -0.766145 9.959879
1384186198537 79096826912344 1597142000000 0.766145 -0.459687 9.959879
1384186198649 79096938209952 1597252000000 0.766145 -1.072602 9.959879
1384186198760 79097049324454 1597362000000 0.306458 -0.766145 10.266337
