1387457259834 659480528213254 968210000000 3.830723 -2.758120 8.580819
1387457259957 659480650893919 968320000000 3.677494 -2.298434 6.895301
1387457260061 659480755660762 968430000000 3.371036 -11.338940 9.500193
1387457260167 659480861526243 968540000000 7.508216 -9.806650 10.572795
1387457260267 659480961471311 968650000000 9.040505 0.000000 10.266337
1387457260379 659481073562374 968760000000 6.435614 1.379060 9.500193
1387457260499 659481193008176 968870000000 3.677494 -1.072602 8.427590
1387457260621 659481315749876 968980000000 0.459687 -7.201759 8.427590
1387457260711 659481405257931 969090000000 -1.838747 -13.024457 10.113108
1387457260821 659481515273799 969200000000 -2.298434 -9.500193 9.959879
1387457260941 659481635177364 969310000000 1.072602 -2.298434 9.500193
1387457261045 659481739486446 969420000000 1.225831 5.056554 6.895301
1387457261161 659481855697386 969530000000 -2.298434 3.064578 6.588843
1387457261259 659481953353636 969640000000 -3.677494 1.685518 8.734048
1387457261368 659482062453976 969750000000 -4.443638 0.612916 9.040505
1387457261490 659482184463253 969860000000 -4.750096 0.612916 9.346964
1387457261589 659482283157103 969970000000 -3.983952 1.225831 9.193734
1387457261703 659482396835080 970080000000 -4.290410 0.612916 9.040505
1387457261809 659482503158322 970190000000 -2.298434 0.306458 9.040505
1387457261930 659482624007932 970300000000 -3.830723 0.919373 9.040505
