1387457276811 659497505538693 985190000000 3.830723 -3.217807 8.887277
1387457276922 659497616256467 985300000000 2.911349 -0.766145 8.274362
1387457277047 659497741805783 985410000000 1.838747 -8.734048 9.500193
1387457277153 659497847366085 985520000000 4.596867 -10.266337 11.645397
1387457277254 659497948379270 985630000000 7.201759 -5.056554 12.258313
1387457277376 659498069930783 985740000000 7.508216 3.217807 8.427590
1387457277471 659498164993038 985850000000 3.371036 2.758120 8.121132
1387457277587 659498281265010 985960000000 0.766145 -3.064578 8.427590
1387457277703 659498397262326 986070000000 -3.217807 -10.572795 10.726024
1387457277812 659498506149045 986180000000 -3.064578 -11.492168 9.653421
1387457277916 659498609969844 986290000000 -1.838747 -5.209783 9.653421
1387457278019 659498713638058 986400000000 1.838747 4.443638 8.580819
1387457278135 659498828872434 986510000000 -1.225831 4.903325 5.822699
1387457278252 659498946212522 986620000000 -3.677494 2.604892 7.661446
1387457278352 659499046157588 986730000000 -4.750096 1.685518 8.734048
1387457278475 659499168929807 986840000000 -4.443638 1.838747 9.040505
1387457278571 659499265060177 986950000000 -4.596867 1.838747 8.887277
1387457278688 659499382552853 987060000000 -4.443638 1.225831 9.193734
1387457278808 659499502029172 987170000000 -4.596867 2.451663 9.193734
