1387457319241 659539935439817 1027620000000 3.830723 -3.371036 8.734048
1387457319352 659540046798459 1027730000000 3.524265 -2.451663 8.887277
1387457319482 659540176040403 1027840000000 2.298434 -4.750096 9.040505
1387457319585 659540278884640 1027950000000 4.290410 -10.726024 10.572795
1387457319683 659540377517453 1028060000000 7.814674 -5.822699 11.798626
1387457319808 659540502609005 1028170000000 7.967903 3.830723 9.500193
1387457319902 659540596420040 1028280000000 3.064578 4.137181 7.814674
1387457320019 659540713729610 1028390000000 1.225831 -0.919373 8.274362
1387457320128 659540822524776 1028500000000 -0.459687 -7.048530 10.726024
1387457320240 659540934066526 1028610000000 -1.991976 -11.185710 9.500193
1387457320343 659541037612669 1028720000000 -1.991976 -8.887277 7.201759
1387457320501 659541195113888 1028830000000 -0.459687 -2.911349 9.500193
1387457320567 659541261337033 1028940000000 0.459687 4.137181 9.346964
1387457320683 659541377578487 1029050000000 -1.991976 4.750096 7.508216
1387457320791 659541485030880 1029160000000 -5.056554 3.371036 8.274362
1387457320899 659541593063107 1029270000000 -4.443638 1.991976 9.040505
1387457320999 659541693740597 1029380000000 -4.137181 2.145205 8.887277
1387457321113 659541807571162 1029490000000 -5.056554 1.838747 7.508216
1387457321287 659541981673946 1029600000000 -4.290410 1.225831 9.346964
1387457321338 659542032119505 1029710000000 -4.903325 2.451663 8.887277
