1384269101915 115975838009866 6151716000000 6.435614 -4.596867 6.895301
1384269102044 115975967160256 6151826000000 6.435614 -4.290410 6.588843
1384269102135 115976058377298 6151936000000 8.121132 -1.991976 5.363012
1384269102265 115976188595804 6152046000000 9.653421 2.758120 6.895301
1384269102365 115976288296731 6152156000000 12.258313 -4.290410 12.717999
1384269102476 115976399624856 6152266000000 10.113108 -13.024457 10.266337
1384269102587 115976510983499 6152376000000 5.669470 -11.951855 5.209783
1384269102699 115976622677835 6152486000000 6.282385 -5.056554 7.048530
1384269102821 115976744137796 6152596000000 4.290410 7.048530 10.113108
1384269102919 115976842770608 6152706000000 5.669470 7.814674 8.274362
1384269103020 115976943966897 6152816000000 2.145205 7.048530 5.516241
1384269103145 115977068509133 6152926000000 0.000000 2.145205 7.661446
1384269103249 115977172177347 6153036000000 -0.612916 -2.911349 10.113108
1384269103358 115977281765970 6153146000000 -1.685518 -2.451663 9.193734
1384269103471 115977394040139 6153256000000 -1.379060 0.766145 10.113108
1384269103580 115977503964456 6153366000000 -0.919373 2.298434 10.419566
1384269103683 115977606442483 6153476000000 -1.225831 2.604892 9.959879
1384269103789 115977713040384 6153586000000 -0.612916 1.379060 9.193734
1384269103917 115977840542825 6153696000000 -0.612916 1.379060 10.419566
