1384269109794 115983717068704 6159586000000 6.895301 -3.371036 7.048530
1384269109893 115983816952737 6159696000000 6.435614 -3.983952 7.048530
1384269110022 115983945920022 6159806000000 6.588843 -3.217807 6.588843
1384269110127 115984050931008 6159916000000 8.887277 0.612916 5.669470
1384269110234 115984157101663 6160026000000 11.185710 2.911349 6.742072
1384269110339 115984262021096 6160136000000 14.863204 -5.669470 15.782578
1384269110445 115984368374856 6160246000000 9.346964 -11.032481 7.967903
1384269110554 115984477078470 6160356000000 3.830723 -8.580819 1.685518
1384269110665 115984588528665 6160466000000 3.371036 -3.217807 7.508216
1384269110790 115984713864358 6160576000000 7.661446 6.742072 12.717999
1384269110906 115984829251321 6160686000000 6.895301 9.040505 8.121132
1384269110995 115984918423684 6160796000000 3.064578 6.742072 5.669470
1384269111109 115985032925637 6160906000000 0.766145 2.145205 5.975927
1384269111236 115985159390481 6161016000000 0.612916 -1.532289 9.193734
1384269111324 115985247067483 6161126000000 -1.532289 -3.371036 9.959879
1384269111449 115985372738870 6161236000000 -1.072602 0.000000 11.185710
1384269111559 115985482144387 6161346000000 -0.459687 1.379060 10.572795
1384269111665 115985588101419 6161456000000 -0.612916 2.145205 9.500193
1384269111785 115985708188088 6161566000000 -2.145205 1.072602 7.201759
1384269111883 115985807004007 6161676000000 -0.612916 1.225831 9.653421
1384269111995 115985918179544 6161786000000 -0.459687 1.685518 10.266337
1384269112095 115986018979104 6161896000000 -0.459687 1.532289 9.806650
