1384269140479 116014402615579 6190276000000 6.282385 -4.596867 6.435614
1384269140607 116014530026467 6190386000000 6.435614 -4.290410 6.588843
1384269140711 116014634945901 6190496000000 6.588843 -3.677494 5.822699
1384269140812 116014735074075 6190606000000 8.734048 -1.838747 5.056554
1384269140935 116014858822854 6190716000000 10.726024 2.604892 7.508216
1384269141036 116014959622415 6190826000000 13.637373 -5.516241 13.484144
1384269141139 116015062253030 6190936000000 8.274362 -11.951855 8.121132
1384269141262 116015186001809 6191046000000 5.363012 -7.814674 7.967903
1384269141370 116015293515237 6191156000000 5.363012 -0.306458 8.121132
1384269141473 116015396237405 6191266000000 7.967903 8.121132 7.967903
1384269141591 116015514920266 6191376000000 6.588843 7.661446 6.435614
1384269141703 116015626217874 6191486000000 3.524265 4.443638 5.822699
1384269141804 116015727444680 6191596000000 -0.153229 -0.153229 5.056554
1384269141905 116015828885110 6191706000000 -2.145205 -5.669470 8.734048
1384269142032 116015955014260 6191816000000 -1.991976 -0.919373 10.572795
1384269142133 116016056424173 6191926000000 -1.072602 0.153229 10.419566
1384269142235 116016158810647 6192036000000 -0.766145 1.379060 10.113108
1384269142352 116016275113137 6192146000000 -0.459687 1.225831 10.572795
1384269142478 116016401181253 6192256000000 -0.459687 1.991976 10.572795
1384269142573 116016496243508 6192366000000 -0.153229 1.685518 9.959879
1384269142701 116016624814065 6192476000000 0.459687 0.919373 10.113108
1384269142801 116016725003274 6192586000000 0.153229 0.766145 10.726024
