1384267644542 114518465756448 4694216000000 5.822699 -1.225831 8.121132
1384267644670 114518593564065 4694326000000 5.975927 -1.685518 8.121132
1384267644769 114518692471536 4694436000000 4.137181 -2.145205 11.492168
1384267644881 114518804806741 4694546000000 11.951855 -5.669470 24.669855
1384267644991 114518914822610 4694656000000 10.726024 -4.596867 6.282385
1384267645102 114519025967630 4694766000000 -0.612916 -1.532289 -5.975927
1384267645206 114519129666360 4694876000000 -3.524265 -17.314867 3.064578
1384267645331 114519254452737 4694986000000 4.290410 5.822699 11.492168
1384267645431 114519354641946 4695096000000 2.758120 10.419566 3.830723
1384267645530 114519453457864 4695206000000 2.604892 -1.379060 -4.443638
1384267645661 114519584775002 4695316000000 14.097059 -0.459687 24.363398
1384267645763 114519686703713 4695426000000 8.121132 5.669470 16.855181
1384267645870 114519793484719 4695536000000 12.105083 3.217807 5.975927
1384267645974 114519897152932 4695646000000 12.411542 -1.685518 6.588843
1384267646093 114520016934427 4695756000000 4.137181 -13.484144 9.806650
1384267646196 114520119565042 4695866000000 4.750096 -0.153229 6.588843
1384267646319 114520242154153 4695976000000 5.516241 0.766145 8.580819
1384267646420 114520343350442 4696086000000 5.822699 0.459687 9.193734
1384267646545 114520468472512 4696196000000 5.056554 -1.379060 7.967903
1384267646631 114520554562600 4696306000000 6.129157 -0.306458 9.193734
1384267646759 114520682309182 4696416000000 5.363012 -0.306458 8.274362
