1384267651978 114525901547464 4701646000000 5.363012 -2.145205 8.121132
1384267652095 114526018734964 4701756000000 5.516241 -2.451663 8.274362
1384267652211 114526134976419 4701866000000 4.290410 -0.766145 13.637373
1384267652314 114526237393411 4701976000000 9.346964 -1.685518 21.145590
1384267652411 114526334805520 4702086000000 6.895301 0.000000 11.185710
1384267652529 114526452115090 4702196000000 2.145205 -1.685518 -0.612916
1384267652646 114526569607766 4702306000000 -3.217807 -4.290410 -0.612916
1384267652752 114526675198587 4702416000000 1.685518 -9.040505 11.798626
1384267652865 114526788113625 4702526000000 4.290410 6.588843 11.492168
1384267652964 114526887021096 4702636000000 2.145205 7.814674 2.911349
1384267653091 114527014157327 4702746000000 7.661446 -1.225831 -0.919373
1384267653187 114527110348733 4702856000000 7.661446 -2.604892 20.839132
1384267653295 114527218899759 4702966000000 9.346964 3.217807 18.234240
1384267653401 114527324765237 4703076000000 9.806650 4.596867 6.129157
1384267653530 114527453366311 4703186000000 9.500193 -0.919373 7.967903
1384267653630 114527553402932 4703296000000 5.669470 -11.645397 7.201759
1384267653740 114527664029153 4703406000000 4.290410 -7.048530 7.048530
1384267653842 114527765225442 4703516000000 5.056554 -0.919373 7.967903
1384267653968 114527891720804 4703626000000 5.822699 -0.766145 8.887277
1384267654071 114527994504007 4703736000000 5.516241 -0.153229 9.193734
1384267654193 114528116482766 4703846000000 5.975927 0.459687 10.419566
1384267654294 114528217709573 4703956000000 5.516241 -0.459687 8.427590
