1384266975176 113849099576028 4024826000000 1.685518 -0.459687 9.959879
1384266975287 113849210080178 4024936000000 1.685518 -0.153229 10.113108
1384266975394 113849317105325 4025046000000 3.983952 1.072602 9.346964
1384266975504 113849427121194 4025156000000 3.983952 1.838747 9.193734
1384266975631 113849554654153 4025266000000 3.830723 0.000000 10.419566
1384266975732 113849655667336 4025376000000 3.524265 -2.451663 9.959879
1384266975834 113849757473977 4025486000000 2.451663 -4.596867 10.419566
1384266975943 113849866025002 4025596000000 1.685518 -2.604892 10.879252
1384266976055 113849978329690 4025706000000 1.685518 0.000000 9.500193
1384266976172 113850095089944 4025816000000 1.838747 0.612916 10.419566
1384266976268 113850191983254 4025926000000 1.991976 0.306458 9.959879
1384266976403 113850326077493 4026036000000 2.145205 -0.919373 9.040505
1384266976511 113850434445413 4026146000000 5.363012 -2.758120 11.492168
