1384267253903 114127826993020 4303536000000 -2.145205 0.919373 9.806650
1384267254011 114127934414895 4303646000000 -2.145205 0.919373 8.887277
1384267254112 114128035977395 4303756000000 -1.379060 0.306458 5.975927
1384267254217 114128140042336 4303866000000 -0.306458 -0.612916 0.000000
1384267254333 114128256894143 4303976000000 6.129157 0.153229 4.750096
1384267254435 114128358487161 4304086000000 9.193734 -5.363012 14.556746
1384267254564 114128487484964 4304196000000 9.193734 -4.750096 15.322891
1384267254650 114128573056253 4304306000000 8.580819 -3.983952 10.266337
1384267254773 114128696774514 4304416000000 7.661446 -2.298434 7.661446
1384267254885 114128808163674 4304526000000 7.967903 -1.838747 6.742072
1384267254988 114128911191018 4304636000000 2.911349 -6.435614 3.524265
1384267255099 114129022061379 4304746000000 7.201759 -2.451663 5.975927
1384267255205 114129128140481 4304856000000 8.121132 -3.677494 6.742072
