1384267257071 114130994595559 4306706000000 -1.991976 1.685518 9.653421
1384267257181 114131104397805 4306816000000 -1.991976 1.532289 9.346964
1384267257281 114131204983743 4306926000000 -0.766145 -0.306458 3.524265
1384267257390 114131313077005 4307036000000 1.532289 -1.379060 -0.459687
1384267257503 114131426816018 4307146000000 7.508216 -4.903325 9.193734
1384267257610 114131533230813 4307256000000 13.330915 -1.532289 16.701952
1384267257710 114131633755716 4307366000000 8.580819 1.379060 14.556746
1384267257822 114131745144876 4307476000000 7.967903 -2.145205 7.354988
1384267257950 114131873684915 4307586000000 7.354988 -3.371036 6.435614
1384267258066 114131989895852 4307696000000 7.661446 -4.290410 6.742072
1384267258154 114132077969582 4307806000000 7.661446 -2.758120 8.121132
1384267258283 114132206204446 4307916000000 7.201759 -2.298434 5.975927
