1384267290845 114164768216165 4340486000000 -1.532289 1.072602 9.346964
1384267290962 114164885891946 4340596000000 -1.532289 0.612916 8.427590
1384267291064 114164987088235 4340706000000 0.306458 0.153229 4.443638
1384267291187 114165110196145 4340816000000 1.991976 -0.153229 2.758120
1384267291288 114165211361917 4340926000000 6.742072 0.306458 10.726024
1384267291389 114165312100442 4341036000000 11.645397 -1.532289 12.105083
1384267291502 114165425961526 4341146000000 8.887277 -1.838747 11.951855
1384267291609 114165532071145 4341256000000 7.967903 -3.524265 8.121132
1384267291729 114165652432473 4341366000000 7.508216 -2.911349 5.975927
1384267291843 114165766049417 4341476000000 7.814674 -4.750096 7.048530
1384267291955 114165878964456 4341586000000 7.508216 -3.064578 5.516241
1384267292054 114165977200540 4341696000000 8.887277 -2.758120 6.742072
