1384267297173 114171096219094 4346826000000 -1.379060 0.612916 9.806650
1384267297284 114171207150491 4346936000000 -1.225831 0.612916 9.500193
1384267297396 114171319638284 4347046000000 -0.766145 -0.153229 3.677494
1384267297502 114171425869973 4347156000000 0.612916 -1.685518 1.685518
1384267297629 114171552182229 4347266000000 5.822699 -5.975927 9.040505
1384267297730 114171653470071 4347376000000 9.959879 -3.524265 13.330915
1384267297831 114171754788430 4347486000000 9.193734 0.612916 12.871228
1384267297958 114171881253274 4347596000000 8.427590 -2.145205 8.887277
1384267298059 114171982449563 4347706000000 8.121132 -2.604892 7.508216
1384267298188 114172111752542 4347816000000 8.274362 -3.064578 5.975927
1384267298275 114172198544534 4347926000000 8.274362 -2.758120 5.975927
1384267298400 114172323544534 4348036000000 8.427590 -1.685518 5.975927
1384267298525 114172448544534 4348146000000 8.121132 -2.298434 7.661446
1384267298604 114172527585061 4348256000000 7.354988 -2.298434 4.443638
