1384267304112 114178035244973 4353706000000 -1.685518 1.072602 9.346964
1384267304112 114178035885842 4353716000000 -1.685518 1.225831 9.653421
1384267304113 114178036435159 4353726000000 -1.991976 1.072602 9.806650
1384267304124 114178047543557 4353736000000 -1.379060 0.459687 10.419566
1384267304204 114178127896341 4353846000000 -1.532289 0.919373 9.653421
1384267304311 114178234829934 4353956000000 -1.225831 0.766145 9.500193
1384267304418 114178341061624 4354066000000 -0.153229 -1.225831 3.371036
1384267304529 114178452237161 4354176000000 2.604892 -1.685518 -0.306458
1384267304630 114178553433450 4354286000000 8.427590 -1.072602 11.338940
1384267304755 114178678738625 4354396000000 11.645397 2.451663 16.395493
1384267304858 114178781735452 4354506000000 8.887277 0.306458 11.798626
1384267304995 114178918087991 4354616000000 8.427590 -0.766145 9.040505
1384267305076 114178999783547 4354726000000 8.121132 -1.838747 5.056554
1384267305180 114179103512796 4354836000000 8.121132 -3.524265 5.822699
1384267305303 114179226010354 4354946000000 8.887277 -3.217807 6.742072
1384267305406 114179329861673 4355056000000 7.967903 -2.758120 5.822699
1384267305526 114179449093850 4355166000000 8.274362 -1.991976 6.435614
