1384855492365 28235491512236 762580000000 6.129157 -4.903325 6.895301
1384855492455 28235580776152 762690000000 5.822699 -5.363012 6.742072
1384855492578 28235704097685 762800000000 3.830723 -4.443638 10.879252
1384855492690 28235816097197 762910000000 10.572795 -13.330915 20.379444
1384855492804 28235930599150 763020000000 14.250289 -5.822699 10.266337
1384855492891 28236017574248 763130000000 6.895301 0.153229 6.742072
1384855493001 28236127071318 763240000000 2.604892 1.838747 3.064578
1384855493119 28236245723662 763350000000 0.459687 1.685518 -0.306458
1384855493234 28236359737334 763460000000 -0.919373 -0.766145 -1.072602
1384855493331 28236457393584 763570000000 1.379060 -6.588843 -1.532289
1384855493445 28236571468291 763680000000 5.822699 -11.951855 -1.685518
1384855493561 28236687160429 763790000000 13.330915 -15.016433 2.604892
1384855493674 28236799831328 763900000000 17.008410 -12.717999 6.742072
1384855493782 28236907833037 764010000000 19.306843 -5.209783 3.830723
1384855493905 28237031063017 764120000000 8.427590 0.919373 2.758120
1384855493992 28237118282256 764230000000 7.661446 -0.919373 4.903325
1384855494111 28237237483916 764340000000 5.669470 -5.975927 7.354988
1384855494224 28237349788603 764450000000 5.669470 -5.516241 5.669470
1384855494332 28237457820830 764560000000 5.669470 -5.822699 6.282385
1384855494431 28237556758818 764670000000 5.209783 -6.742072 7.048530
1384855494542 28237668331084 764780000000 -0.612916 -6.742072 2.604892
