1384186925346 79823635811270 2324022000000 4.443638 -2.451663 8.274362
1384186925457 79823747200430 2324132000000 4.443638 -2.604892 8.427590
1384186925569 79823858711661 2324242000000 4.290410 -3.524265 10.419566
1384186925680 79823970009268 2324352000000 5.975927 -2.604892 23.750481
1384186925793 79824082466544 2324462000000 5.363012 -2.145205 10.726024
1384186925898 79824187263907 2324572000000 -0.612916 -1.532289 -0.612916
1384186926009 79824298744620 2324682000000 -8.734048 -7.048530 4.903325
1384186926122 79824411415518 2324792000000 -4.290410 -2.911349 8.734048
1384186926241 79824530312003 2324902000000 1.379060 6.742072 9.040505
1384186926353 79824642494620 2325012000000 -0.153229 7.661446 9.193734
1384186926465 79824755073965 2325122000000 -3.830723 3.830723 8.580819
1384186926551 79824840462149 2325232000000 -4.290410 2.911349 9.500193
1384186926663 79824952461661 2325342000000 -3.830723 2.604892 8.580819
1384186926775 79825065010489 2325452000000 -3.983952 2.451663 8.274362
1384186926899 79825189003409 2325562000000 -1.685518 7.354988 3.524265
1384186927005 79825294655264 2325672000000 -2.911349 4.137181 9.806650
1384186927122 79825412086905 2325782000000 -3.677494 3.830723 8.274362
