1384186943972 79842261848868 2342642000000 5.209783 -2.911349 7.967903
1384186944097 79842386757315 2342752000000 5.669470 -2.758120 7.814674
1384186944201 79842490517081 2342862000000 5.209783 -3.371036 10.113108
1384186944298 79842587990225 2342972000000 6.282385 -2.451663 22.371420
1384186944409 79842699135245 2343082000000 5.516241 -4.750096 8.121132
1384186944521 79842810524405 2343192000000 0.306458 -1.072602 -0.919373
1384186944643 79842932930411 2343302000000 -7.661446 -2.911349 1.991976
1384186944741 79843030617178 2343412000000 -8.427590 -5.669470 5.822699
1384186944854 79843143959464 2343522000000 -0.459687 4.290410 9.346964
1384186944965 79843255196036 2343632000000 -0.459687 9.500193 9.653421
1384186945082 79843371559561 2343742000000 -3.830723 4.596867 8.121132
1384186945193 79843482765616 2343852000000 -5.056554 3.217807 8.734048
1384186945307 79843596687735 2343962000000 -4.903325 3.217807 8.734048
1384186945403 79843693062247 2344072000000 -4.290410 3.371036 8.427590
1384186945501 79843790871085 2344182000000 -0.153229 4.596867 5.822699
1384186945612 79843901588858 2344292000000 -4.903325 3.217807 9.193734
1384186945748 79844037880362 2344402000000 -3.677494 3.830723 7.661446
