1384186988199 79886488533438 2386862000000 6.435614 -2.604892 7.508216
1384186988300 79886590065421 2386972000000 5.975927 -2.911349 7.814674
1384186988412 79886701485098 2387082000000 6.129157 -3.064578 10.113108
1384186988530 79886819466055 2387192000000 6.895301 -2.604892 21.605276
1384186988630 79886919899405 2387302000000 5.209783 -0.153229 7.508216
1384186988753 79887042457999 2387412000000 0.306458 -1.225831 0.459687
1384186988855 79887144752921 2387522000000 -7.661446 -5.516241 2.911349
1384186988965 79887255012930 2387632000000 -7.661446 -3.217807 6.435614
1384186989080 79887369545401 2387742000000 -3.064578 1.991976 8.734048
1384186989181 79887471138419 2387852000000 -3.830723 5.516241 8.887277
1384186989307 79887596474112 2387962000000 -5.209783 3.983952 8.121132
1384186989406 79887695228995 2388072000000 -5.822699 2.298434 7.967903
1384186989516 79887806007803 2388182000000 -5.975927 2.604892 7.354988
1384186989629 79887918739737 2388292000000 -5.822699 3.064578 8.274362
1384186989739 79888028480948 2388402000000 -5.669470 3.064578 8.274362
1384186989836 79888126076163 2388512000000 -4.750096 3.830723 7.661446
