1387361388234 577672254439260 1245751000000 9.193734 -2.758120 4.137181
1387361388354 577672374312307 1245861000000 9.040505 -3.064578 3.677494
1387361388454 577672474318411 1245971000000 9.040505 -3.064578 4.903325
1387361388607 577672626875784 1246081000000 10.572795 -3.064578 11.185710
1387361388681 577672700575735 1246191000000 11.645397 -4.137181 11.185710
1387361388804 577672824110891 1246301000000 11.032481 -2.758120 9.040505
1387361388918 577672938185598 1246411000000 6.742072 -2.298434 4.903325
1387361389029 577673048720266 1246521000000 1.072602 -0.153229 2.758120
1387361389115 577673134932424 1246631000000 0.000000 1.838747 7.814674
1387361389244 577673264326955 1246741000000 0.612916 4.137181 10.266337
1387361389356 577673375685598 1246851000000 0.919373 4.443638 9.959879
1387361389467 577673486861135 1246961000000 1.532289 1.838747 8.887277
1387361389559 577673579024221 1247071000000 1.379060 1.225831 9.806650
1387361389670 577673689986135 1247181000000 0.766145 -0.459687 11.032481
1387361389789 577673808974172 1247291000000 0.306458 -1.379060 10.572795
1387361389900 577673920546438 1247401000000 -1.072602 -1.379060 9.653421
1387361390012 577674031966116 1247511000000 -1.225831 -0.766145 9.653421
1387361390123 577674143141653 1247621000000 -1.225831 -0.306458 10.266337
1387361390234 577674254317190 1247731000000 -1.532289 0.153229 9.806650
1387361390345 577674365553762 1247841000000 -1.225831 0.306458 10.266337
1387361390442 577674461806204 1247951000000 3.677494 0.919373 10.419566
1387361390553 577674573012258 1248061000000 2.604892 0.459687 11.338940
1387361390679 577674698744680 1248171000000 -0.766145 0.306458 9.959879
