1385109694923 89769376550150 484742000000 -1.991976 -0.306458 9.500193
1385109695030 89769483910990 484852000000 -2.298434 -0.153229 9.500193
1385109695144 89769597100687 484962000000 -3.064578 -1.072602 7.201759
1385109695257 89769710687113 485072000000 -2.145205 -2.758120 -0.153229
1385109695373 89769826745463 485182000000 5.822699 -3.371036 -1.379060
1385109695460 89769913293314 485292000000 17.621325 -1.838747 7.048530
1385109695573 89770026452494 485402000000 22.064962 -5.516241 19.153614
1385109695686 89770139306498 485512000000 17.161638 -4.443638 18.234240
1385109695799 89770252099467 485622000000 21.605276 -6.895301 7.814674
1385109695913 89770366906595 485732000000 9.653421 -1.532289 -0.919373
1385109696027 89770480126810 485842000000 -0.153229 1.685518 -0.306458
1385109696139 89770592126322 485952000000 -3.217807 1.685518 5.056554
1385109696252 89770705804301 486062000000 -3.064578 0.153229 8.734048
1385109696340 89770793725443 486172000000 -2.604892 0.153229 10.113108
1385109696454 89770907128763 486282000000 0.612916 -7.354988 28.040890
1385109696569 89771022057963 486392000000 -1.991976 0.766145 10.879252
1385109696684 89771137139750 486502000000 -2.145205 0.766145 10.266337
