1384187446827 80345116646231 2845502000000 3.217807 -0.919373 9.193734
1384187446939 80345228920401 2845612000000 4.137181 -1.532289 10.879252
1384187447050 80345340095938 2845722000000 3.371036 0.153229 20.839132
1384187447162 80345451332510 2845832000000 1.685518 2.451663 16.395493
1384187447273 80345562599600 2845942000000 2.604892 -2.145205 0.919373
1384187447376 80345665230216 2846052000000 0.766145 -1.838747 -1.991976
1384187447488 80345777321280 2846162000000 -1.532289 -2.604892 0.612916
1384187447597 80345887062491 2846272000000 0.153229 -0.919373 7.661446
1384187447709 80345998970450 2846382000000 3.371036 1.991976 17.468096
1384187447821 80346110359610 2846492000000 6.282385 5.516241 14.709975
1384187447932 80346221443594 2846602000000 5.516241 3.830723 11.645397
1384187448043 80346332710684 2846712000000 3.371036 -0.612916 9.653421
1384187448155 80346444496573 2846822000000 2.604892 -0.612916 9.500193
1384187448266 80346555763663 2846932000000 2.911349 -1.072602 9.346964
1384187448377 80346666572989 2847042000000 2.298434 -0.612916 9.346964
1384187448489 80346778297842 2847152000000 2.758120 -0.612916 9.653421
1384187448596 80346885811270 2847262000000 2.604892 -0.153229 9.346964
1384187448721 80347010506094 2847372000000 2.911349 -1.379060 9.806650
1384187448807 80347096565665 2847482000000 2.911349 -1.072602 9.500193
1384187448918 80347207527579 2847592000000 3.983952 -0.919373 9.806650
1384187449029 80347318947256 2847702000000 4.443638 -0.459687 8.274362
1384187449141 80347430275382 2847812000000 3.371036 -0.612916 9.653421
1384187449262 80347551674307 2847922000000 1.991976 -2.758120 9.653421
1384187449373 80347662727774 2848032000000 0.306458 -3.524265 10.113108
1384187449484 80347774055899 2848142000000 1.225831 -2.451663 9.653421
1384187449596 80347885384024 2848252000000 2.758120 -1.532289 9.653421
1384187449682 80347971443594 2848362000000 3.677494 -1.225831 9.806650
1384187449793 80348082771719 2848472000000 4.137181 -0.919373 9.500193
1384187449911 80348200508536 2848582000000 3.064578 -0.459687 9.653421
1384187450022 80348312019766 2848692000000 3.983952 0.306458 9.959879
1384187450134 80348424812735 2848802000000 2.298434 -0.459687 9.500193
