1384187461602 80359891518057 2860262000000 3.830723 -1.532289 8.580819
1384187461713 80360002907218 2860372000000 4.137181 -1.379060 9.193734
1384187461824 80360114052237 2860482000000 3.217807 -0.612916 7.354988
1384187461936 80360225319327 2860592000000 4.750096 -2.604892 13.177687
1384187462022 80360311500967 2860702000000 7.661446 1.225831 23.750481
1384187462158 80360447853507 2860812000000 5.363012 -0.459687 13.330915
1384187462263 80360552742422 2860922000000 1.225831 -0.459687 -0.459687
1384187462375 80360664253653 2861032000000 -0.153229 -0.612916 -4.137181
1384187462486 80360775734366 2861142000000 -1.991976 -2.911349 0.000000
1384187462572 80360861580313 2861252000000 -1.225831 -3.983952 10.113108
1384187462683 80360972725333 2861362000000 3.677494 -2.604892 16.395493
1384187462795 80361084297598 2861472000000 7.354988 1.379060 15.629349
1384187462917 80361206612051 2861582000000 5.363012 1.379060 13.177687
1384187463028 80361317726553 2861692000000 3.064578 -1.532289 9.193734
1384187463139 80361429115713 2861802000000 3.217807 -2.758120 9.346964
1384187463252 80361541572989 2861912000000 3.064578 -2.145205 9.500193
1384187463363 80361652809561 2862022000000 3.983952 -1.532289 8.734048
1384187463472 80361762093008 2862132000000 3.524265 -2.145205 9.806650
1384187463572 80361861458243 2862242000000 2.911349 -2.451663 8.887277
