1384187483492 80381781746329 2882162000000 2.758120 -0.766145 5.516241
1384187483603 80381892830313 2882272000000 5.209783 -2.604892 9.346964
1384187483715 80382004219473 2882382000000 3.983952 -2.145205 13.484144
1384187483823 80382112831534 2882492000000 9.193734 0.153229 22.677879
1384187483939 80382229042471 2882602000000 3.830723 -1.379060 13.330915
1384187484050 80382339577139 2882712000000 1.991976 -1.532289 2.451663
1384187484162 80382451515616 2882822000000 -0.766145 -1.072602 -3.217807
1384187484273 80382562874259 2882932000000 -2.451663 -0.766145 -0.459687
1384187484384 80382674019278 2883042000000 -2.298434 -5.363012 6.282385
1384187484492 80382781776846 2883152000000 3.217807 -4.443638 15.476120
1384187484603 80382893135489 2883262000000 7.201759 0.459687 15.476120
1384187484716 80383005653799 2883372000000 4.750096 -1.379060 12.871228
1384187484803 80383092934073 2883482000000 3.677494 -2.758120 9.346964
1384187484915 80383205055655 2883592000000 2.911349 -3.217807 8.734048
1384187485028 80383317604483 2883702000000 2.911349 -4.443638 9.040505
1384187485139 80383428841055 2883812000000 3.064578 -3.217807 8.887277
1384187485250 80383540077628 2883922000000 2.911349 -3.677494 9.193734
1384187485362 80383651314200 2884032000000 3.064578 -2.911349 9.959879
1384187485479 80383769081534 2884142000000 2.911349 -3.217807 9.040505
