1384267098082 113972005520852 4147726000000 1.991976 -0.766145 9.806650
1384267098181 113972104397805 4147836000000 1.685518 -0.612916 9.346964
1384267098293 113972216153176 4147946000000 0.612916 -3.064578 9.959879
1384267098424 113972347317727 4148056000000 0.919373 -7.814674 9.806650
1384267098511 113972434262307 4148166000000 3.371036 -4.903325 9.500193
1384267098637 113972560483010 4148276000000 6.129157 -1.838747 8.580819
1384267098737 113972660489114 4148386000000 6.129157 1.838747 9.193734
1384267098852 113972775662454 4148496000000 3.983952 1.685518 9.500193
1384267098949 113972872128518 4148606000000 2.911349 -0.153229 9.959879
1384267099076 113972999142678 4148716000000 3.064578 -0.306458 10.266337
1384267099187 113973110501321 4148826000000 3.524265 -1.532289 9.806650
1384267099294 113973217984231 4148936000000 2.911349 -2.451663 9.806650
1384267099393 113973316189798 4149046000000 2.451663 -1.225831 9.500193
