1384267101160 113975083066018 4150796000000 2.451663 -0.459687 9.806650
1384267101260 113975183804544 4150906000000 2.451663 -0.919373 9.806650
1384267101361 113975284298928 4151016000000 1.838747 -3.064578 10.113108
1384267101486 113975409298928 4151126000000 1.379060 -6.129157 10.113108
1384267101597 113975520474465 4151236000000 2.451663 -6.895301 8.887277
1384267101695 113975618069680 4151346000000 5.209783 -4.443638 8.734048
1384267101822 113975745266946 4151456000000 7.201759 0.000000 8.887277
1384267101922 113975845486673 4151566000000 6.282385 2.911349 9.193734
1384267102023 113975946927102 4151676000000 4.290410 1.072602 9.500193
1384267102149 113976072964700 4151786000000 3.371036 -0.153229 9.653421
1384267102254 113976177914651 4151896000000 2.911349 -0.766145 10.113108
1384267102358 113976281704934 4152006000000 3.064578 -2.451663 9.959879
