1384187535752 80434041572989 2934422000000 -6.895301 2.451663 5.822699
1384187535863 80434152504385 2934532000000 -7.354988 3.064578 6.282385
1384187535975 80434264931143 2934642000000 -10.572795 1.072602 8.427590
1384187536097 80434387001456 2934752000000 -6.742072 -3.524265 9.040505
1384187536183 80434472420157 2934862000000 0.766145 -1.379060 5.209783
1384187536293 80434582924307 2934972000000 2.604892 6.435614 3.677494
1384187536418 80434707466544 2935082000000 5.056554 16.395493 9.346964
1384187536514 80434803749503 2935192000000 1.685518 10.572795 10.266337
1384187536625 80434915047110 2935302000000 2.758120 -1.991976 6.129157
1384187536737 80435026405753 2935412000000 -0.612916 -9.193734 11.645397
1384187536848 80435137367667 2935522000000 1.225831 -5.669470 15.629349
1384187536959 80435248665274 2935632000000 4.137181 -3.064578 14.250289
1384187537070 80435360176505 2935742000000 7.508216 3.064578 9.959879
1384187537182 80435471260489 2935852000000 6.282385 2.604892 8.887277
1384187537292 80435581825675 2935962000000 3.830723 -0.153229 9.040505
1384187537404 80435693733633 2936072000000 2.911349 -0.766145 9.959879
1384187537516 80435805336417 2936182000000 3.064578 -1.072602 9.959879
1384187537627 80435916572989 2936292000000 2.758120 -1.991976 9.040505
1384187537724 80436013801993 2936402000000 3.064578 -1.379060 9.346964
1384187537842 80436131233633 2936512000000 3.064578 -1.379060 9.500193
1384187537953 80436242561759 2936622000000 3.371036 -0.153229 9.040505
1384187538064 80436353737296 2936732000000 3.524265 -2.911349 9.500193
1384187538185 80436474678458 2936842000000 2.911349 -1.379060 9.193734
