1384187578664 80476953529776 2977332000000 -7.201759 2.911349 6.129157
1384187578781 80477070961417 2977442000000 -7.354988 2.911349 6.282385
1384187578892 80477182075919 2977552000000 -8.580819 0.612916 9.500193
1384187578991 80477280830801 2977662000000 -7.661446 -3.064578 9.040505
1384187579112 80477402046622 2977772000000 -4.443638 -0.612916 5.056554
1384187579247 80477537086905 2977882000000 1.072602 2.911349 5.822699
1384187579333 80477623146475 2977992000000 3.524265 6.895301 3.983952
1384187579445 80477734291495 2978102000000 4.596867 10.113108 5.822699
1384187579556 80477845558585 2978212000000 2.911349 9.959879 8.121132
1384187579667 80477957069815 2978322000000 2.145205 -0.766145 9.806650
1384187579778 80478068123282 2978432000000 -0.612916 -6.742072 8.580819
1384187579865 80478154457510 2978542000000 1.838747 -9.959879 10.879252
1384187579976 80478266029776 2978652000000 4.137181 -7.967903 11.798626
1384187580087 80478376991690 2978762000000 5.209783 -1.532289 9.653421
1384187580206 80478495735587 2978872000000 10.113108 0.612916 9.040505
1384187580321 80478610786856 2978982000000 5.669470 -0.612916 7.814674
1384187580432 80478722053946 2979092000000 3.217807 -2.298434 8.274362
1384187580529 80478818275870 2979202000000 2.604892 -2.758120 8.887277
1384187580645 80478934517325 2979312000000 3.371036 -2.604892 9.193734
1384187580757 80479047066153 2979422000000 4.290410 -2.758120 9.346964
1384187580865 80479154243887 2979532000000 3.217807 -2.298434 9.806650
1384187580968 80479257515372 2979642000000 2.604892 -1.838747 9.193734
