1387384427510 600711530470754 3139153000000 -0.306458 -0.153229 10.266337
1387384427622 600711642073538 3139263000000 -0.459687 -0.153229 8.887277
1387384427743 600711763136770 3139373000000 0.459687 -1.532289 4.137181
1387384427829 600711849562551 3139483000000 1.991976 -0.766145 2.911349
1387384427948 600711968031789 3139593000000 7.661446 0.153229 4.903325
1387384428060 600712080489065 3139703000000 14.250289 -4.137181 6.282385
1387384428160 600712180464651 3139813000000 15.169662 -3.677494 8.427590
1387384428273 600712292982961 3139923000000 12.105083 -3.217807 6.588843
1387384428384 600712404219534 3140033000000 10.726024 -3.983952 5.056554
1387384428495 600712515364553 3140143000000 10.572795 -4.903325 6.129157
1387384428608 600712627791311 3140253000000 13.637373 -3.217807 9.653421
1387384428718 600712738020803 3140363000000 12.411542 -1.991976 5.975927
1387384428833 600712852919485 3140473000000 8.274362 -0.306458 3.677494
1387384428944 600712964156057 3140583000000 2.911349 0.919373 4.443638
1387384429056 600713075636770 3140693000000 1.225831 2.145205 6.588843
1387384429152 600713172011282 3140803000000 0.919373 1.991976 8.427590
1387384429263 600713283003713 3140913000000 1.072602 1.991976 9.193734
1387384429374 600713394148733 3141023000000 1.685518 2.604892 9.653421
1387384429497 600713516859915 3141133000000 0.766145 3.064578 9.653421
