-0.07692308 -0.7307692 0.24
-0.07692308 -0.7307692 0.24
-0.07692308 -0.7307692 0.24
-0.07692308 -0.7307692 0.24
-0.07692308 -0.7307692 0.24
-0.07692308 -0.7307692 0.24
-0.07692308 -0.7307692 0.24
-0.07692308 -0.7307692 0.24
-0.07692308 -0.7307692 0.24
-0.07692308 -0.7307692 0.24
-0.07692308 -0.7307692 0.24
-0.07692308 -0.7307692 0.24
-0.03846154 -0.7307692 0.24
0 -0.7307692 0.2
0 -0.6923077 0.24
0 -0.6923077 0.24
0 -0.6923077 0.24
0 -0.7307692 0.24
-0.03846154 -0.7307692 0.24
-0.07692308 -0.7307692 0.24
-0.07692308 -0.7307692 0.24
-0.03846154 -0.7307692 0.24
-0.03846154 -0.7307692 0.2
0 -0.6923077 0.2
0 -0.6538461 0.2
0.03846154 -0.6538461 0.16
0.03846154 -0.6538461 0.16
0 -0.6153846 0.16
0 -0.6153846 0.16
0 -0.5769231 0.16
0 -0.5769231 0.16
0 -0.5 0.12
0.03846154 -0.4615385 0.12
0.07692308 -0.4230769 0.08
0.1153846 -0.3461539 0.08
0.1153846 -0.3076923 0.04
0.1153846 -0.2692308 0.04
0.07692308 -0.2692308 0.04
0.07692308 -0.2307692 0.04
0.07692308 -0.2307692 0
0.03846154 -0.1923077 0
0.03846154 -0.1538462 -0.04
0.07692308 -0.1153846 -0.04
0.07692308 -0.07692308 -0.04
0.07692308 -0.07692308 0
0.07692308 -0.03846154 0.04
0.07692308 0 0.12
0.07692308 0.07692308 0.16
0.07692308 0.1153846 0.2
0.07692308 0.1538462 0.32
0.1153846 0.1923077 0.4
0.1538462 0.2692308 0.48
0.1923077 0.3461539 0.6
0.1538462 0.4615385 0.88
0.1153846 0.4615385 1.04
0.1153846 0.4615385 1.12
0.1538462 0.5 1.2
0.1923077 0.5384616 1.28
0.2307692 0.6153846 1.44
0.2692308 0.6538461 1.6
0.2692308 0.6538461 1.8
0.2307692 0.6538461 2
0.1923077 0.6153846 2.24
0.1923077 0.5384616 2.4
0.1538462 0.5 2.48
0.1153846 0.4615385 2.44
0.07692308 0.4230769 2.4
0.07692308 0.3846154 2.32
0.07692308 0.3461539 2.24
0.07692308 0.3076923 2.16
