0.07692308 0.1538462 1.68
0.07692308 0.1538462 1.68
0 0.1538462 1.76
0 0.1538462 1.76
0 0.1538462 1.76
0 0.1538462 1.76
0 0.1538462 1.76
-0.07692308 0.1153846 1.88
-0.07692308 0.1153846 1.88
-0.07692308 0.1153846 1.88
-0.07692308 0.1153846 1.88
-0.07692308 0.1153846 1.88
-0.07692308 0.1153846 1.88
-0.07692308 0.1153846 1.88
-0.1538462 0.07692308 1.96
-0.2692308 0.03846154 2.04
-0.3461539 0.03846154 2.04
-0.4615385 0 2.08
-0.5769231 0 2.08
-0.6923077 -0.07692308 2.08
-0.8076923 -0.1153846 2.04
-0.8846154 -0.1538462 1.96
-0.9615384 -0.1538462 1.88
-1 -0.1153846 1.88
-1.076923 -0.07692308 1.88
-1.192308 -0.07692308 1.88
-1.307692 -0.1153846 1.88
-1.423077 -0.1923077 1.88
-1.423077 0.2692308 1.56
-1.307692 0.3461539 1.44
-1.269231 0.4230769 1.28
-1.230769 0.5 1.08
-1.115385 0.5384616 0.84
-1.038462 0.5769231 0.64
-0.9615384 0.6153846 0.48
-0.9230769 0.5769231 0.32
-0.8846154 0.5 0.24
-0.9230769 0.4230769 0.16
-0.9230769 0.3846154 0.08
-0.8846154 0.3461539 0
-0.8461539 0.3461539 -0.08
-0.8076923 0.3461539 -0.16
-0.7692308 0.3461539 -0.2
-0.6923077 0.3846154 -0.24
-0.6538461 0.3846154 -0.28
-0.5769231 0.3461539 -0.32
-0.5384616 0.3461539 -0.32
-0.5 0.3076923 -0.32
-0.4230769 0.3076923 -0.32
-0.3461539 0.3076923 -0.36
-0.2692308 0.2692308 -0.36
-0.1923077 0.2692308 -0.36
-0.1153846 0.2692308 -0.4
-0.1153846 0.2307692 -0.36
-0.1153846 0.1923077 -0.4
-0.1153846 0.1538462 -0.4
-0.1538462 0.1538462 -0.36
-0.1538462 0.1923077 -0.36
-0.07692308 0.2307692 -0.28
-0.03846154 0.2692308 -0.24
0.03846154 0.3461539 -0.2
0.1153846 0.3461539 -0.16
0.1923077 0.3461539 -0.12
0.1923077 0.3076923 -0.08
0.1923077 0.3076923 0.04
0.1923077 0.3076923 0.08
0.2692308 0.2692308 0.16
0.3461539 0.2692308 0.28
0.3461539 0.3076923 0.44
0.3846154 0.3076923 0.6
0.3846154 0.3846154 0.72
0.4230769 0.4615385 0.88
0.5 0.5 1.04
0.5 0.5 1.2
0.5384616 0.5384616 1.36
0.5384616 0.5769231 1.48
0.5384616 0.6153846 1.6
0.5384616 0.6153846 1.8
0.5384616 0.6153846 2.04
0.5 0.6153846 2.24
0.4615385 0.6153846 2.36
0.3461539 0.6153846 2.48
0.1923077 0.5769231 2.56
0.03846154 0.5 2.6
-0.1153846 0.4230769 2.64
-0.2692308 0.3461539 2.68
-0.3846154 0.3076923 2.72
-0.5 0.2692308 2.68
-0.6923077 0.2307692 2.64
-0.8461539 0.1923077 2.52
-1 0.1538462 2.4
-1.230769 0.1153846 2.36
-1.346154 0.1153846 2.24
-1.384615 0.07692308 2.2
-1.423077 0.1153846 2.08
-1.5 0.1538462 2
-1.576923 0.1923077 1.88
-1.692308 0.1538462 1.76
-1.769231 0.1153846 1.64
-1.807692 0.07692308 1.52
