0.07692308 0.2307692 1
0.07692308 0.2307692 1
0.07692308 0.2307692 1
0.07692308 0.2307692 1
0.07692308 0.2307692 1
0.07692308 0.2307692 1
0.1153846 0.2307692 1.04
0.1153846 0.2307692 1.04
0.1153846 0.2307692 1.04
0.1153846 0.2307692 1.04
0.1153846 0.2692308 1.08
0.1153846 0.2692308 1.08
0.1153846 0.2692308 1.08
0.1153846 0.2692308 1.08
0.1153846 0.2692308 1.08
0.1153846 0.2692308 1.08
0.1153846 0.2692308 1.08
0.1153846 0.2692308 1.08
0.1153846 0.2692308 1.08
0.1538462 0.2692308 1.04
0.1153846 0.2692308 1.04
0.07692308 0.2307692 1.04
0.07692308 0.1923077 1.04
0.07692308 0.1923077 1.04
0.07692308 0.1923077 1.16
0.07692308 0.1923077 1.08
0.07692308 0.1923077 1.08
0.07692308 0.1923077 1.08
0.07692308 0.1923077 1.08
0.03846154 0.1923077 1.08
0.07692308 0.1923077 1.08
0.07692308 0.1923077 1.12
0.07692308 0.1923077 1.12
0.07692308 0.1923077 1.12
0.07692308 0.1923077 1.12
0.07692308 0.1923077 1.12
0.07692308 0.1923077 1.12
0.07692308 0.1923077 1.12
0.07692308 0.1923077 1.12
0.07692308 0.1923077 1.16
0.07692308 0.1923077 1.16
0.07692308 0.1923077 1.16
0.07692308 0.1923077 1.2
0.07692308 0.1538462 1.28
0.07692308 0.1538462 1.32
0.07692308 0.1153846 1.36
0.07692308 0.1153846 1.44
0.03846154 0.1153846 1.52
0.03846154 0.07692308 1.56
0.07692308 0.07692308 1.64
0.03846154 0.07692308 1.72
0 0.07692308 1.8
-0.03846154 0.07692308 1.88
-0.03846154 0.07692308 1.96
-0.03846154 0.1153846 2.04
0 0.1538462 2.08
0.03846154 0.1923077 2.12
0.03846154 0.2692308 2.12
0.07692308 0.3076923 2.08
0.07692308 0.3461539 2.08
0.1153846 0.3461539 2.04
0.1153846 0.3846154 2
0.1153846 0.4615385 1.96
0.1153846 0.5 1.84
0.1153846 0.5 1.76
0.07692308 0.5 1.64
0.03846154 0.4615385 1.56
0.07692308 0.5 1.48
0.07692308 0.5 1.36
0.07692308 0.5 1.24
0.07692308 0.4615385 1.12
0.07692308 0.4615385 1
0.1153846 0.4230769 0.92
0.1153846 0.3846154 0.76
0.1153846 0.3461539 0.64
0.07692308 0.3076923 0.48
0.03846154 0.2692308 0.36
0 0.1923077 0.24
0 0.1538462 0.16
-0.03846154 0.07692308 0.12
0 0.03846154 0.08
0.03846154 0 -0.04
0.03846154 -0.03846154 -0.12
0.07692308 -0.07692308 -0.24
0.07692308 -0.07692308 -0.28
0.07692308 -0.1538462 -0.32
0.07692308 -0.1923077 -0.36
0.03846154 -0.2307692 -0.36
0 -0.2692308 -0.36
-0.03846154 -0.3076923 -0.36
0 -0.3461539 -0.36
0 -0.3461539 -0.32
0.03846154 -0.3461539 -0.32
0.03846154 -0.3846154 -0.28
0.03846154 -0.3846154 -0.2
0.03846154 -0.4230769 -0.16
0 -0.3846154 -0.12
0 -0.3846154 -0.12
