0.4230769 0.1538462 0.56
0.4230769 0.1538462 0.56
0.4230769 0.1538462 0.56
0.4230769 0.1538462 0.56
0.4230769 0.1538462 0.56
0.4230769 0.1538462 0.56
0.4230769 0.1538462 0.56
0.5384616 0.2307692 0.64
0.5384616 0.2307692 0.64
0.5384616 0.2307692 0.64
0.5384616 0.2307692 0.64
0.5384616 0.2307692 0.64
0.5384616 0.2307692 0.64
0.5384616 0.2307692 0.64
0.5769231 0.2692308 0.76
0.5769231 0.2692308 0.84
0.5384616 0.2692308 0.96
0.5 0.2692308 1.08
0.3846154 0.2307692 1.2
0.3076923 0.1923077 1.28
0.2307692 0.1153846 1.36
0.1538462 0.07692308 1.48
0.1153846 0.03846154 1.56
0.03846154 0.03846154 1.64
-0.03846154 0 1.72
-0.1153846 -0.03846154 1.84
-0.1538462 -0.07692308 1.92
-0.2692308 -0.1153846 1.96
-0.3076923 -0.07692308 2
-0.3461539 -0.07692308 2.04
-0.4230769 -0.07692308 2.08
-0.5384616 -0.07692308 2.16
-0.6923077 -0.1153846 2.2
-0.8461539 -0.1923077 2.2
-0.9615384 -0.1923077 2.16
-1.038462 -0.1923077 2.08
-1.076923 -0.1923077 2.04
-1.153846 -0.1538462 1.96
-1.192308 -0.1538462 1.88
-1.230769 -0.1538462 1.76
-1.269231 -0.1538462 1.68
-1.269231 -0.1153846 1.56
-1.230769 -0.07692308 1.48
-1.192308 -0.03846154 1.4
-1.153846 0 1.32
-1.115385 0.03846154 1.24
-1.115385 0.07692308 1.16
-1.076923 0.1153846 1.12
-1.076923 0.1153846 1.04
-1 0.1153846 0.96
-0.9615384 0.1538462 0.84
-0.9615384 0.1538462 0.76
-0.9230769 0.1538462 0.68
-0.8846154 0.1538462 0.6
-0.8461539 0.1538462 0.52
-0.8076923 0.1923077 0.44
-0.7692308 0.2307692 0.36
-0.6923077 0.2307692 0.28
-0.6538461 0.2307692 0.2
-0.5769231 0.2692308 0.12
-0.5384616 0.2692308 0.08
-0.5 0.2692308 0
-0.4230769 0.2692308 -0.04
-0.3846154 0.2692308 -0.08
-0.3076923 0.2307692 -0.12
-0.2307692 0.1923077 -0.16
-0.1538462 0.1923077 -0.2
-0.07692308 0.1923077 -0.2
0.03846154 0.1923077 -0.24
0.07692308 0.1923077 -0.28
0.1538462 0.1923077 -0.32
0.1923077 0.1923077 -0.36
0.2307692 0.2307692 -0.36
0.2692308 0.2307692 -0.32
0.2307692 0.2307692 -0.32
0.2307692 0.1923077 -0.28
0.2307692 0.1923077 -0.2
0.2307692 0.1923077 -0.16
0.2692308 0.1923077 -0.12
0.3076923 0.2307692 -0.08
0.3461539 0.2692308 -0.04
0.3846154 0.2692308 0.04
0.3846154 0.3076923 0.16
0.4230769 0.3461539 0.32
0.3846154 0.3461539 0.48
0.3461539 0.3846154 0.6
0.2692308 0.3846154 0.72
0.1923077 0.3846154 0.88
0.1153846 0.3461539 1
0.07692308 0.3461539 1.16
0.03846154 0.3076923 1.28
0 0.2692308 1.4
-0.03846154 0.2692308 1.52
-0.07692308 0.2307692 1.64
-0.1153846 0.2307692 1.76
-0.1153846 0.2307692 1.84
-0.1153846 0.2307692 1.92
-0.1153846 0.2307692 2.04
-0.1538462 0.2692308 2.12
-0.2307692 0.2307692 2.2
-0.3461539 0.1538462 2.32
-0.4615385 0.1153846 2.36
-0.5384616 0.1153846 2.36
-0.5384616 0.1538462 2.32
-0.5769231 0.1923077 2.32
-0.6153846 0.2307692 2.32
-0.6923077 0.2307692 2.32
-0.8076923 0.2307692 2.24
-0.9615384 0.1923077 2.12
-1.038462 0.1923077 2.04
-1.269231 0.1923077 1.96
-1.346154 0.1923077 1.92
-1.461538 0.1923077 1.84
-1.538462 0.2307692 1.72
-1.576923 0.2692308 1.52
-1.615385 0.2692308 1.4
-1.653846 0.2307692 1.44
-1.653846 0.1923077 1.4
-1.692308 0.1923077 1.36
-1.653846 0.1923077 1.28
-1.615385 0.1538462 1.2
