0.1538462 0.1538462 0.96
0.1538462 0.1538462 0.96
0.1538462 0.1538462 0.96
0.1538462 0.1538462 0.96
0.1538462 0.1538462 0.96
0.1153846 0.1538462 1
0.1153846 0.1538462 1
0.1153846 0.1538462 1
0.1153846 0.1538462 1
0.1153846 0.1538462 1
0.1153846 0.1538462 1
0.1153846 0.1538462 1
0.1153846 0.1538462 1
0.1153846 0.1538462 1.04
0.1153846 0.1538462 1.04
0.1538462 0.1538462 1.08
0.1538462 0.1538462 1.08
0.1538462 0.1538462 1.12
0.1538462 0.1538462 1.12
0.1538462 0.1538462 1.16
0.1538462 0.1538462 1.2
0.1923077 0.1538462 1.2
0.1923077 0.1538462 1.24
0.2307692 0.1538462 1.28
0.2307692 0.1538462 1.32
0.2307692 0.1153846 1.36
0.2307692 0.1153846 1.44
0.2307692 0.07692308 1.52
0.2307692 0.07692308 1.56
0.2692308 0.03846154 1.56
0.3461539 0.03846154 1.6
0.3461539 0.07692308 1.64
0.3846154 0.07692308 1.76
0.3461539 0.07692308 1.84
0.3076923 0.07692308 1.96
0.2692308 0.07692308 2.04
0.2692308 0.07692308 2.12
0.2692308 0.07692308 2.16
0.2692308 0.1153846 2.16
0.2692308 0.1153846 2.04
0.2307692 0.1538462 1.92
0.1923077 0.1538462 1.8
0.1538462 0.1538462 1.72
0.1153846 0.1538462 1.6
0.07692308 0.1923077 1.52
0.03846154 0.1923077 1.36
0.03846154 0.1923077 1.24
0.03846154 0.2307692 1.08
0.03846154 0.2692308 0.92
0.07692308 0.2692308 0.76
0.07692308 0.3076923 0.64
0.07692308 0.2692308 0.56
0.07692308 0.2692308 0.48
0.07692308 0.2692308 0.36
0.03846154 0.2307692 0.24
0.03846154 0.2307692 0.12
0 0.1923077 0
0 0.1923077 -0.08
0.03846154 0.1538462 -0.12
0.03846154 0.1153846 -0.12
0.07692308 0.1153846 -0.08
0.07692308 0.07692308 -0.08
0.07692308 0.03846154 -0.08
0.07692308 0 -0.04
0.07692308 -0.03846154 0
0.07692308 -0.07692308 0.08
0.03846154 -0.1153846 0.16
0 -0.1538462 0.24
-0.03846154 -0.1923077 0.32
-0.1153846 -0.2692308 0.44
-0.1538462 -0.2692308 0.56
-0.2307692 -0.2692308 0.64
-0.2307692 -0.3076923 0.68
-0.2307692 -0.3076923 0.76
-0.3076923 -0.3076923 0.84
-0.3461539 -0.3461539 0.88
-0.4230769 -0.3846154 0.96
-0.5 -0.3846154 1
-0.5384616 -0.3846154 1
-0.5769231 -0.4230769 1
-0.6153846 -0.4615385 0.96
-0.6153846 -0.5 1
-0.6538461 -0.5 1
-0.6923077 -0.5 1
-0.7307692 -0.5 0.96
-0.7307692 -0.5 0.92
-0.7692308 -0.4230769 0.92
-0.8076923 -0.4230769 0.92
-0.8461539 -0.4230769 0.96
-0.8461539 -0.4230769 0.96
-0.8846154 -0.4230769 0.96
-0.8461539 -0.4230769 0.88
-0.7307692 -0.3846154 0.84
-0.6538461 -0.3076923 0.84
-0.5384616 -0.3076923 0.88
-0.4230769 -0.2692308 0.84
-0.2307692 -0.2307692 0.8
-0.07692308 -0.1923077 0.8
0.1153846 -0.1538462 0.8
0.3076923 -0.07692308 0.8
0.4615385 -0.03846154 0.84
0.5384616 0 0.92
0.6538461 0 1
0.7307692 0.03846154 1.08
0.8076923 0.03846154 1.16
0.8846154 0.07692308 1.2
0.9230769 0.03846154 1.24
0.8846154 0 1.24
0.8076923 -0.07692308 1.2
0.6923077 -0.1153846 1.12
0.6153846 -0.1923077 1.08
0.5384616 -0.2307692 1.04
0.4615385 -0.2307692 0.96
0.3846154 -0.2692308 0.92
0.3461539 -0.2692308 0.84
0.2692308 -0.2692308 0.8
0.2307692 -0.3076923 0.8
0.1923077 -0.3076923 0.76
0.1538462 -0.2692308 0.72
0.1538462 -0.2692308 0.64
0.1153846 -0.2692308 0.6
0.1153846 -0.2307692 0.56
0.07692308 -0.2307692 0.52
0.07692308 -0.2307692 0.48
0.03846154 -0.1923077 0.48
0.03846154 -0.1923077 0.44
0 -0.1538462 0.44
0 -0.1538462 0.44
-0.03846154 -0.1153846 0.4
-0.03846154 -0.1153846 0.4
0 -0.07692308 0.36
0 -0.03846154 0.32
0 -0.03846154 0.28
0 0 0.28
0.03846154 0 0.28
0.03846154 0.03846154 0.32
0.03846154 0.07692308 0.36
0.03846154 0.07692308 0.36
0.03846154 0.1153846 0.32
0.07692308 0.1153846 0.28
0.03846154 0.1153846 0.24
0.03846154 0.1538462 0.16
0.03846154 0.1538462 0.08
0 0.1923077 0.04
0 0.1923077 0.12
0 0.2307692 0.36
-0.03846154 0.2692308 0.6
-0.1923077 0.2307692 1.16
-0.2307692 0.1923077 1.44
-0.2692308 0.1538462 1.68
-0.2307692 0.1538462 1.84
-0.1923077 0.1538462 2
-0.1538462 0.1923077 2.08
-0.1538462 0.2307692 2.16
-0.1538462 0.2307692 2.24
-0.1538462 0.1923077 2.32
-0.1538462 0.1153846 2.32
-0.1538462 0.1153846 2.28
-0.1153846 0.1153846 2.2
-0.07692308 0.1538462 2.12
0 0.1538462 2.04
0.07692308 0.1923077 1.96
0.1153846 0.1923077 1.84
0.1923077 0.1923077 1.72
0.2307692 0.1923077 1.6
0.2692308 0.2307692 1.52
0.3076923 0.2307692 1.4
0.3461539 0.2307692 1.32
0.3846154 0.2307692 1.24
0.4230769 0.2692308 1.2
0.4615385 0.2692308 1.12
0.5 0.3076923 1.08
0.5 0.2692308 1.04
0.5769231 0.3076923 1
0.6153846 0.3076923 1
0.6153846 0.3076923 0.96
0.6538461 0.3076923 0.92
0.6923077 0.3076923 0.92
0.6923077 0.2692308 0.88
0.6923077 0.2692308 0.84
0.6923077 0.3076923 0.84
0.6923077 0.3076923 0.76
0.6923077 0.3076923 0.76
0.6923077 0.3461539 0.68
0.6923077 0.3461539 0.64
0.6538461 0.3846154 0.6
0.6153846 0.4230769 0.56
0.5384616 0.4615385 0.52
0.5 0.5 0.52
0.3846154 0.5 0.56
0.2692308 0.5384616 0.6
0.1538462 0.5384616 0.68
0.03846154 0.5384616 0.8
-0.07692308 0.5 0.92
-0.2307692 0.4615385 1.04
-0.5 0.3076923 1.28
-0.5384616 0.3076923 1.28
-0.5769231 0.2692308 1.28
-0.5769231 0.2692308 1.28
-0.5769231 0.2692308 1.28
-0.5769231 0.2692308 1.28
-0.5384616 0.2692308 1.32
-0.5 0.3076923 1.32
-0.4615385 0.3076923 1.32
-0.4615385 0.3076923 1.36
