-0.1538462 -0.1538462 0.6
-0.1538462 -0.1538462 0.6
-0.1538462 -0.1538462 0.6
-0.1538462 -0.1538462 0.6
-0.1538462 -0.1538462 0.6
-0.1538462 -0.1538462 0.6
-0.1538462 -0.1538462 0.6
-0.1538462 -0.1538462 0.6
-0.1538462 -0.1538462 0.6
-0.1538462 -0.1538462 0.6
-0.1538462 -0.1538462 0.6
-0.1538462 -0.1538462 0.6
-0.2307692 -0.1538462 0.68
-0.3076923 -0.1538462 0.76
-0.3461539 -0.1153846 0.92
-0.3461539 -0.1153846 1.12
-0.3076923 -0.07692308 1.32
-0.2692308 -0.07692308 1.52
-0.1923077 -0.03846154 1.68
-0.1153846 0 1.72
-0.03846154 0 1.76
0.03846154 0 1.8
0.07692308 0 1.88
0.1538462 0 1.92
0.2307692 0 2
0.3076923 0.03846154 2.08
0.4230769 0.07692308 2.2
0.5384616 0.1538462 2.24
0.6923077 0.2307692 2.28
0.9230769 0.3076923 2.28
1.115385 0.4230769 2.28
1.230769 0.5 2.24
1.346154 0.5769231 2.12
1.423077 0.5769231 2.04
1.461538 0.6153846 1.96
1.5 0.6538461 1.8
1.538462 0.6538461 1.64
1.538462 0.6923077 1.52
1.538462 0.6923077 1.36
1.538462 0.7692308 1.2
1.538462 0.7692308 1
1.5 0.8076923 0.84
1.423077 0.7692308 0.72
1.307692 0.7307692 0.64
1.192308 0.6538461 0.52
1.076923 0.6153846 0.44
1 0.6153846 0.32
0.9615384 0.6538461 0.2
0.9230769 0.6538461 0.08
0.8846154 0.6538461 0
0.8076923 0.6538461 -0.08
0.7307692 0.6538461 -0.16
0.6153846 0.6153846 -0.24
0.5 0.5769231 -0.28
0.3846154 0.5384616 -0.32
0.2692308 0.4615385 -0.36
0.1923077 0.4230769 -0.4
0.07692308 0.4230769 -0.4
0.03846154 0.3846154 -0.44
-0.03846154 0.3846154 -0.48
-0.1153846 0.3461539 -0.52
-0.1923077 0.3076923 -0.52
-0.2692308 0.2692308 -0.56
-0.3076923 0.2307692 -0.56
-0.3846154 0.1923077 -0.56
-0.3846154 0.2307692 -0.56
-0.3846154 0.2692308 -0.52
-0.4230769 0.3076923 -0.48
-0.4615385 0.3076923 -0.4
-0.5384616 0.3076923 -0.32
-0.6153846 0.3461539 -0.24
-0.6923077 0.3461539 -0.12
-0.7307692 0.3461539 0.04
-0.8076923 0.3461539 0.16
-0.8846154 0.3461539 0.28
-0.9615384 0.3461539 0.36
-0.9615384 0.3461539 0.44
-1 0.4615385 0.56
-1 0.5384616 0.68
-1.038462 0.5769231 0.88
-1.076923 0.6153846 1.08
-1.115385 0.6153846 1.28
-1.115385 0.6538461 1.44
-1.153846 0.6538461 1.6
-1.153846 0.6538461 1.84
-1.153846 0.5384616 2.08
-1.153846 0.4615385 2.28
-1.153846 0.3846154 2.4
-1.076923 0.3461539 2.48
-0.9615384 0.3461539 2.48
-0.7307692 0.4615385 2.52
-0.4615385 0.5384616 2.6
-0.2692308 0.6538461 2.64
-0.07692308 0.6923077 2.56
