0.1153846 -0.1153846 0.84
0.1153846 -0.1153846 0.84
0.1153846 -0.1153846 0.84
0.1153846 -0.1153846 0.84
0.1153846 -0.1153846 0.84
0.1153846 -0.1153846 0.84
0.1153846 -0.1153846 0.84
0.1153846 -0.1153846 0.84
0.1153846 -0.1153846 0.84
0.1153846 -0.07692308 0.88
0.1153846 -0.07692308 0.88
0.1538462 -0.1153846 0.96
0.1538462 -0.1153846 0.96
0.1923077 -0.07692308 1
0.2692308 -0.03846154 1.08
0.3076923 0 1.16
0.3461539 0 1.24
0.3846154 0 1.32
0.3076923 -0.03846154 1.44
0.1923077 -0.07692308 1.56
0.07692308 -0.1153846 1.68
-0.07692308 -0.1538462 1.88
-0.1923077 -0.1923077 2
-0.2692308 -0.2307692 2.08
-0.3461539 -0.2692308 2.12
-0.3846154 -0.2692308 2.12
-0.4230769 -0.2692308 2.08
-0.4230769 -0.2692308 2.08
-0.4615385 -0.3076923 2
-0.5769231 -0.2692308 2
-0.7307692 -0.2692308 1.96
-0.8846154 -0.2692308 1.96
-1.076923 -0.2692308 1.92
-1.230769 -0.3076923 1.84
-1.346154 -0.3076923 1.72
-1.384615 -0.3076923 1.56
-1.346154 -0.2307692 1.44
-1.346154 -0.03846154 1.28
-1.384615 0 1.16
-1.384615 0 1.04
-1.384615 0.03846154 0.92
-1.384615 0.07692308 0.76
-1.346154 0.07692308 0.64
-1.307692 0.1538462 0.56
-1.269231 0.1923077 0.44
-1.230769 0.2692308 0.36
-1.153846 0.3076923 0.28
-1 0.3461539 0.2
-0.8846154 0.3846154 0.12
-0.8076923 0.4230769 0.08
-0.6923077 0.4615385 0
-0.6153846 0.4615385 -0.12
-0.5769231 0.4230769 -0.2
-0.5769231 0.3846154 -0.24
-0.5769231 0.3461539 -0.28
-0.5384616 0.3461539 -0.32
-0.5 0.3461539 -0.36
-0.4615385 0.3461539 -0.4
-0.3461539 0.3461539 -0.44
-0.2692308 0.3846154 -0.48
-0.2307692 0.3846154 -0.48
-0.1538462 0.3461539 -0.48
-0.1538462 0.3461539 -0.44
-0.1153846 0.3461539 -0.36
-0.03846154 0.3846154 -0.32
0.03846154 0.3846154 -0.28
0.07692308 0.3846154 -0.28
0.1153846 0.3461539 -0.24
0.1153846 0.2692308 -0.2
0.1153846 0.2692308 -0.16
0.07692308 0.1923077 -0.08
0.07692308 0.1538462 -0.04
0.07692308 0.1538462 0.04
0.07692308 0.1538462 0.16
0.07692308 0.07692308 0.24
0.1538462 0.07692308 0.36
0.1923077 0.1153846 0.48
0.2307692 0.1538462 0.56
0.2692308 0.1923077 0.64
0.3461539 0.2307692 0.76
0.3461539 0.2692308 0.96
0.3076923 0.2692308 1.2
0.1538462 0.2307692 1.4
0 0.1538462 1.52
-0.1538462 0.1153846 1.6
-0.2307692 0.03846154 1.64
-0.2307692 0.03846154 1.72
-0.1538462 0.03846154 1.84
-0.1538462 0.1153846 1.92
-0.1153846 0.1153846 2
-0.1923077 0.1153846 2.08
-0.3461539 0.1153846 2.2
-0.5 0.07692308 2.24
-0.6923077 0.03846154 2.24
-0.8846154 0.03846154 2.24
-1.038462 0 2.24
-1.153846 -0.07692308 2.24
-1.269231 -0.07692308 2.28
-1.269231 -0.03846154 2.24
-1.307692 0.07692308 2.16
-1.384615 0.1538462 2.08
-1.538462 0.1538462 2.08
-1.653846 0.1538462 2.04
-1.769231 0.1923077 2
-1.807692 0.2307692 1.88
-1.807692 0.3076923 1.8
-1.807692 0.3461539 1.68
-1.807692 0.3461539 1.56
-1.807692 0.3461539 1.44
-1.846154 0.3461539 1.36
-1.846154 0.3461539 1.28
-1.884615 0.3461539 1.24
-1.923077 0.3461539 1.24
-1.961538 0.3461539 1.28
-1.961538 0.3076923 1.24
-1.961538 0.3076923 1.12
-1.961538 0.2692308 1
-1.884615 0.2307692 0.92
