0.07692308 0.07692308 0.84
0.07692308 0.07692308 0.84
0.07692308 0.07692308 0.84
0.07692308 0.07692308 0.84
0.07692308 0.07692308 0.84
0.07692308 0.07692308 0.84
0.07692308 0.07692308 0.84
0.07692308 0.07692308 0.84
0.07692308 0.07692308 0.84
0.07692308 0.07692308 0.84
0.07692308 0.07692308 0.84
0.07692308 0.07692308 0.84
0.07692308 0.07692308 0.84
0.1153846 0.07692308 0.92
0.1153846 0.07692308 0.92
0.1538462 0.07692308 1
0.1538462 0.07692308 1.08
0.1923077 0.07692308 1.2
0.1923077 0.07692308 1.24
0.1923077 0.03846154 1.28
0.1923077 0.03846154 1.36
0.1923077 0 1.4
0.1923077 -0.03846154 1.44
0.1923077 -0.03846154 1.52
0.1923077 -0.03846154 1.56
0.2307692 -0.03846154 1.64
0.2307692 -0.03846154 1.72
0.2307692 -0.07692308 1.84
0.1923077 -0.03846154 1.96
0.1538462 -0.03846154 2.08
0.1153846 -0.03846154 2.2
0.1153846 0 2.24
0.1538462 0.03846154 2.24
0.1923077 0.07692308 2.24
0.2307692 0.1538462 2.24
0.1923077 0.1923077 2.24
0.1538462 0.3076923 2.24
0.1538462 0.3461539 2.2
0.1538462 0.3846154 2.08
0.1538462 0.4230769 1.96
0.1153846 0.4615385 1.8
0.07692308 0.4230769 1.64
0 0.4230769 1.48
0 0.3846154 1.32
-0.03846154 0.3846154 1.12
-0.03846154 0.3461539 0.88
-0.03846154 0.3461539 0.64
-0.03846154 0.3076923 0.44
-0.03846154 0.3076923 0.32
0 0.2307692 0.16
-0.03846154 0.1923077 0.04
-0.03846154 0.07692308 -0.08
-0.07692308 0.03846154 -0.2
-0.07692308 -0.03846154 -0.24
-0.07692308 -0.07692308 -0.28
-0.03846154 -0.1153846 -0.36
-0.03846154 -0.1538462 -0.36
-0.03846154 -0.2307692 -0.4
0 -0.2692308 -0.4
-0.03846154 -0.3076923 -0.4
-0.03846154 -0.3461539 -0.4
-0.03846154 -0.3846154 -0.36
0.03846154 -0.3846154 -0.36
0.07692308 -0.3846154 -0.32
0.07692308 -0.3846154 -0.28
0.1153846 -0.3846154 -0.28
0.1538462 -0.3846154 -0.24
0.1538462 -0.3846154 -0.2
