0 0.1923077 1.36
0 0.1923077 1.36
0 0.1923077 1.36
0 0.1923077 1.36
0 0.1923077 1.36
0 0.1923077 1.36
0 0.1923077 1.36
0 0.1923077 1.36
0 0.2307692 1.4
0 0.2307692 1.4
0.03846154 0.2692308 1.44
0.03846154 0.2692308 1.44
0.03846154 0.2692308 1.44
0.03846154 0.2692308 1.44
0.03846154 0.3076923 1.48
0.07692308 0.3076923 1.52
0.1153846 0.3461539 1.6
0.1923077 0.3846154 1.68
0.2307692 0.3846154 1.72
0.3076923 0.3846154 1.72
0.3461539 0.3846154 1.72
0.5 0.4230769 1.72
0.5769231 0.4230769 1.8
0.6923077 0.4615385 1.88
0.8076923 0.5 1.92
0.9230769 0.5384616 2
1 0.5769231 2.04
1.076923 0.6153846 2.04
1.153846 0.6923077 2
1.230769 0.7307692 1.88
1.269231 0.7692308 1.8
1.269231 0.7692308 1.64
1.269231 0.7307692 1.48
1.230769 0.7307692 1.32
1.192308 0.6923077 1.2
1.192308 0.6923077 1.08
1.192308 0.6923077 1
1.192308 0.6923077 0.92
1.192308 0.6923077 0.84
1.153846 0.7307692 0.76
1.115385 0.6923077 0.64
1.076923 0.6923077 0.52
1.038462 0.6923077 0.44
0.9230769 0.6538461 0.32
0.8461539 0.6153846 0.24
0.7692308 0.6153846 0.16
0.7307692 0.5769231 0.08
0.6923077 0.5384616 0
0.6538461 0.5 -0.08
0.6153846 0.4615385 -0.16
0.5384616 0.4615385 -0.2
0.5 0.4230769 -0.28
0.5 0.4230769 -0.32
0.4615385 0.3846154 -0.36
0.3846154 0.4230769 -0.4
0.3461539 0.3846154 -0.4
0.2692308 0.3846154 -0.4
0.1923077 0.3846154 -0.4
0.1153846 0.3846154 -0.36
-0.2692308 0.3076923 -0.36
-0.3846154 0.2692308 -0.28
-0.5 0.1923077 -0.28
-0.5769231 0.1923077 -0.24
-0.5769231 0.1923077 -0.2
-0.6153846 0.1923077 -0.16
-0.6153846 0.1923077 -0.12
-0.6538461 0.1923077 -0.04
-0.7692308 0.1923077 0.04
-0.8461539 0.1538462 0.12
-0.9230769 0.1923077 0.16
-1 0.2307692 0.28
-1.038462 0.2307692 0.4
-1.038462 0.3076923 0.48
-1 0.3461539 0.64
-1.038462 0.4230769 0.8
-1.076923 0.4230769 1
-1.115385 0.4230769 1.2
-1.153846 0.4230769 1.36
-1.192308 0.3846154 1.52
-1.269231 0.3076923 1.72
-1.307692 0.2692308 1.88
-1.269231 0.2307692 2.04
-1.192308 0.2307692 2.16
-1 0.2692308 2.24
-0.8076923 0.3461539 2.32
-0.5769231 0.3846154 2.4
-0.3846154 0.4615385 2.4
-0.1538462 0.5384616 2.28
0.03846154 0.6153846 2.2
0.2307692 0.6538461 2.12
0.3846154 0.7307692 2.04
0.5 0.7692308 1.96
0.6538461 0.8461539 1.88
0.7692308 0.8461539 1.8
0.8846154 0.9230769 1.72
