1384268933496 115807419735939 5983286000000 1.225831 -0.459687 10.113108
1384268933623 115807546444924 5983396000000 1.838747 -0.306458 10.113108
1384268933725 115807648343117 5983506000000 2.604892 2.451663 12.871228
1384268933827 115807750454933 5983616000000 3.524265 5.056554 10.266337
1384268933938 115807861569435 5983726000000 2.451663 3.677494 7.967903
1384268934064 115807987942726 5983836000000 1.532289 0.000000 6.588843
1384268934161 115808084866554 5983946000000 1.379060 -3.524265 4.596867
1384268934264 115808187924416 5984056000000 0.306458 -7.048530 7.048530
1384268934393 115808316617043 5984166000000 2.911349 -14.250289 9.040505
1384268934499 115808422848732 5984276000000 8.734048 -9.346964 10.726024
1384268934600 115808523282082 5984386000000 11.338940 -1.991976 9.653421
1384268934728 115808651516945 5984496000000 11.032481 3.524265 6.282385
1384268934830 115808753598244 5984606000000 9.193734 5.975927 5.822699
1384268934931 115808854245217 5984716000000 9.500193 2.145205 5.822699
1384268935046 115808969082863 5984826000000 10.726024 -1.379060 8.274362
1384268935162 115809085415871 5984936000000 9.346964 -5.669470 7.201759
1384268935265 115809188717873 5985046000000 7.508216 -4.137181 6.742072
1384268935376 115809299527199 5985156000000 7.354988 -0.919373 6.282385
1384268935493 115809416958840 5985266000000 7.354988 0.766145 6.742072
1384268935590 115809513730080 5985376000000 7.354988 -0.612916 7.354988
1384268935696 115809619442971 5985486000000 7.201759 -1.072602 6.742072
1384268935818 115809742001564 5985596000000 7.508216 -2.758120 9.500193
1384268935920 115809843350441 5985706000000 6.742072 0.000000 6.742072
