1387361337357 577621376631643 1194871000000 8.734048 -3.524265 3.983952
1387361337466 577621486464407 1194981000000 8.734048 -3.217807 3.983952
1387361337603 577621623183157 1195091000000 8.427590 -3.524265 3.983952
1387361337689 577621709395315 1195201000000 9.500193 -3.371036 11.185710
1387361337801 577621820753958 1195311000000 12.564771 -2.758120 12.717999
1387361337912 577621931929495 1195421000000 11.492168 -3.524265 7.508216
1387361338022 577622042372610 1195531000000 7.201759 -2.298434 4.290410
1387361338136 577622155592825 1195641000000 1.532289 0.153229 3.524265
1387361338247 577622266890432 1195751000000 0.612916 2.298434 6.435614
1387361338358 577622378096487 1195861000000 1.072602 4.290410 9.500193
1387361338469 577622489607717 1195971000000 1.838747 4.750096 9.959879
1387361338589 577622608595754 1196081000000 2.758120 3.830723 10.113108
1387361338698 577622718092825 1196191000000 2.451663 2.451663 9.959879
1387361338809 577622829420950 1196301000000 1.991976 -0.612916 9.500193
1387361338895 577622914961721 1196411000000 0.153229 -2.911349 9.653421
1387361339007 577623026625540 1196521000000 -1.532289 -0.919373 10.113108
1387361339143 577623163130666 1196631000000 -1.225831 0.459687 9.346964
1387361339250 577623270460989 1196741000000 -0.919373 0.459687 9.959879
1387361339337 577623356825735 1196851000000 -0.766145 0.459687 10.113108
1387361339448 577623468031789 1196961000000 -1.225831 0.459687 10.419566
1387361339559 577623579359915 1197071000000 -1.072602 0.612916 9.959879
1387361339672 577623691817190 1197181000000 -0.766145 0.153229 9.653421
1387361339783 577623803023245 1197291000000 -0.919373 -0.306458 10.113108
1387361339910 577623929610159 1197401000000 -1.225831 0.459687 10.113108
