1387361374567 577658587386038 1232081000000 8.887277 -3.064578 3.830723
1387361374692 577658712477590 1232191000000 9.040505 -3.064578 3.983952
1387361374804 577658823592092 1232301000000 8.887277 -3.064578 3.677494
1387361374915 577658934889700 1232411000000 8.580819 -3.371036 4.137181
1387361375025 577659045393850 1232521000000 9.040505 -3.524265 3.677494
1387361375126 577659146101858 1232631000000 8.734048 -3.217807 3.371036
1387361375247 577659267500784 1232741000000 8.580819 -2.145205 6.742072
1387361375358 577659378004934 1232851000000 11.185710 -2.145205 12.258313
1387361375469 577659489424612 1232961000000 12.258313 -2.758120 9.500193
1387361375556 577659576002981 1233071000000 9.653421 -3.064578 5.363012
1387361375667 577659687239553 1233181000000 4.750096 -0.612916 2.758120
1387361375779 577659798689749 1233291000000 2.145205 1.685518 6.435614
1387361375889 577659909438040 1233401000000 2.451663 4.443638 10.113108
1387361376000 577660020338918 1233511000000 2.911349 3.983952 10.266337
1387361376112 577660132338430 1233621000000 3.217807 2.604892 9.653421
1387361376224 577660243575003 1233731000000 2.451663 0.459687 10.572795
1387361376357 577660377364065 1233841000000 1.379060 -0.306458 9.653421
1387361376446 577660465926077 1233951000000 0.000000 -0.766145 10.266337
1387361376552 577660572310354 1234061000000 -0.919373 -0.919373 9.346964
1387361376692 577660712050344 1234171000000 -1.225831 0.153229 9.806650
1387361376780 577660799605276 1234281000000 -1.379060 0.153229 9.653421
1387361376876 577660896315481 1234391000000 -1.379060 0.459687 9.806650
1387361376999 577661018599417 1234501000000 -1.225831 -0.459687 8.427590
1387361377100 577661119673635 1234611000000 -0.919373 0.766145 10.419566
1387361377230 577661249831106 1234721000000 -0.766145 0.306458 10.113108
