1384249021585 98262147904212 1025732000000 7.354988 -5.669470 4.750096
1384249021698 98262260788734 1025841000000 7.508216 -5.363012 4.596867
1384249021809 98262371872718 1025951000000 7.354988 -5.363012 4.596867
1384249021919 98262481644446 1026061000000 7.201759 -5.516241 4.137181
1384249022031 98262593430335 1026171000000 9.959879 -6.895301 12.871228
1384249022142 98262704758460 1026281000000 13.790602 -13.790602 16.855181
1384249022254 98262816330726 1026391000000 15.322891 -10.419566 7.048530
1384249022365 98262927506263 1026501000000 6.742072 -4.903325 -2.451663
1384249022476 98263038559730 1026611000000 -1.991976 1.225831 -4.750096
1384249022588 98263149948890 1026721000000 -4.290410 3.830723 7.814674
1384249022685 98263247299964 1026831000000 0.766145 4.290410 13.790602
1384249022816 98263378464515 1026941000000 -1.532289 -3.371036 8.427590
1384249022927 98263489762122 1027051000000 -6.742072 -6.742072 3.371036
1384249023039 98263600968177 1027161000000 -4.443638 -2.604892 1.685518
1384249023150 98263711960609 1027271000000 -1.532289 -2.145205 0.766145
1384249023236 98263798538978 1027381000000 3.983952 -2.911349 2.604892
1384249023347 98263909867103 1027491000000 15.322891 -5.363012 10.419566
1384249023459 98264020951087 1027601000000 16.701952 -9.040505 13.177687
1384249023569 98264131516273 1027711000000 9.040505 -9.653421 4.750096
1384249023681 98264243576820 1027821000000 8.887277 -8.427590 2.145205
1384249023794 98264356064612 1027931000000 11.185710 -3.983952 -0.919373
1384249023904 98264465988929 1028041000000 10.879252 0.612916 0.153229
1384249024016 98264578568275 1028151000000 9.959879 -1.991976 4.443638
1384249024127 98264689896400 1028261000000 6.282385 -5.209783 4.290410
1384249024226 98264788437659 1028371000000 7.508216 -6.742072 3.677494
1384249024338 98264899948890 1028481000000 7.814674 -5.209783 3.371036
1384249024454 98265016373450 1028591000000 7.201759 -8.274362 3.217807
1384249024565 98265127487952 1028701000000 6.435614 -6.588843 3.524265
