1384249029820 98270382035071 1033961000000 7.354988 -5.669470 3.983952
1384249029939 98270501572425 1034071000000 7.201759 -5.669470 3.677494
1384249030050 98270611954505 1034181000000 7.354988 -5.975927 3.830723
1384249030161 98270723801429 1034291000000 7.814674 -6.129157 5.669470
1384249030273 98270835068519 1034401000000 19.306843 -16.855181 21.758505
1384249030366 98270928940589 1034511000000 14.863204 -12.105083 5.516241
1384249030478 98271040238197 1034621000000 4.596867 -1.532289 -3.371036
1384249030589 98271151322181 1034731000000 -0.612916 1.379060 -1.532289
1384249030700 98271262894446 1034841000000 0.612916 5.516241 11.645397
1384249030811 98271373764808 1034951000000 -0.919373 1.225831 10.726024
1384249030932 98271494065101 1035061000000 -3.064578 -7.201759 5.669470
1384249031043 98271605057532 1035171000000 -4.903325 -5.363012 5.669470
1384249031154 98271716355140 1035281000000 -4.137181 -3.217807 3.524265
1384249031267 98271828995521 1035391000000 -2.298434 -0.459687 -0.306458
1384249031381 98271943619544 1035501000000 5.363012 -1.379060 3.217807
1384249031468 98272030167396 1035611000000 15.935806 -4.750096 11.338940
1384249031579 98272141312415 1035721000000 13.637373 -5.516241 12.717999
1384249031698 98272260208900 1035831000000 9.806650 -9.500193 5.822699
1384249031809 98272371353919 1035941000000 9.653421 -9.346964 0.919373
1384249031920 98272482895667 1036051000000 11.951855 -3.371036 -2.145205
1384249032032 98272594223792 1036161000000 15.322891 2.911349 -1.225831
1384249032143 98272705551917 1036271000000 12.871228 -5.209783 1.991976
1384249032254 98272816452796 1036381000000 7.508216 -6.282385 3.064578
1384249032365 98272927658851 1036491000000 7.354988 -7.354988 2.604892
1384249032477 98273039383704 1036601000000 7.967903 -5.822699 3.524265
1384249032588 98273150650794 1036711000000 7.814674 -6.282385 3.830723
1384249032701 98273263108069 1036821000000 7.967903 -5.822699 3.371036
