1384249068606 98309168167884 1072751000000 7.814674 -5.822699 3.217807
1384249068724 98309286484534 1072861000000 7.814674 -5.669470 2.911349
1384249068835 98309397751624 1072971000000 7.814674 -5.822699 3.217807
1384249068947 98309509201820 1073081000000 13.024457 -7.354988 10.419566
1384249069058 98309620468909 1073191000000 15.782578 -7.201759 8.734048
1384249069170 98309732559974 1073301000000 13.637373 -13.637373 6.129157
1384249069282 98309843979652 1073411000000 -1.072602 -8.427590 -7.201759
1384249069393 98309955582435 1073521000000 4.596867 4.290410 7.354988
1384249069504 98310066635902 1073631000000 5.516241 2.911349 10.572795
1384249069615 98310177719886 1073741000000 -3.217807 -5.669470 2.911349
1384249069727 98310289170081 1073851000000 -7.201759 -9.193734 1.991976
1384249069838 98310400284583 1073961000000 -3.524265 -2.298434 0.153229
1384249069949 98310511215980 1074071000000 -0.766145 0.306458 1.532289
1384249070037 98310599442298 1074181000000 8.734048 -5.363012 0.919373
1384249070148 98310710312659 1074291000000 17.468096 -9.500193 14.709975
1384249070259 98310821427161 1074401000000 9.653421 -8.734048 6.588843
1384249070370 98310932816321 1074511000000 9.346964 -12.105083 -1.072602
1384249070482 98311043930823 1074621000000 14.863204 -5.975927 -1.991976
1384249070593 98311155716712 1074731000000 16.089035 0.612916 0.000000
1384249070708 98311270706946 1074841000000 10.113108 -1.838747 0.459687
1384249070819 98311381607825 1074951000000 7.201759 -4.750096 5.363012
1384249070930 98311492874915 1075061000000 6.895301 -6.742072 2.604892
1384249071042 98311604019935 1075171000000 8.274362 -7.048530 2.604892
1384249071150 98311712357337 1075281000000 8.274362 -6.895301 5.056554
1384249071285 98311847367103 1075391000000 7.048530 -5.516241 2.451663
