1384267004280 113878203702005 4053936000000 1.225831 -0.612916 10.266337
1384267004409 113878332760842 4054046000000 1.532289 -0.459687 9.959879
1384267004510 113878433316262 4054156000000 1.379060 -0.153229 9.959879
1384267004612 113878535855325 4054266000000 3.217807 1.072602 9.959879
1384267004738 113878661465676 4054376000000 3.983952 2.758120 9.346964
1384267004840 113878763394387 4054486000000 4.290410 0.612916 9.653421
1384267004942 113878865933450 4054596000000 3.983952 -1.685518 10.266337
1384267005069 113878992337259 4054706000000 1.991976 -3.217807 9.959879
1384267005173 113879096066507 4054816000000 1.379060 -3.983952 10.266337
1384267005273 113879196621927 4054926000000 1.379060 -1.838747 9.959879
1384267005396 113879319577248 4055036000000 1.838747 -0.306458 9.959879
1384267005496 113879419919045 4055146000000 1.685518 -1.379060 9.346964
1384267005642 113879565243753 4055256000000 2.298434 -2.911349 10.113108
