1384267010384 113884307217630 4060016000000 1.225831 -0.459687 9.959879
1384267010493 113884416470559 4060126000000 1.532289 -0.459687 9.959879
1384267010599 113884522580178 4060236000000 2.758120 1.685518 9.806650
1384267010702 113884625119241 4060346000000 4.750096 4.290410 9.500193
1384267010802 113884725155862 4060456000000 6.282385 0.919373 9.806650
1384267010929 113884852810891 4060566000000 4.137181 -2.911349 10.572795
1384267011031 113884954861673 4060676000000 1.838747 -3.217807 10.572795
1384267011142 113885065762551 4060786000000 0.919373 -2.758120 10.113108
1384267011245 113885168606790 4060896000000 1.225831 -1.532289 9.346964
1384267011372 113885295193704 4061006000000 1.532289 0.000000 9.806650
1384267011482 113885405240090 4061116000000 1.225831 -0.153229 10.266337
1384267011582 113885505856545 4061226000000 1.532289 0.459687 11.185710
1384267011684 113885607174905 4061336000000 1.225831 0.000000 9.806650
