1384268871172 115745095059426 5920956000000 0.766145 -0.612916 9.806650
1384268871273 115745196896584 5921066000000 1.225831 -0.919373 10.266337
1384268871398 115745321652443 5921176000000 0.153229 -4.443638 11.032481
1384268871499 115745422940285 5921286000000 1.225831 -7.048530 9.193734
1384268871624 115745547757180 5921396000000 3.830723 -3.371036 4.750096
1384268871725 115745648983986 5921506000000 5.363012 4.290410 7.508216
1384268871827 115745750332863 5921616000000 6.282385 7.048530 7.967903
1384268871953 115745876095803 5921726000000 5.822699 5.975927 8.887277
1384268872054 115745977749855 5921836000000 8.427590 -1.532289 7.661446
1384268872154 115746077694924 5921946000000 6.588843 -14.709975 3.983952
1384268872280 115746203549416 5922056000000 8.427590 -11.032481 6.435614
1384268872380 115746303921730 5922166000000 12.717999 -0.459687 9.959879
1384268872491 115746414608986 5922276000000 10.113108 5.056554 5.975927
1384268872594 115746517117531 5922386000000 6.435614 -1.072602 4.903325
1384268872705 115746628476174 5922496000000 5.975927 8.121132 -3.217807
1384268872832 115746755246193 5922606000000 6.895301 -3.524265 7.661446
1384268872935 115746858883888 5922716000000 6.742072 -4.290410 6.588843
