0.07692308 0.8461539 1.92
0.07692308 0.8461539 1.92
0.07692308 0.8461539 1.92
0.07692308 0.8461539 1.92
0.07692308 0.8461539 1.92
0.07692308 0.8461539 1.92
0.07692308 0.8461539 1.92
0.07692308 0.8461539 1.92
0.07692308 0.8461539 1.92
0.07692308 0.8461539 1.92
0.07692308 0.8461539 1.92
0.07692308 0.8461539 1.92
0.03846154 0.8076923 1.96
-0.03846154 0.7692308 1.92
-0.1153846 0.7692308 1.88
-0.1538462 0.7307692 1.84
-0.2307692 0.6923077 1.76
-0.2307692 0.6538461 1.68
-0.2307692 0.6153846 1.56
-0.2307692 0.5769231 1.48
-0.2307692 0.5769231 1.4
-0.1923077 0.5384616 1.28
-0.1923077 0.5 1.2
-0.1923077 0.4615385 1.12
-0.1923077 0.4230769 1.08
-0.1923077 0.3461539 1
-0.1923077 0.3461539 0.88
-0.1923077 0.2692308 0.76
-0.1538462 0.2692308 0.64
-0.1538462 0.2307692 0.52
-0.1538462 0.1538462 0.36
-0.1538462 0.1153846 0.28
-0.1538462 0.03846154 0.12
-0.07692308 0 0
0 -0.03846154 -0.16
0.03846154 -0.07692308 -0.28
0.07692308 -0.1538462 -0.32
0.07692308 -0.1538462 -0.28
0.07692308 -0.1538462 -0.28
0.07692308 -0.1538462 -0.28
0.1153846 -0.1923077 -0.28
0.1538462 -0.1923077 -0.32
0.1538462 -0.1923077 -0.36
0.1538462 -0.2307692 -0.44
0.1538462 -0.2307692 -0.6
0.1153846 -0.2692308 -0.68
