-0.5384616 -0.2692308 1
-0.5384616 -0.2692308 1
-0.5384616 -0.2692308 1
-0.5384616 -0.2692308 1
-0.5769231 -0.2692308 1
-0.5769231 -0.2692308 1
-0.5769231 -0.2692308 1
-0.5769231 -0.2692308 1
-0.5769231 -0.2692308 1
-0.6538461 -0.3076923 1
-0.6538461 -0.3076923 1
-0.6538461 -0.3076923 1
-0.7307692 -0.3076923 1
-0.8076923 -0.3461539 1.04
-0.8846154 -0.3846154 1.04
-0.9230769 -0.3846154 1.04
-0.9615384 -0.3461539 1.08
-1 -0.3461539 1.12
-1.038462 -0.3461539 1.16
-1.076923 -0.3461539 1.16
-1.115385 -0.3076923 1.12
-1.115385 -0.3076923 1.08
-1.153846 -0.2307692 1.04
-1.153846 -0.1923077 1.04
-1.115385 -0.1538462 1
-1.076923 -0.07692308 0.96
-1 -0.03846154 0.92
-0.9615384 0 0.88
-0.9230769 0.03846154 0.84
-0.8846154 0.03846154 0.84
-0.8076923 0.07692308 0.8
-0.7307692 0.1538462 0.8
-0.6923077 0.1923077 0.8
-0.6538461 0.2307692 0.76
-0.6153846 0.2307692 0.76
-0.6153846 0.2692308 0.68
-0.5384616 0.2692308 0.68
-0.4615385 0.2692308 0.72
-0.3461539 0.2692308 0.76
-0.1923077 0.3076923 0.76
-0.03846154 0.3461539 0.8
0.07692308 0.3846154 0.76
0.2692308 0.3846154 0.8
0.4230769 0.4230769 0.88
0.5384616 0.4230769 0.92
0.6923077 0.4230769 0.96
0.8076923 0.4615385 0.96
0.8846154 0.4615385 0.96
0.9615384 0.4615385 1
1.038462 0.4615385 0.96
1.076923 0.4230769 1
1.192308 0.4230769 1
1.269231 0.4230769 1
1.384615 0.4230769 1
1.461538 0.3846154 0.96
1.5 0.3461539 0.92
1.461538 0.2692308 0.88
1.423077 0.1923077 0.84
1.346154 0.1153846 0.8
1.230769 0.07692308 0.8
1.153846 0.03846154 0.76
1.076923 0 0.8
1 0 0.84
0.9615384 0 0.8
