-0.1153846 -0.5769231 -0.32
-0.1153846 -0.5769231 -0.32
-0.1153846 -0.5769231 -0.32
-0.1153846 -0.5769231 -0.32
-0.1153846 -0.5769231 -0.32
-0.1153846 -0.5769231 -0.32
-0.1153846 -0.5769231 -0.32
-0.1153846 -0.5769231 -0.32
-0.1153846 -0.5769231 -0.32
-0.1153846 -0.5769231 -0.32
-0.1153846 -0.5769231 -0.32
-0.1153846 -0.5384616 -0.24
-0.03846154 -0.5 -0.24
0.07692308 -0.4230769 -0.32
0.1923077 -0.3846154 -0.36
0.2692308 -0.3461539 -0.48
0.3076923 -0.2692308 -0.48
0.2307692 -0.1923077 -0.36
0.1923077 -0.1153846 -0.16
0.1538462 -0.07692308 0
0.1153846 -0.03846154 0.12
0.07692308 0 0.2
0.07692308 0.07692308 0.32
0.07692308 0.1538462 0.36
0.07692308 0.1923077 0.4
0.1153846 0.3076923 0.44
0.1923077 0.3461539 0.52
0.1538462 0.3846154 0.72
0.03846154 0.4230769 0.92
-0.03846154 0.3846154 1.2
-0.07692308 0.3461539 1.48
-0.1538462 0.3076923 1.76
-0.2307692 0.2307692 1.76
-0.2307692 0.1538462 1.56
-0.1538462 0.1153846 1.36
-0.03846154 0.1923077 1.36
0.1153846 0.2692308 1.4
0.2307692 0.4230769 1.52
0.3461539 0.5 1.72
0.3461539 0.5384616 1.76
0.3461539 0.5769231 1.84
0.3076923 0.5769231 1.84
0.2692308 0.5769231 1.88
0.2692308 0.5384616 1.8
0.2692308 0.5 1.76
0.2692308 0.5384616 1.76
0.3461539 0.5384616 1.8
0.3846154 0.5769231 1.8
0.4615385 0.5769231 1.8
0.4615385 0.5769231 1.84
0.4230769 0.5384616 1.88
0.3461539 0.5 1.92
0.2307692 0.4615385 1.96
0.1923077 0.4230769 1.96
0.1538462 0.3846154 2
0.1153846 0.3846154 2.08
0.1153846 0.4230769 2.16
0.1923077 0.5 2.16
0.3076923 0.5769231 2.2
