-1.076923 -0.3461539 -0.44
-1.076923 -0.3461539 -0.44
-1.076923 -0.3461539 -0.44
-1.076923 -0.3461539 -0.44
-1.076923 -0.3461539 -0.44
-1.076923 -0.3461539 -0.44
-1.076923 -0.3461539 -0.44
-1.115385 -0.3846154 -0.4
-1.115385 -0.3846154 -0.4
-1.115385 -0.3846154 -0.4
-1.115385 -0.3846154 -0.4
-1.115385 -0.3846154 -0.4
-1.115385 -0.3846154 -0.4
-1.115385 -0.3846154 -0.36
-1.076923 -0.3846154 -0.28
-1 -0.3076923 -0.16
-0.8846154 -0.3076923 -0.08
-0.8076923 -0.3076923 -0.04
-0.7692308 -0.2692308 0.08
-0.6923077 -0.2692308 0.24
-0.6923077 -0.3076923 0.4
-0.7692308 -0.3846154 0.56
-0.8076923 -0.4230769 0.72
-0.8076923 -0.4615385 0.84
-0.7692308 -0.4615385 0.92
-0.6923077 -0.4230769 1
-0.5769231 -0.3846154 1.08
-0.5 -0.3461539 1.12
-0.4230769 -0.3461539 1.16
-0.4230769 -0.3076923 1.16
-0.3846154 -0.2307692 1.12
-0.3461539 -0.1538462 1.08
-0.3461539 -0.03846154 1.08
-0.3076923 0.03846154 1.04
-0.2307692 0.1153846 1.04
-0.1538462 0.2307692 1
0 0.3076923 0.96
0.1923077 0.4230769 0.92
0.3076923 0.5384616 0.84
0.3076923 0.5769231 0.88
0.03846154 0.5769231 1.04
-0.2307692 0.5769231 1.12
-0.3846154 0.5769231 1.16
-0.5769231 0.5769231 1.2
-0.7307692 0.5769231 1.12
-0.9230769 0.5384616 1.12
-1.115385 0.4615385 1.08
-1.307692 0.4230769 1.08
-1.461538 0.3461539 1
-1.576923 0.3461539 0.92
-1.692308 0.3461539 0.84
-1.807692 0.3076923 0.8
-1.884615 0.2692308 0.76
-1.884615 0.2692308 0.56
-1.884615 0.2692308 0.4
-1.846154 0.2692308 0.32
-1.807692 0.2307692 0.2
-1.769231 0.2692308 0.2
-1.692308 0.2692308 0.24
-1.576923 0.3076923 0.24
-1.5 0.3461539 0.2
-1.461538 0.3076923 0.2
-1.461538 0.3076923 0.24
-1.461538 0.2692308 0.28
-1.461538 0.2307692 0.36
-1.5 0.1923077 0.4
-1.5 0.1538462 0.52
-1.538462 0.1538462 0.68
-1.576923 0.1923077 0.84
-1.615385 0.1538462 1.04
-1.576923 0.1923077 1.2
-1.538462 0.2307692 1.32
-1.461538 0.2692308 1.48
-1.346154 0.2692308 1.6
