0.6538461 0.5 1.16
0.6538461 0.5 1.16
0.6538461 0.5 1.16
0.6538461 0.5 1.16
0.6538461 0.5 1.16
0.6538461 0.5 1.16
0.6538461 0.5 1.16
0.6538461 0.5 1.16
0.6538461 0.5 1.16
0.6538461 0.5 1.16
0.6538461 0.5 1.16
0.7307692 0.5384616 1.12
0.7692308 0.5769231 1.12
0.9230769 0.6538461 1.08
0.8846154 0.6923077 1.08
0.8461539 0.7307692 1.08
0.8076923 0.7692308 1.08
0.6923077 0.7692308 1.08
0.6153846 0.7692308 1.08
0.5384616 0.7692308 1.08
0.4615385 0.7692308 1.04
0.4230769 0.8076923 1.04
0.3461539 0.8076923 1
0.2692308 0.8076923 1
0.1538462 0.7692308 0.96
0.03846154 0.6923077 0.92
-0.1153846 0.6153846 0.88
-0.2692308 0.5 0.88
-0.4230769 0.3846154 0.92
-0.5 0.2692308 0.96
-0.4615385 0.1923077 0.92
-0.3846154 0.1923077 0.84
-0.2692308 0.1923077 0.8
-0.1923077 0.2307692 0.8
-0.1538462 0.2692308 0.8
-0.1923077 0.2692308 0.84
-0.2692308 0.2307692 0.88
-0.3461539 0.1923077 0.84
-0.4230769 0.1538462 0.8
-0.5 0.1153846 0.84
-0.5769231 0.07692308 0.84
-0.6538461 0 0.88
-0.6923077 0 0.88
-0.6923077 0.03846154 0.96
-0.6538461 0.07692308 0.96
-0.6538461 0.1153846 0.96
-0.6923077 0.1538462 0.96
-0.7692308 0.1538462 1
-0.9230769 0.1153846 1.08
-1.076923 0 1.12
-1.230769 -0.1153846 1.12
-1.346154 -0.2307692 1.12
-1.346154 -0.3076923 1.08
