0.03846154 -0.5384616 -0.76
0.03846154 -0.5384616 -0.76
0.03846154 -0.5384616 -0.76
0.03846154 -0.5384616 -0.76
0 -0.5384616 -0.8
0 -0.5384616 -0.8
0 -0.5384616 -0.8
0 -0.5384616 -0.8
0 -0.5384616 -0.8
0 -0.5384616 -0.8
-0.03846154 -0.5384616 -0.8
-0.07692308 -0.5384616 -0.8
-0.1153846 -0.5384616 -0.8
-0.1538462 -0.5384616 -0.76
-0.1153846 -0.5384616 -0.76
-0.07692308 -0.5 -0.72
-0.03846154 -0.4230769 -0.64
0 -0.3846154 -0.6
0.03846154 -0.3076923 -0.6
0.07692308 -0.2692308 -0.56
0.1153846 -0.2307692 -0.56
0.1153846 -0.2307692 -0.56
0.1153846 -0.1923077 -0.56
0.1153846 -0.1538462 -0.56
0.1153846 -0.1538462 -0.56
0.1153846 -0.1538462 -0.52
0.07692308 -0.07692308 -0.44
0.07692308 -0.07692308 -0.44
0.03846154 -0.03846154 -0.4
0.03846154 0 -0.36
0.03846154 0 -0.32
0.03846154 0.03846154 -0.24
0 0.03846154 -0.28
0 0.03846154 -0.36
-0.03846154 0.07692308 -0.48
-0.1153846 0.07692308 -0.56
-0.1538462 0.1153846 -0.64
-0.2692308 0.1153846 -0.64
-0.4230769 0.1153846 -0.6
-0.5769231 0.07692308 -0.52
-0.7307692 0 -0.48
-0.8461539 -0.07692308 -0.44
-1 -0.1923077 -0.44
-1.115385 -0.2692308 -0.44
-1.230769 -0.3461539 -0.44
-1.346154 -0.4615385 -0.4
-1.384615 -0.5769231 -0.44
-1.461538 -0.6538461 -0.4
-1.538462 -0.7307692 -0.36
-1.653846 -0.8076923 -0.28
-1.769231 -0.8846154 -0.24
-1.884615 -1 -0.24
-2 -1.115385 -0.24
-2.076923 -1.192308 -0.24
-2.076923 -1.230769 -0.2
-2.038461 -1.230769 -0.16
-1.961538 -1.230769 -0.12
-1.846154 -1.192308 -0.08
-1.692308 -1.153846 0.04
-1.576923 -1.038462 0.12
-1.384615 -1 0.2
-1.269231 -0.8846154 0.32
-1.115385 -0.8076923 0.52
-0.9615384 -0.6923077 0.76
-0.8461539 -0.5769231 1
-0.7307692 -0.4615385 1.08
-0.6538461 -0.3461539 1.04
-0.6538461 -0.2692308 0.96
-0.7307692 -0.1923077 0.88
-0.7692308 -0.07692308 0.8
-0.8076923 0.03846154 0.76
-0.8461539 0.1538462 0.72
-0.9230769 0.2692308 0.64
-1 0.4230769 0.6
-1.076923 0.6153846 0.44
-1.115385 0.8076923 0.12
-1.115385 0.9615384 -0.2
-1.153846 1.076923 -0.44
-1.153846 1.115385 -0.76
-1.115385 1.076923 -1.24
-0.9230769 0.8846154 -2.08
-0.8461539 0.5769231 -2.6
-0.9230769 0.5 -2.48
-1.115385 0.5769231 -2.08
-1.230769 0.6538461 -1.72
-1.230769 0.6923077 -1.56
-1.153846 0.6923077 -1.52
-1.115385 0.6538461 -1.6
-1.038462 0.6153846 -1.56
-0.9230769 0.5769231 -1.44
-0.8846154 0.5384616 -1.2
-0.8846154 0.5 -0.96
