1384356075478 146503881150143 1782314000000 7.661446 1.685518 6.435614
1384356075589 146503992478269 1782424000000 7.661446 1.225831 6.742072
1384356075698 146504101059811 1782534000000 7.048530 0.000000 7.508216
1384356075828 146504230851071 1782644000000 9.806650 -0.919373 13.024457
1384356075915 146504318589108 1782754000000 16.089035 3.983952 18.387468
1384356076044 146504446732419 1782864000000 14.556746 -0.153229 8.734048
1384356076146 146504548844235 1782974000000 7.967903 0.459687 3.064578
1384356076263 146504666092771 1783084000000 -0.153229 3.677494 -1.838747
1384356076371 146504774124997 1783194000000 -4.596867 4.443638 -2.451663
1384356076483 146504885910886 1783304000000 -4.137181 1.225831 -1.838747
1384356076588 146504991074460 1783414000000 -0.306458 -2.604892 -0.919373
1384356076700 146505102951901 1783524000000 8.121132 -8.121132 2.604892
1384356076816 146505219223874 1783634000000 18.234240 -8.734048 13.024457
1384356076924 146505327347653 1783744000000 16.242264 -3.830723 18.693928
1384356077029 146505432206052 1783854000000 9.653421 -2.145205 9.806650
1384356077125 146505528336423 1783964000000 8.427590 -3.524265 3.983952
1384356077237 146505639725583 1784074000000 8.121132 -3.217807 3.983952
1384356077349 146505752030271 1784184000000 8.580819 -3.217807 5.209783
1384356077460 146505863144772 1784294000000 8.580819 -3.524265 5.056554
1384356077571 146505974106686 1784404000000 7.814674 -2.145205 4.903325
1384356077695 146506097885983 1784514000000 8.580819 -2.451663 6.435614
1384356077793 146506195877927 1784624000000 8.427590 -1.991976 5.056554
