1384350821383 141895561600593 624967000000 2.911349 -1.532289 9.193734
1384350821495 141895672959236 625077000000 3.830723 -0.766145 8.580819
1384350821616 141895794419197 625187000000 7.814674 6.282385 11.185710
1384350821712 141895890396980 625297000000 6.129157 -0.766145 19.460072
1384350821839 141896016739754 625407000000 3.830723 -8.427590 17.774553
1384350821927 141896105271248 625517000000 1.225831 -8.887277 6.742072
1384350822051 141896229508308 625627000000 -0.459687 -4.750096 1.072602
1384350822170 141896347885994 625737000000 0.766145 -0.766145 1.685518
1384350822258 141896435746101 625847000000 2.145205 2.758120 5.363012
1384350822383 141896561356453 625957000000 3.677494 1.685518 8.427590
1384350822495 141896673325447 626067000000 3.983952 1.379060 14.863204
1384350822606 141896783921150 626177000000 3.677494 -0.766145 17.468096
1384350822717 141896895127205 626287000000 1.379060 -2.758120 14.250289
1384350822830 141897008347420 626397000000 1.379060 -3.217807 10.113108
1384350822918 141897096207527 626507000000 3.217807 -0.766145 9.653421
1384350823029 141897207505134 626617000000 3.371036 -0.612916 10.113108
1384350823160 141897338395027 626727000000 2.911349 0.459687 9.040505
1384350823250 141897428604988 626837000000 3.983952 -1.838747 10.266337
