1384354658146 145086548935788 364864000000 -4.443638 2.298434 8.274362
1384354658259 145086662156003 364974000000 -4.750096 2.145205 8.121132
1384354658371 145086773697751 365084000000 -4.137181 1.532289 5.822699
1384354658479 145086882126706 365194000000 -3.064578 1.685518 2.604892
1384354658570 145086973496335 365304000000 1.225831 0.306458 3.371036
1384354658682 145087084702389 365414000000 7.508216 -2.298434 5.209783
1384354658799 145087201615231 365524000000 12.871228 -3.677494 11.798626
1384354658913 145087315750974 365634000000 14.403518 -3.064578 15.169662
1384354659024 145087426804440 365744000000 10.572795 -0.153229 10.726024
1384354659135 145087538224118 365854000000 8.887277 -2.758120 5.975927
1384354659236 145087639511960 365964000000 9.193734 -1.991976 3.677494
1384354659348 145087750992673 366074000000 8.427590 -1.685518 3.983952
1384354659458 145087861161130 366184000000 8.274362 -1.532289 4.290410
1384354659570 145087973069089 366294000000 9.193734 -2.145205 5.056554
1384354659668 145088071061032 366404000000 8.734048 -1.379060 4.750096
