1387456938745 659159439132443 647120000000 -4.596867 -0.153229 8.734048
1387456938855 659159548934689 647230000000 -6.129157 1.838747 10.266337
1387456938960 659159654037228 647340000000 -6.588843 -6.742072 6.435614
1387456939093 659159787765255 647450000000 -5.209783 -5.516241 6.588843
1387456939203 659159897567503 647560000000 -2.911349 -1.532289 7.508216
1387456939308 659160002761594 647670000000 -0.306458 2.145205 10.113108
1387456939413 659160107131712 647780000000 0.153229 5.669470 12.105083
1387456939512 659160206527462 647890000000 1.685518 2.758120 11.492168
1387456939636 659160330367796 648000000000 0.766145 -6.129157 8.580819
1387456939731 659160425307980 648110000000 0.306458 -11.338940 6.129157
1387456939849 659160543227902 648220000000 -0.459687 -11.492168 6.129157
1387456939996 659160690475218 648330000000 2.451663 -9.653421 7.508216
1387456940067 659160761337034 648440000000 5.669470 -4.137181 9.806650
1387456940173 659160867355101 648550000000 6.742072 0.000000 10.879252
1387456940302 659160996413937 648660000000 4.596867 -2.298434 9.040505
1387456940399 659161093246212 648770000000 3.983952 -4.596867 7.967903
1387456940512 659161205947627 648880000000 3.524265 -5.363012 7.814674
1387456940620 659161314803828 648990000000 3.524265 -4.596867 8.274362
1387456940729 659161423415890 649100000000 3.524265 -4.596867 7.814674
1387456940844 659161538467160 649210000000 3.064578 -5.516241 8.274362
1387456940949 659161643081418 649320000000 3.524265 -5.209783 7.967903
