1387456969351 659190044967403 677720000000 -6.588843 -1.379060 6.742072
1387456969462 659190156142942 677830000000 -5.975927 -6.129157 7.354988
1387456969568 659190261947386 677940000000 -5.669470 -6.742072 6.435614
1387456969673 659190367660275 678050000000 -1.532289 0.306458 8.580819
1387456969789 659190483535519 678160000000 -0.306458 5.822699 10.726024
1387456969899 659190593398801 678270000000 -0.306458 6.282385 10.879252
1387456970003 659190697402707 678380000000 0.306458 0.919373 9.959879
1387456970133 659190827285519 678490000000 0.459687 -6.129157 9.193734
1387456970232 659190926070920 678600000000 -0.153229 -9.959879 6.435614
1387456970352 659191046188108 678710000000 0.459687 -9.806650 7.967903
1387456970447 659191141067259 678820000000 4.750096 -7.661446 8.734048
1387456970564 659191258651487 678930000000 7.048530 1.685518 10.572795
1387456970677 659191371230832 679040000000 7.048530 0.153229 9.653421
1387456970786 659191479934445 679150000000 5.056554 -3.983952 8.121132
1387456970889 659191583785763 679260000000 4.443638 -5.056554 8.121132
1387456970994 659191688735715 679370000000 3.983952 -4.290410 7.967903
1387456971126 659191819900264 679480000000 3.217807 -5.516241 7.201759
1387456971223 659191917373411 679590000000 3.983952 -4.443638 9.346964
1387456971368 659192062026732 679700000000 3.983952 -4.137181 8.121132
