1387456993682 659214376144162 702060000000 -5.056554 1.072602 8.427590
1387456993791 659214485549679 702170000000 -6.282385 -0.919373 6.742072
1387456993922 659214615890255 702280000000 -6.435614 -10.113108 4.750096
1387456994025 659214719558468 702390000000 -2.911349 -6.129157 4.903325
1387456994129 659214823287716 702500000000 -0.306458 6.435614 9.500193
1387456994251 659214945815792 702610000000 1.991976 7.967903 11.645397
1387456994346 659215040755977 702720000000 0.000000 3.983952 9.653421
1387456994465 659215159530392 702830000000 0.612916 -5.975927 9.193734
1387456994574 659215268203488 702940000000 0.919373 -14.250289 5.516241
1387456994684 659215378158321 703050000000 1.685518 -11.645397 4.903325
1387456994788 659215482070676 703160000000 7.814674 -5.669470 8.887277
1387456994910 659215604537715 703270000000 8.580819 -0.306458 12.871228
1387456995008 659215702041379 703380000000 5.209783 -2.451663 9.346964
1387456995123 659215817306271 703490000000 4.443638 -4.750096 7.967903
1387456995235 659215929549922 703600000000 3.217807 -4.290410 7.967903
1387456995342 659216036086790 703710000000 3.830723 -4.443638 8.274362
1387456995454 659216148238887 703820000000 3.217807 -4.596867 8.427590
1387456995557 659216250961057 703930000000 4.750096 -3.830723 8.427590
1387456995668 659216362685910 704040000000 3.524265 -4.596867 7.661446
