1387383230178 599514197951223 2107186000000 4.750096 -3.217807 8.580819
1387383230290 599514309737112 2107296000000 3.371036 -3.064578 8.734048
1387383230401 599514420943166 2107406000000 5.669470 -11.338940 19.153614
1387383230512 599514532240774 2107516000000 8.887277 -9.346964 15.782578
1387383230623 599514643446829 2107626000000 5.669470 -1.225831 8.427590
1387383230726 599514746107961 2107736000000 0.306458 1.838747 2.451663
1387383230838 599514857832815 2107846000000 0.459687 0.612916 -1.838747
1387383230964 599514983992483 2107956000000 -0.153229 -2.604892 -2.298434
1387383231061 599515081526663 2108066000000 4.596867 -9.653421 3.983952
1387383231173 599515193404104 2108176000000 6.742072 -14.097059 14.403518
1387383231287 599515307173635 2108286000000 7.661446 -1.838747 19.919758
1387383231398 599515417799856 2108396000000 5.822699 1.838747 11.798626
1387383231496 599515516066458 2108506000000 3.064578 -3.524265 7.048530
1387383231598 599515617934133 2108616000000 3.371036 -3.371036 8.887277
1387383231720 599515740126516 2108726000000 3.524265 -2.911349 8.580819
1387383231838 599515857649709 2108836000000 3.677494 -2.604892 9.500193
1387383231943 599515962569143 2108946000000 4.290410 -2.911349 9.193734
1387383232044 599516063948538 2109056000000 5.056554 -2.298434 9.346964
1387383232184 599516204146292 2109166000000 3.830723 -2.911349 8.734048
