1387383235902 599519922285940 2112916000000 4.443638 -2.145205 9.040505
1387383236026 599520046065237 2113026000000 3.064578 -1.532289 7.967903
1387383236137 599520157118704 2113136000000 3.677494 -6.588843 14.250289
1387383236247 599520267500784 2113246000000 5.822699 -15.016433 18.081011
1387383236360 599520380324270 2113356000000 10.879252 -7.201759 11.798626
1387383236472 599520491682913 2113466000000 3.677494 -0.153229 6.129157
1387383236568 599520587965872 2113576000000 0.459687 1.685518 1.838747
1387383236679 599520698622610 2113686000000 -1.379060 1.225831 -1.532289
1387383236799 599520819197561 2113796000000 0.000000 -1.991976 -3.677494
1387383236910 599520930464651 2113906000000 5.975927 -12.564771 1.838747
1387383237022 599521041762258 2114016000000 7.814674 -13.637373 14.863204
1387383237109 599521128615286 2114126000000 10.266337 -2.145205 18.081011
1387383237221 599521240858938 2114236000000 6.282385 0.000000 10.726024
1387383237332 599521351759817 2114346000000 4.750096 1.532289 6.895301
1387383237443 599521463026907 2114456000000 5.056554 -3.524265 8.121132
1387383237554 599521574171926 2114566000000 3.830723 -2.604892 8.580819
1387383237665 599521685500051 2114676000000 3.983952 -2.911349 9.193734
1387383237772 599521791853811 2114786000000 3.830723 -2.451663 9.040505
1387383237883 599521902876760 2114896000000 3.371036 -2.145205 8.887277
1387383237998 599522018538381 2115006000000 3.677494 -2.451663 8.580819
