1384855650986 28394112087187 921200000000 1.991976 -2.758120 9.653421
1384855651074 28394200038847 921310000000 1.838747 -2.604892 9.653421
1384855651197 28394323512968 921420000000 2.145205 -2.298434 9.346964
1384855651308 28394433956084 921530000000 2.298434 -1.991976 9.653421
1384855651422 28394548519072 921640000000 2.451663 -2.298434 13.943830
1384855651533 28394659236845 921750000000 4.750096 -5.975927 27.887661
1384855651626 28394752040800 921860000000 4.443638 -8.427590 5.363012
1384855651741 28394867183622 921970000000 0.766145 0.153229 -3.371036
1384855651856 28394982295927 922080000000 -0.612916 3.677494 2.758120
1384855651968 28395094386992 922190000000 1.685518 5.056554 10.113108
1384855652078 28395204616484 922300000000 5.056554 2.911349 13.637373
1384855652195 28395321559843 922410000000 -0.459687 -2.298434 10.726024
1384855652293 28395418880400 922520000000 -10.266337 -4.750096 6.742072
1384855652406 28395532222685 922630000000 -8.121132 -0.919373 5.669470
1384855652519 28395645595488 922740000000 -3.983952 2.145205 3.830723
1384855652633 28395758968291 922850000000 -1.225831 -0.306458 0.153229
1384855652721 28395846858916 922960000000 0.306458 -3.983952 0.459687
1384855652834 28395960048613 923070000000 5.056554 -12.411542 23.750481
1384855652948 28396074153837 923180000000 0.766145 -6.282385 14.709975
1384855653079 28396204891142 923290000000 -1.838747 -11.338940 4.903325
1384855653168 28396294002470 923400000000 4.750096 -10.572795 7.967903
1384855653281 28396407588896 923510000000 13.943830 0.766145 9.500193
1384855653394 28396520198759 923620000000 2.604892 -2.451663 8.427590
1384855653508 28396633724150 923730000000 1.379060 -3.524265 9.193734
1384855653617 28396742763457 923840000000 1.379060 -2.911349 9.653421
1384855653730 28396856441435 923950000000 0.919373 -3.217807 9.500193
1384855653830 28396956600127 924060000000 0.919373 -3.217807 9.653421
1384855653947 28397073543486 924170000000 1.532289 -2.911349 9.346964
1384855654064 28397190456328 924280000000 0.919373 -1.685518 10.879252
1384855654155 28397281124052 924390000000 1.225831 -2.604892 9.653421
