1384187540962 80439251289786 2939632000000 -7.048530 3.524265 5.822699
1384187541079 80439369026602 2939742000000 -7.201759 3.064578 6.588843
1384187541191 80439480232657 2939852000000 -8.121132 2.145205 8.887277
1384187541302 80439591499747 2939962000000 -10.113108 -2.145205 8.734048
1384187541428 80439717628897 2940072000000 -5.209783 -7.814674 4.750096
1384187541513 80439802437247 2940182000000 0.919373 -0.459687 3.524265
1384187541626 80439915321768 2940292000000 3.524265 10.572795 7.048530
1384187541736 80440025795401 2940402000000 2.911349 14.556746 9.653421
1384187541848 80440137550772 2940512000000 1.532289 8.274362 9.193734
1384187541959 80440248787344 2940622000000 -0.153229 -5.669470 9.500193
1384187542071 80440360237540 2940732000000 -0.306458 -10.266337 10.266337
1384187542164 80440453926505 2940842000000 -0.153229 -7.967903 12.258313
1384187542275 80440565102042 2940952000000 1.838747 -9.193734 13.790602
1384187542387 80440676308096 2941062000000 10.113108 -2.451663 9.500193
1384187542498 80440787544669 2941172000000 5.516241 1.532289 8.580819
1384187542609 80440898872794 2941282000000 3.064578 0.153229 10.572795
1384187542722 80441011269034 2941392000000 3.064578 -2.911349 9.193734
1384187542836 80441125954093 2941502000000 2.145205 -2.451663 9.500193
1384187542947 80441236427725 2941612000000 2.145205 -3.371036 9.500193
1384187543064 80441354011954 2941722000000 1.991976 -3.524265 8.887277
1384187543176 80441465492667 2941832000000 11.185710 -0.766145 -1.379060
1384187543287 80441576454581 2941942000000 2.145205 -2.604892 9.959879
1384187543410 80441699989737 2942052000000 2.145205 -2.758120 9.346964
