1384187605913 80504202553213 3004582000000 -5.363012 3.524265 7.508216
1384187606023 80504313209952 3004692000000 -5.209783 3.830723 8.734048
1384187606139 80504428566397 3004802000000 -9.653421 2.145205 11.951855
1384187606250 80504539925040 3004912000000 -4.903325 -4.903325 7.814674
1384187606361 80504651039542 3005022000000 0.919373 0.000000 3.371036
1384187606473 80504762245596 3005132000000 1.838747 6.129157 3.217807
1384187606584 80504873604239 3005242000000 5.363012 14.097059 8.427590
1384187606695 80504984932364 3005352000000 4.596867 11.492168 7.814674
1384187606806 80505095650137 3005462000000 3.217807 -4.750096 6.282385
1384187606918 80505207436026 3005572000000 1.838747 -10.419566 10.113108
1384187607008 80505297401846 3005682000000 0.306458 -12.258313 13.330915
1384187607119 80505408607901 3005792000000 6.742072 -5.822699 15.629349
1384187607230 80505519813956 3005902000000 7.048530 1.991976 8.887277
1384187607341 80505631050528 3006012000000 4.137181 0.153229 7.508216
1384187607448 80505737953604 3006122000000 1.532289 -1.072602 9.653421
1384187607559 80505848549307 3006232000000 1.225831 -1.685518 9.959879
1384187607679 80505968574942 3006342000000 1.991976 -1.838747 10.266337
1384187607790 80506080025137 3006452000000 1.225831 -1.838747 9.653421
1384187607903 80506192848624 3006562000000 1.838747 -2.451663 9.193734
1384187608004 80506293281973 3006672000000 1.838747 -1.838747 10.113108
