1384186416696 79314985695303 1815302000000 -7.814674 3.064578 3.983952
1384186416768 79315057686270 1815412000000 -7.661446 3.830723 4.750096
1384186416879 79315169075430 1815522000000 -7.661446 3.830723 3.830723
1384186416991 79315280342520 1815632000000 -2.145205 0.612916 0.000000
1384186417102 79315391670645 1815742000000 0.766145 -0.919373 4.137181
1384186417213 79315502724112 1815852000000 2.758120 -2.604892 12.871228
1384186417324 79315614021719 1815962000000 6.742072 -1.685518 20.226215
1384186417435 79315725105704 1816072000000 5.516241 -2.451663 14.250289
1384186417547 79315837044180 1816182000000 5.056554 -2.604892 8.121132
1384186417659 79315949165762 1816292000000 5.056554 -3.371036 7.508216
1384186417756 79316045204581 1816402000000 4.750096 -3.217807 8.580819
1384186417886 79316175301016 1816512000000 3.830723 -4.443638 8.734048
1384186417998 79316287636221 1816622000000 4.443638 -3.064578 7.661446
