1384350889917 141964094803718 693507000000 2.298434 -0.612916 9.959879
1384350890031 141964209244636 693617000000 1.838747 -0.766145 9.806650
1384350890156 141964334275153 693727000000 1.991976 -0.919373 9.500193
1384350890256 141964434098151 693837000000 1.225831 -1.532289 12.411542
1384350890359 141964537644294 693947000000 5.209783 0.153229 26.048914
1384350890485 141964663468268 694057000000 5.822699 -5.363012 12.105083
1384350890585 141964762711433 694167000000 4.443638 -2.758120 -0.919373
1384350890688 141964866471198 694277000000 0.766145 5.516241 1.838747
1384350890814 141964992356208 694387000000 1.072602 10.113108 11.338940
1384350890917 141965094803718 694497000000 -2.298434 -1.838747 4.903325
1384350891020 141965197831061 694607000000 -3.064578 -4.443638 0.766145
1384350891153 141965331650642 694717000000 -1.685518 -0.459687 0.000000
1384350891248 141965426682380 694827000000 -0.766145 4.137181 10.726024
1384350891361 141965539292243 694937000000 0.000000 -6.895301 20.685904
1384350891477 141965655136970 695047000000 -0.459687 -5.975927 15.016433
1384350891575 141965753342536 695157000000 1.532289 -6.895301 12.258313
1384350891699 141965877213386 695267000000 9.040505 -3.677494 11.951855
1384350891811 141965988907722 695377000000 9.500193 4.443638 8.121132
1384350891897 141966075302985 695487000000 2.911349 0.919373 8.887277
1384350892008 141966185868171 695597000000 1.838747 -1.991976 9.959879
1384350892132 141966310227302 695707000000 1.225831 -0.766145 10.726024
1384350892227 141966405472663 695817000000 1.532289 -1.532289 9.959879
1384350892339 141966517563727 695927000000 0.612916 -1.072602 10.113108
1384350892451 141966629105475 696037000000 1.225831 -2.145205 9.346964
