1384350896664 141970842148688 700237000000 1.838747 -2.145205 9.806650
1384350896777 141970954880622 700347000000 1.072602 -1.838747 9.653421
1384350896874 141971052109626 700457000000 -0.153229 -2.298434 14.250289
1384350896985 141971163437751 700567000000 1.991976 -0.612916 21.605276
1384350897105 141971282730964 700677000000 3.830723 -7.814674 12.258313
1384350897217 141971394699958 700787000000 2.451663 -3.064578 -6.129157
1384350897328 141971505906013 700897000000 4.903325 5.363012 7.814674
1384350897423 141971601242927 701007000000 3.064578 5.516241 12.258313
1384350897533 141971711472419 701117000000 -3.677494 -7.508216 4.290410
1384350897645 141971823594001 701227000000 -1.532289 -3.217807 -0.153229
1384350897758 141971935929206 701337000000 -0.766145 -1.225831 -1.379060
1384350897879 141972057663825 701447000000 7.201759 -3.830723 24.210167
1384350897967 141972145218757 701557000000 3.217807 -9.653421 21.605276
1384350898091 141972268906501 701667000000 3.677494 -7.661446 13.024457
1384350898200 141972378647712 701777000000 9.653421 -1.379060 11.338940
1384350898312 141972489731696 701887000000 9.346964 3.217807 5.209783
1384350898426 141972603714851 701997000000 2.604892 -0.306458 8.734048
1384350898538 141972716507819 702107000000 1.379060 -1.838747 9.500193
1384350898652 141972830643561 702217000000 1.379060 -2.145205 10.419566
1384350898739 141972916886237 702327000000 1.379060 -1.838747 9.959879
1384350898849 141973027573493 702437000000 0.612916 -1.685518 9.653421
1384350898964 141973141831306 702547000000 1.838747 -1.379060 9.500193
