-0.5384616 -0.3846154 -0.24
-0.5384616 -0.3846154 -0.24
-0.5384616 -0.3846154 -0.24
-0.5384616 -0.3846154 -0.24
-0.5384616 -0.3846154 -0.24
-0.5384616 -0.3846154 -0.24
-0.6153846 -0.4230769 -0.24
-0.6923077 -0.4615385 -0.24
-0.6923077 -0.4615385 -0.24
-0.6923077 -0.4615385 -0.24
-0.6923077 -0.4615385 -0.24
-0.6923077 -0.5 -0.28
-0.6923077 -0.5 -0.28
-0.6923077 -0.5 -0.28
-0.6923077 -0.5 -0.28
-0.6538461 -0.4615385 -0.28
-0.6538461 -0.4615385 -0.28
-0.6153846 -0.3846154 -0.2
-0.6153846 -0.3846154 -0.2
-0.6153846 -0.3846154 -0.2
-0.6153846 -0.3846154 -0.2
-0.5769231 -0.3076923 -0.12
-0.5769231 -0.2692308 0
-0.6538461 -0.2692308 0.12
-0.6538461 -0.2692308 0.12
-0.6538461 -0.2692308 0.12
-0.8076923 -0.2692308 0.4
-0.8076923 -0.2692308 0.4
-0.8076923 -0.2692308 0.4
-0.8076923 -0.2692308 0.4
-0.8461539 -0.2692308 0.48
-0.8076923 -0.2307692 0.48
-0.6923077 -0.1538462 0.32
-0.6923077 -0.1538462 0.32
-0.6923077 -0.1538462 0.32
-0.5769231 -0.03846154 0.36
-0.4615385 0.03846154 0.48
-0.3846154 0.07692308 0.68
-0.3846154 0.07692308 0.68
-0.3846154 0.07692308 0.68
-0.3846154 0.07692308 0.84
-0.4230769 0.03846154 0.96
-0.4230769 0.03846154 0.96
-0.4230769 0.03846154 0.96
-0.4230769 0.03846154 0.96
-0.4230769 0.03846154 0.96
-0.4615385 0 0.88
-0.4615385 0 0.88
-0.4615385 0.03846154 0.88
-0.4615385 0.03846154 0.88
-0.4615385 0.03846154 0.88
-0.4230769 0.03846154 0.92
-0.3846154 0.03846154 1.08
-0.3846154 0.03846154 1.08
-0.3461539 0.03846154 1.28
-0.3846154 0.03846154 1.48
-0.3846154 0.03846154 1.6
-0.3461539 0 1.64
-0.3461539 0 1.68
-0.3461539 0 1.8
-0.3461539 -0.03846154 1.88
-0.3076923 -0.1153846 1.96
-0.3076923 -0.07692308 2.08
-0.3076923 -0.1153846 2.24
-0.2692308 -0.1153846 2.32
-0.1923077 -0.1538462 2.28
-0.1153846 -0.1538462 2.24
0 -0.1153846 2.16
0.03846154 -0.1153846 2.16
0.07692308 -0.07692308 2.12
0.07692308 -0.07692308 2.04
0.1153846 -0.03846154 1.92
0.1153846 -0.03846154 1.76
0.1923077 0 1.56
0.2307692 0.03846154 1.44
0.2692308 0.07692308 1.4
0.3076923 0.07692308 1.36
0.3076923 0.07692308 1.32
0.3846154 0.07692308 1.24
0.4230769 0.07692308 1.16
0.4615385 0.1153846 1.08
0.5 0.1538462 1.04
0.5 0.1538462 1.04
0.5 0.1923077 1.08
0.5 0.2307692 1.08
0.5 0.2692308 1.04
0.5 0.3076923 0.96
0.5384616 0.3076923 0.8
0.5769231 0.3461539 0.68
0.5769231 0.4230769 0.6
0.5769231 0.4615385 0.64
0.5384616 0.5384616 0.68
0.5 0.5384616 0.68
0.4230769 0.5384616 0.68
0.3846154 0.5384616 0.64
0.3846154 0.5384616 0.6
0.3076923 0.6153846 0.6
0.1923077 0.6923077 0.64
0.07692308 0.6923077 0.76
-0.07692308 0.6923077 0.92
-0.2307692 0.6153846 1
-0.3076923 0.5769231 1.04
-0.4230769 0.6153846 1.12
-0.5 0.6153846 1.16
-0.5384616 0.6538461 1.2
-0.5769231 0.6923077 1.28
-0.6923077 0.6538461 1.32
-0.7692308 0.6153846 1.32
-0.8461539 0.6153846 1.32
-0.9230769 0.5384616 1.32
-1 0.5 1.36
-1.115385 0.4615385 1.36
-1.153846 0.3846154 1.36
-1.153846 0.3461539 1.32
-1.153846 0.3076923 1.24
-1.076923 0.2692308 1.12
-1.038462 0.2692308 1.04
-0.9615384 0.2692308 1
-0.8846154 0.2307692 1.04
-0.8461539 0.2307692 1.04
-0.7692308 0.2692308 1.08
-1.038462 0.1538462 1.44
-1.076923 0.03846154 1.64
-0.9615384 0.07692308 1.56
-0.7692308 0.1923077 1.36
-0.6153846 0.2692308 1.2
-0.4615385 0.3076923 1.08
-0.3846154 0.3461539 1
-0.3076923 0.3461539 0.96
-0.2307692 0.3461539 0.84
