0.1153846 -0.8461539 -0.16
0.1153846 -0.8461539 -0.16
0.1153846 -0.8461539 -0.16
0.1153846 -0.8461539 -0.16
0.1153846 -0.8461539 -0.16
0.1153846 -0.8461539 -0.16
0.1153846 -0.8461539 -0.16
0.1153846 -0.8461539 -0.16
0.1153846 -0.8461539 -0.16
0.1153846 -0.8461539 -0.16
0.1153846 -0.8461539 -0.16
0.1153846 -0.8461539 -0.16
0.1538462 -0.8461539 -0.2
0.1538462 -0.8076923 -0.2
0.1538462 -0.8076923 -0.2
0.1538462 -0.7692308 -0.2
0.1538462 -0.7692308 -0.24
0.1538462 -0.7692308 -0.24
0.1538462 -0.7692308 -0.24
0.1538462 -0.7307692 -0.24
0.1538462 -0.7307692 -0.24
0.1538462 -0.7307692 -0.2
0.1153846 -0.7307692 -0.16
0.1153846 -0.7307692 -0.12
0.07692308 -0.7307692 -0.08
0.07692308 -0.7307692 -0.08
0.07692308 -0.6923077 -0.12
0.07692308 -0.6923077 -0.16
0.1153846 -0.6538461 -0.2
0.1538462 -0.6153846 -0.2
0.1923077 -0.5769231 -0.16
0.1923077 -0.5384616 -0.12
0.1538462 -0.5384616 -0.04
0.1153846 -0.5384616 0
0.1153846 -0.5384616 0.04
0.07692308 -0.5 0.04
0.07692308 -0.5 0.04
0.1153846 -0.4615385 0.04
0.1153846 -0.4230769 0.04
0.1153846 -0.3846154 0.04
0.1538462 -0.3461539 0.04
0.1538462 -0.3461539 0.12
0.1538462 -0.3076923 0.16
0.1153846 -0.3076923 0.2
0.07692308 -0.2692308 0.24
0 -0.2307692 0.28
0 -0.2307692 0.24
0 -0.1923077 0.24
0.03846154 -0.1538462 0.24
0.07692308 -0.1538462 0.32
0.1153846 -0.1153846 0.36
0.07692308 -0.07692308 0.48
0.07692308 0 0.6
0.07692308 0.03846154 0.68
0.07692308 0.07692308 0.68
0.07692308 0.1153846 0.72
0.07692308 0.1153846 0.76
0.07692308 0.1538462 0.88
0 0.1923077 0.96
-0.07692308 0.1923077 1.04
-0.1153846 0.2307692 1.04
-0.1538462 0.2307692 1
-0.1538462 0.3076923 0.92
-0.1153846 0.3461539 0.88
-0.03846154 0.4230769 0.84
0 0.5 0.88
0.03846154 0.5769231 0.96
0.03846154 0.6153846 1.04
-0.03846154 0.6538461 1.16
-0.1153846 0.6153846 1.28
-0.1538462 0.6153846 1.32
-0.1923077 0.5769231 1.36
-0.1153846 0.6153846 1.32
-0.07692308 0.6538461 1.32
0 0.6923077 1.36
0 0.7307692 1.44
0 0.7692308 1.52
-0.07692308 0.8461539 1.64
-0.4230769 0 3.36
-0.7307692 -1.461538 4.12
0.1923077 -0.6153846 2.48
-1.038462 0.8076923 0.08
-1.076923 0.2307692 -1.52
0.1923077 -0.5 -2.72
0.8461539 -0.4230769 -2.24
1.115385 0.03846154 -0.72
1.192308 0.3076923 0.92
0.8846154 0.4230769 1.84
0.4230769 0.2692308 2.08
0 0.1153846 1.84
-0.3846154 -0.03846154 1.52
-0.6538461 -0.1153846 1.28
-0.9230769 -0.1923077 1.16
-1.038462 -0.2692308 0.92
-1 -0.3076923 0.68
-0.8846154 -0.2692308 0.44
-0.6923077 -0.1538462 0.28
-0.5 -0.03846154 0.28
-0.2692308 0.1153846 0.56
0.07692308 0.1923077 1.04
0.4230769 0.2307692 1.56
