0.1923077 0.03846154 1
0.1923077 0.03846154 1
0.2307692 0.07692308 1.04
0.2307692 0.07692308 1.04
0.2307692 0.07692308 1.04
0.2307692 0.07692308 1.04
0.2307692 0.07692308 1.04
0.2307692 0.07692308 1.04
0.2307692 0.07692308 1.04
0.3076923 0.07692308 1.08
0.3076923 0.07692308 1.08
0.3076923 0.07692308 1.08
0.3076923 0.07692308 1.08
0.3461539 0.1153846 1.08
0.4230769 0.1153846 1.08
0.4615385 0.1538462 1.08
0.5384616 0.1923077 1.08
0.5769231 0.1923077 1.04
0.6538461 0.2307692 1.04
0.7307692 0.2692308 1
0.8461539 0.2692308 1
1 0.3846154 0.96
1.115385 0.5 1.04
1.192308 0.5769231 1.12
1.230769 0.5769231 1.12
1.153846 0.5384616 1.04
1.076923 0.4615385 0.96
0.9615384 0.3846154 0.96
0.9230769 0.3461539 0.92
0.9230769 0.3461539 1
0.9615384 0.3846154 1.04
0.9615384 0.4230769 1.08
0.9230769 0.5 1.12
0.8846154 0.5 1.16
0.8846154 0.5384616 1.12
0.8076923 0.5384616 1.08
0.7692308 0.5384616 1.04
0.7307692 0.5769231 1.04
0.6923077 0.6153846 1.08
0.6153846 0.6153846 1.08
0.5769231 0.6153846 1.12
0.5384616 0.6538461 1.08
0.4615385 0.6538461 1.04
0.4230769 0.6538461 1
0.3461539 0.6538461 0.96
0.3076923 0.6538461 0.92
0.2692308 0.6538461 0.88
0.1923077 0.6538461 0.92
0.1538462 0.6923077 1
0.07692308 0.6923077 1
0 0.6538461 0.96
-0.03846154 0.6538461 0.92
-0.1153846 0.6538461 0.92
-0.1538462 0.6538461 0.88
-0.1923077 0.6538461 0.84
-0.2307692 0.6153846 0.84
-0.3076923 0.6153846 0.88
-0.3846154 0.5769231 0.88
-0.4230769 0.5 0.88
-0.5 0.5 0.88
-0.5384616 0.4615385 0.88
-0.5384616 0.4230769 0.88
-0.5384616 0.4230769 0.88
-0.5384616 0.4230769 0.92
-0.5384616 0.4230769 0.92
-0.5769231 0.3461539 0.96
-0.6153846 0.3076923 0.96
-0.6538461 0.2692308 0.92
-0.6923077 0.1923077 0.92
-0.6923077 0.1923077 0.92
-0.6923077 0.1538462 0.92
-0.6538461 0.1538462 0.92
-0.6923077 0.1153846 0.92
-0.7307692 0.07692308 0.92
-0.7307692 0 0.92
-0.6923077 -0.03846154 0.92
-0.6153846 -0.03846154 0.84
-0.6153846 -0.03846154 0.84
-0.5769231 -0.03846154 0.84
-0.5769231 -0.07692308 0.88
-0.6153846 -0.07692308 0.96
-0.6153846 -0.07692308 1.08
-0.6538461 -0.1153846 1.16
-0.6538461 -0.1538462 1.2
-0.6538461 -0.1923077 1.2
-0.6538461 -0.1923077 1.2
