1387456595994 658816688400020 304390000000 -2.604892 -0.612916 8.580819
1387456596106 658816800216428 304500000000 -2.451663 -0.766145 7.661446
1387456596234 658816928725950 304610000000 0.766145 0.306458 1.838747
1387456596339 658817033187619 304720000000 4.137181 0.612916 2.145205
1387456596439 658817133224241 304830000000 11.951855 -6.282385 9.346964
1387456596561 658817255141964 304940000000 12.105083 -10.572795 18.847157
1387456596658 658817352676143 305050000000 9.500193 -4.596867 18.234240
1387456596789 658817483566038 305160000000 11.645397 -4.750096 12.871228
1387456596897 658817591567746 305270000000 10.572795 -4.750096 8.734048
1387456596987 658817681442013 305380000000 4.596867 -5.056554 3.983952
1387456597109 658817803756468 305490000000 -0.919373 -3.371036 2.911349
1387456597213 658817907577268 305600000000 -2.911349 -1.838747 5.209783
1387456597318 658818012679807 305710000000 -3.830723 -1.072602 7.814674
1387456597437 658818131026976 305820000000 -3.217807 -2.298434 8.734048
1387456597543 658818237655393 305930000000 -3.217807 -2.758120 8.887277
1387456597651 658818345046749 306040000000 -3.677494 -2.451663 9.500193
1387456597766 658818460220090 306150000000 -3.217807 -2.911349 9.193734
1387456597866 658818560348263 306260000000 -3.677494 -1.991976 9.040505
1387456597985 658818679336299 306370000000 -3.524265 -1.838747 9.193734
