1387456619973 658840667648068 328350000000 -2.604892 -1.532289 9.653421
1387456620085 658840779739133 328460000000 -1.991976 -1.072602 8.887277
1387456620183 658840877547972 328570000000 0.612916 0.306458 3.677494
1387456620288 658840982192747 328680000000 0.612916 0.000000 3.830723
1387456620411 658841105270137 328790000000 2.604892 -3.830723 5.209783
1387456620525 658841219588987 328900000000 11.032481 -9.040505 10.266337
1387456620622 658841315902463 329010000000 10.726024 -8.580819 20.839132
1387456620733 658841426894894 329120000000 9.959879 -5.822699 13.943830
1387456620844 658841538406125 329230000000 10.879252 -5.363012 10.879252
1387456620947 658841641708126 329340000000 9.653421 -6.282385 8.121132
1387456621069 658841763320675 329450000000 3.830723 -4.750096 5.209783
1387456621167 658841861678831 329560000000 -0.612916 -2.911349 3.677494
1387456621281 658841975692501 329670000000 -3.524265 -2.298434 4.750096
1387456621390 658842084396115 329780000000 -3.677494 0.612916 8.580819
1387456621497 658842190963498 329890000000 -2.911349 -3.217807 8.580819
1387456621613 658842307143918 330000000000 -2.911349 -2.298434 9.193734
1387456621729 658842422897091 330110000000 -2.298434 -2.451663 9.346964
1387456621825 658842519607296 330220000000 -2.604892 -1.685518 9.959879
1387456621951 658842644912470 330330000000 -3.524265 -2.145205 9.500193
1387456622079 658842773391477 330440000000 -1.532289 -3.371036 8.734048
1387456622181 658842874831907 330550000000 -2.604892 -1.838747 9.193734
