1387382865588 599149607588674 1742586000000 1.072602 -1.991976 9.806650
1387382865673 599149693220998 1742696000000 1.225831 -1.838747 9.806650
1387382865809 599149829329397 1742806000000 2.604892 1.532289 9.959879
1387382865896 599149915785696 1742916000000 5.209783 0.766145 9.346964
1387382866014 599150034193899 1743026000000 8.887277 -3.064578 10.113108
1387382866125 599150145033743 1743136000000 6.282385 -6.588843 8.734048
1387382866235 599150255110647 1743246000000 3.064578 -8.734048 7.354988
1387382866347 599150367476370 1743356000000 1.072602 -5.363012 8.887277
1387382866458 599150478346731 1743466000000 0.306458 -2.758120 9.346964
1387382866569 599150589522268 1743576000000 0.766145 -2.604892 9.346964
1387382866681 599150700819875 1743686000000 0.766145 -2.758120 9.346964
1387382866792 599150811995413 1743796000000 1.072602 -2.451663 9.500193
1387382866903 599150923293020 1743906000000 0.919373 -1.838747 9.959879
1387382867015 599151035048391 1744016000000 1.225831 -1.225831 9.806650
1387382867108 599151128218557 1744126000000 0.459687 -2.604892 9.653421
1387382867220 599151239821340 1744236000000 2.298434 -1.532289 9.653421
1387382867350 599151369948293 1744346000000 0.459687 -2.451663 8.887277
