1387382876087 599160107466604 1753096000000 0.612916 -1.838747 10.113108
1387382876184 599160203963186 1753206000000 1.225831 -1.072602 9.959879
1387382876295 599160314955618 1753316000000 3.830723 2.451663 9.959879
1387382876406 599160426283743 1753426000000 5.822699 1.072602 9.959879
1387382876517 599160537398245 1753536000000 6.435614 -2.145205 9.346964
1387382876629 599160648665335 1753646000000 5.975927 -6.435614 8.887277
1387382876740 599160760115530 1753756000000 1.532289 -8.580819 8.580819
1387382876861 599160880751516 1753866000000 0.000000 -4.596867 8.580819
1387382876973 599160992628958 1753976000000 0.306458 -2.911349 9.346964
1387382877084 599161103590872 1754086000000 0.306458 -2.451663 9.346964
1387382877194 599161214247610 1754196000000 0.612916 -2.451663 9.500193
1387382877306 599161326521780 1754306000000 0.919373 -2.758120 9.653421
1387382877418 599161437636282 1754416000000 0.612916 -2.451663 9.346964
1387382877522 599161542342092 1754526000000 0.612916 -2.604892 9.040505
1387382877634 599161653578665 1754636000000 -0.153229 -2.604892 10.113108
1387382877745 599161765028860 1754746000000 1.379060 -2.604892 11.645397
1387382877855 599161875533010 1754856000000 0.459687 -2.604892 9.040505
