1387382891043 599175063521292 1768046000000 0.459687 -1.072602 10.113108
1387382891155 599175174849417 1768156000000 0.612916 -0.459687 9.806650
1387382891243 599175263594534 1768266000000 2.145205 3.371036 10.726024
1387382891355 599175375197317 1768376000000 5.516241 2.604892 10.266337
1387382891466 599175486098196 1768486000000 8.274362 -2.604892 9.346964
1387382891575 599175595442678 1768596000000 5.363012 -8.580819 7.661446
1387382891687 599175707320120 1768706000000 2.298434 -7.967903 7.967903
1387382891809 599175829451467 1768816000000 1.072602 -5.516241 9.193734
1387382891906 599175926070120 1768926000000 1.225831 -3.983952 8.887277
1387382892017 599176036635305 1769036000000 1.225831 -3.371036 9.193734
1387382892129 599176148726370 1769146000000 1.225831 -2.911349 9.346964
1387382892240 599176259871389 1769256000000 1.532289 -2.911349 9.806650
1387382892350 599176370375540 1769366000000 1.225831 -2.758120 9.653421
1387382892473 599176493025686 1769476000000 1.838747 -2.604892 9.500193
1387382892585 599176604811575 1769586000000 1.225831 -2.911349 9.959879
1387382892688 599176708052541 1769696000000 1.532289 -2.604892 10.266337
1387382892801 599176820906546 1769806000000 3.830723 -4.290410 8.887277
1387382892901 599176920760061 1769916000000 1.072602 -3.064578 9.346964
