1387382909477 599193497511770 1786476000000 0.153229 -1.379060 10.113108
1387382909564 599193583754446 1786586000000 0.612916 -0.766145 9.959879
1387382909698 599193717696096 1786696000000 2.758120 3.677494 10.879252
1387382909784 599193803725149 1786806000000 4.443638 1.532289 10.572795
1387382909906 599193926131155 1786916000000 6.742072 -2.758120 8.887277
1387382910017 599194037276174 1787026000000 5.822699 -7.967903 7.814674
1387382910115 599194134993460 1787136000000 2.451663 -9.040505 7.508216
1387382910226 599194246077444 1787246000000 1.072602 -5.056554 8.580819
1387382910350 599194370406057 1787356000000 0.459687 -3.524265 9.040505
1387382910462 599194482314016 1787466000000 0.766145 -2.911349 9.193734
1387382910560 599194579909231 1787576000000 1.225831 -2.911349 9.500193
1387382910671 599194691145803 1787686000000 1.379060 -2.604892 9.653421
1387382910782 599194801710989 1787796000000 1.379060 -1.838747 9.346964
1387382910905 599194924879934 1787906000000 1.685518 -2.604892 9.346964
1387382911016 599195035902883 1788016000000 1.072602 -2.911349 9.653421
1387382911127 599195147414114 1788126000000 0.459687 -3.217807 9.959879
1387382911239 599195258711721 1788236000000 1.838747 -3.064578 8.887277
