1387382915416 599199436476614 1792426000000 0.306458 -1.072602 10.572795
1387382915530 599199549879934 1792536000000 0.459687 0.306458 10.419566
1387382915642 599199661787893 1792646000000 3.677494 4.137181 10.879252
1387382915752 599199772536184 1792756000000 5.363012 0.612916 10.726024
1387382915849 599199868666555 1792866000000 5.363012 -5.363012 9.193734
1387382915961 599199981459524 1792976000000 3.371036 -7.508216 8.121132
1387382916084 599200103804495 1793086000000 2.145205 -6.282385 8.734048
1387382916195 599200214827444 1793196000000 0.612916 -4.596867 9.040505
1387382916306 599200326338674 1793306000000 0.459687 -3.677494 9.500193
1387382916418 599200438429739 1793416000000 0.612916 -2.911349 9.500193
1387382916529 599200548659231 1793526000000 1.072602 -2.298434 9.500193
1387382916615 599200635451223 1793636000000 1.225831 -2.758120 10.113108
1387382916738 599200757948782 1793746000000 1.072602 -2.298434 9.193734
1387382916850 599200869826223 1793856000000 0.000000 -2.758120 9.193734
1387382916961 599200981032278 1793966000000 4.596867 2.145205 10.266337
1387382917058 599201077742483 1794076000000 0.766145 -2.604892 9.653421
