1387383558963 599842983107473 2435966000000 3.830723 -2.604892 9.346964
1387383559071 599843090804006 2436076000000 3.524265 -2.604892 11.185710
1387383559173 599843192610647 2436186000000 4.750096 -4.596867 22.371420
1387383559295 599843315108206 2436296000000 3.217807 -5.209783 9.346964
1387383559407 599843426863577 2436406000000 1.685518 0.766145 1.072602
1387383559509 599843529311086 2436516000000 2.298434 5.363012 6.435614
1387383559620 599843639906789 2436626000000 -2.298434 5.056554 9.193734
1387383559739 599843759077932 2436736000000 -3.524265 -0.153229 9.040505
1387383559849 599843869429495 2436846000000 -3.064578 -3.524265 7.661446
1387383559961 599843980605032 2436956000000 -2.451663 -4.137181 9.346964
1387383560073 599844093001272 2437066000000 -2.758120 -1.838747 9.806650
1387383560159 599844179396536 2437176000000 -3.064578 -0.919373 9.959879
1387383560271 599844290785696 2437286000000 -2.758120 -0.459687 9.959879
1387383560394 599844414412405 2437396000000 -2.298434 -0.459687 9.500193
1387383560513 599844533064749 2437506000000 -1.225831 -0.766145 9.346964
1387383560600 599844620589163 2437616000000 -2.451663 0.459687 9.500193
1387383560723 599844742628958 2437726000000 -1.991976 2.145205 10.726024
1387383560846 599844865584280 2437836000000 -1.838747 -0.766145 9.500193
