-0.2307692 0.3076923 1.8
-0.2307692 0.3076923 1.8
-0.2307692 0.3076923 1.8
-0.2307692 0.3076923 1.8
-0.2307692 0.3076923 1.8
-0.2307692 0.3076923 1.8
-0.2307692 0.3076923 1.8
-0.2307692 0.3076923 1.8
-0.2307692 0.3076923 1.8
-0.2307692 0.3076923 1.8
-0.2307692 0.3076923 1.8
-0.2307692 0.3076923 1.8
-0.2307692 0.2692308 1.72
-0.2307692 0.2692308 1.68
-0.1923077 0.2692308 1.6
-0.1538462 0.2692308 1.52
-0.1153846 0.3076923 1.44
-0.1153846 0.3076923 1.36
-0.1153846 0.3076923 1.28
-0.1153846 0.2692308 1.2
-0.1153846 0.2307692 1.08
-0.1153846 0.1923077 1
-0.1153846 0.1538462 0.88
-0.07692308 0.1153846 0.76
-0.07692308 0.07692308 0.68
-0.07692308 0.07692308 0.6
-0.07692308 0.03846154 0.56
-0.07692308 0 0.56
-0.07692308 0 0.56
-0.07692308 0 0.56
-0.07692308 0 0.56
-0.07692308 -0.03846154 0.52
-0.03846154 -0.07692308 0.48
-0.03846154 -0.07692308 0.48
-0.03846154 -0.1153846 0.48
-0.03846154 -0.1153846 0.48
-0.03846154 -0.1153846 0.48
0 -0.1538462 0.48
0 -0.1538462 0.56
0 -0.1538462 0.56
0.03846154 -0.1538462 0.56
0.03846154 -0.1923077 0.56
0.03846154 -0.1923077 0.56
