0.2307692 0.3461539 1.36
0.2307692 0.3461539 1.36
0.2307692 0.3461539 1.36
0.2307692 0.3461539 1.36
0.2307692 0.3461539 1.36
0.2307692 0.3461539 1.36
0.2307692 0.3461539 1.36
0.2307692 0.3461539 1.36
0.2307692 0.3461539 1.36
0.2307692 0.3461539 1.36
0.2307692 0.3461539 1.36
0.2307692 0.3461539 1.36
0.1923077 0.3461539 1.44
0.1538462 0.3846154 1.56
0.07692308 0.3846154 1.68
0.03846154 0.3461539 1.76
0 0.3461539 1.84
0 0.3846154 1.88
0 0.4230769 1.88
0 0.4615385 1.88
-0.03846154 0.4230769 1.88
-0.07692308 0.4230769 1.88
-0.1923077 0.3846154 1.88
-0.3076923 0.3076923 1.84
-0.4230769 0.3076923 1.8
-0.5769231 0.2692308 1.72
-0.7307692 0.2307692 1.64
-0.8846154 0.1923077 1.56
-1.038462 0.1153846 1.52
-1.153846 0.03846154 1.4
-1.192308 0 1.28
-1.230769 0.03846154 1.24
-1.230769 0.03846154 1.2
-1.230769 0.03846154 1.12
-1.230769 0 1.08
-1.192308 0.03846154 0.96
-1.153846 0.03846154 0.88
-1.076923 0.07692308 0.8
-1.038462 0.07692308 0.72
-1 0.07692308 0.68
-0.9230769 0.07692308 0.6
-0.8461539 0.07692308 0.48
-0.8076923 0.1153846 0.44
-0.7692308 0.1153846 0.36
-0.6923077 0.1153846 0.32
-0.6538461 0.1153846 0.28
-0.5769231 0.1153846 0.2
-0.5384616 0.07692308 0.16
-0.5 0.07692308 0.12
-0.4615385 0.03846154 0.08
-0.3846154 0.03846154 0.04
-0.3461539 0 0.04
-0.2692308 0 0
-0.2307692 0 -0.08
-0.1538462 0 -0.12
-0.07692308 0 -0.12
0 0 -0.12
0.1153846 -0.03846154 -0.08
0.1923077 -0.07692308 -0.08
0.2692308 -0.07692308 -0.08
0.2692308 -0.1153846 -0.08
0.2692308 -0.1538462 -0.08
0.3076923 -0.1153846 -0.04
0.3461539 -0.1153846 0
0.3461539 -0.1153846 0.04
0.3846154 -0.07692308 0.08
0.3846154 -0.07692308 0.12
0.4230769 -0.03846154 0.16
0.4230769 -0.03846154 0.2
0.3846154 0 0.28
0.3846154 0 0.32
0.3846154 0 0.44
0.3461539 0 0.52
0.3076923 0.03846154 0.56
0.3076923 0.07692308 0.64
0.3461539 0.1538462 0.68
0.3461539 0.1923077 0.76
0.3461539 0.1923077 0.88
0.3076923 0.1923077 1
0.2692308 0.1923077 1.12
0.2692308 0.2307692 1.2
0.3076923 0.3076923 1.36
0.3076923 0.3076923 1.4
0.3076923 0.3076923 1.44
0.2692308 0.2692308 1.48
0.2692308 0.2307692 1.48
0.2692308 0.2307692 1.52
0.3076923 0.2692308 1.56
0.3461539 0.2692308 1.56
0.3461539 0.3076923 1.64
0.3076923 0.3461539 1.68
0.2692308 0.3461539 1.76
0.1923077 0.3461539 1.76
0.1538462 0.3461539 1.72
0.1153846 0.3461539 1.72
0.07692308 0.3846154 1.68
0.03846154 0.4230769 1.68
-0.07692308 0.4230769 1.68
-0.1923077 0.4230769 1.72
-0.3076923 0.4230769 1.72
-0.4230769 0.3846154 1.68
-0.5384616 0.3846154 1.68
-0.6538461 0.3461539 1.68
-0.7692308 0.2692308 1.64
-0.8461539 0.2307692 1.56
-0.8846154 0.1923077 1.52
-0.8461539 0.1538462 1.44
-0.8461539 0.1538462 1.36
-0.8076923 0.1538462 1.28
-0.6923077 0.1538462 1.16
-0.6153846 0.1923077 1.12
-0.5769231 0.1923077 1.08
-0.5 0.1923077 1.04
-0.4615385 0.1923077 1
-0.4230769 0.1923077 0.92
-0.3846154 0.2307692 0.92
-0.3461539 0.2307692 0.88
