-0.7692308 -0.1153846 1
-0.7692308 -0.1153846 1
-0.7692308 -0.1153846 1
-0.7692308 -0.1153846 1
-0.7692308 -0.1153846 1
-0.7692308 -0.1153846 1
-0.7692308 -0.1153846 1
-0.7692308 -0.1153846 1
-0.7692308 -0.1153846 1
-0.7692308 -0.1153846 1
-0.7692308 -0.1153846 1
-0.7692308 -0.1153846 1
-0.7692308 -0.1153846 1
-0.7692308 -0.1153846 0.96
-0.7307692 -0.07692308 0.96
-0.7307692 -0.07692308 0.96
-0.7307692 -0.07692308 1
-0.6923077 -0.03846154 0.96
-0.6538461 -0.03846154 1
-0.6538461 0 1
-0.6538461 0.03846154 1
-0.6923077 0.03846154 0.96
-0.7307692 0.03846154 0.96
-0.7692308 0.03846154 0.92
-0.7692308 0.03846154 0.92
-0.7307692 0.07692308 0.92
-0.6538461 0.1153846 0.92
-0.6153846 0.1923077 0.96
-0.5 0.2307692 1
-0.4615385 0.3076923 1.04
-0.3846154 0.3461539 1.08
-0.3461539 0.3461539 1.08
-0.3461539 0.3461539 1.08
-0.3076923 0.3846154 1.08
-0.3076923 0.3846154 1.08
-0.2307692 0.4230769 1.08
-0.1923077 0.4230769 1.08
-0.1538462 0.4615385 1.08
-0.07692308 0.4615385 1.08
0 0.5 1.08
0.03846154 0.5 1.08
0.07692308 0.5 1.08
0.1153846 0.5 1.04
0.1923077 0.5 1.04
0.2692308 0.5 1
0.3461539 0.5 1
0.3846154 0.5 1
0.3846154 0.4615385 0.96
0.4230769 0.4230769 1
0.4230769 0.3846154 1
0.4230769 0.3846154 1
0.4615385 0.3461539 0.96
0.4615385 0.3076923 0.96
0.4615385 0.2692308 0.92
0.4615385 0.2307692 0.92
0.4615385 0.2307692 0.92
0.4230769 0.1923077 0.92
0.4230769 0.1538462 0.92
0.3846154 0.1538462 0.96
0.3461539 0.1153846 0.96
0.3461539 0.07692308 1
0.3846154 0.07692308 1
0.3846154 0.07692308 0.96
0.4230769 0.07692308 0.96
0.4230769 0.07692308 0.92
0.4230769 0.07692308 0.88
0.4615385 0.07692308 0.84
