0.03846154 -0.1923077 0.28
0.03846154 -0.1923077 0.28
0.03846154 -0.1923077 0.28
0.03846154 -0.1923077 0.28
0.03846154 -0.1923077 0.28
0.03846154 -0.1923077 0.28
0.03846154 -0.1923077 0.28
0.03846154 -0.1923077 0.28
0.03846154 -0.1923077 0.28
0.03846154 -0.1923077 0.28
0.03846154 -0.1923077 0.28
0.03846154 -0.1923077 0.28
0.03846154 -0.1538462 0.32
0.03846154 -0.1538462 0.32
0 -0.1923077 0.4
-0.03846154 -0.1923077 0.4
-0.07692308 -0.2307692 0.44
-0.1153846 -0.2307692 0.44
-0.1538462 -0.2307692 0.36
-0.1153846 -0.2307692 0.36
-0.1153846 -0.1923077 0.32
-0.03846154 -0.1538462 0.32
0 -0.1538462 0.32
0.03846154 -0.1153846 0.4
0.07692308 -0.07692308 0.48
0.07692308 -0.07692308 0.56
0.07692308 -0.03846154 0.6
0.03846154 -0.03846154 0.68
0 -0.03846154 0.72
-0.03846154 -0.03846154 0.8
-0.07692308 -0.03846154 0.84
-0.07692308 0 0.92
-0.07692308 0 1
-0.07692308 0.03846154 1.08
-0.07692308 0.07692308 1.16
-0.1153846 0.1538462 1.28
-0.07692308 0.1538462 1.4
-0.07692308 0.1923077 1.48
-0.1153846 0.1923077 1.56
-0.1538462 0.1538462 1.56
-0.1923077 0.1538462 1.6
-0.2307692 0.1153846 1.6
-0.2692308 0.07692308 1.56
-0.3076923 0.1153846 1.52
-0.3076923 0.1153846 1.52
-0.2692308 0.1538462 1.56
-0.2307692 0.1923077 1.56
-0.1923077 0.1923077 1.6
-0.2307692 0.1923077 1.6
-0.2307692 0.1923077 1.6
-0.2307692 0.1923077 1.6
-0.2307692 0.1923077 1.52
-0.2307692 0.1923077 1.48
-0.2307692 0.2307692 1.44
-0.2307692 0.2307692 1.44
