0.07692308 0.1923077 1.68
0.07692308 0.1923077 1.68
0.07692308 0.1923077 1.68
0.07692308 0.1923077 1.68
0.07692308 0.1923077 1.68
0.07692308 0.1923077 1.68
0.07692308 0.1923077 1.68
0.07692308 0.1923077 1.68
0.07692308 0.1923077 1.68
0.07692308 0.1923077 1.68
0.07692308 0.1923077 1.68
0.07692308 0.1923077 1.68
0 0.2307692 1.8
-0.07692308 0.2307692 1.84
-0.1538462 0.2307692 1.88
-0.2307692 0.1923077 1.88
-0.3461539 0.1153846 1.84
-0.4615385 0.07692308 1.84
-0.5769231 0 1.8
-0.6153846 0 1.76
-0.6538461 0 1.68
-0.7307692 -0.03846154 1.56
-0.7692308 -0.03846154 1.52
-0.7692308 -0.03846154 1.48
-0.7692308 -0.03846154 1.36
-0.7692308 -0.03846154 1.32
-0.8076923 -0.03846154 1.28
-0.8076923 -0.03846154 1.2
-0.8461539 -0.03846154 1.12
-0.8461539 -0.03846154 1
-0.8461539 -0.03846154 0.92
-0.8076923 0 0.84
-0.8076923 0.03846154 0.76
-0.7307692 0.03846154 0.72
-0.7307692 0.03846154 0.68
-0.6923077 0.07692308 0.6
-0.6923077 0.03846154 0.52
-0.6538461 0.03846154 0.44
-0.6538461 0.03846154 0.4
-0.6153846 0.03846154 0.32
-0.6153846 0.03846154 0.24
-0.5769231 0.03846154 0.2
-0.5384616 0.03846154 0.12
-0.4615385 0.07692308 0.08
-0.3846154 0.1153846 0.04
-0.3076923 0.1153846 0
-0.1923077 0.1153846 -0.08
-0.1153846 0.1153846 -0.08
-0.03846154 0.1153846 -0.12
0.03846154 0.1153846 -0.16
0.07692308 0.1153846 -0.2
0.1153846 0.07692308 -0.2
0.1538462 0.03846154 -0.2
0.1923077 0.03846154 -0.16
0.2692308 0.03846154 -0.16
0.3076923 0.03846154 -0.12
0.3846154 0 -0.12
0.3846154 0 -0.08
0.4230769 0 -0.04
0.3846154 -0.03846154 -0.04
0.3846154 0 0
0.3461539 0 0.04
0.3846154 0.03846154 0.12
0.4230769 0.07692308 0.2
0.4230769 0.07692308 0.32
0.4230769 0.1538462 0.4
0.4230769 0.1923077 0.48
0.4230769 0.2307692 0.6
0.3846154 0.3076923 0.76
0.4230769 0.3461539 0.92
0.4230769 0.4230769 1.08
0.4615385 0.4615385 1.2
0.4615385 0.5 1.28
0.5 0.5 1.36
0.4230769 0.5384616 1.44
0.4230769 0.5384616 1.52
0.3461539 0.5 1.64
0.2692308 0.4615385 1.76
0.2307692 0.4615385 1.88
0.1923077 0.4615385 1.92
0.2307692 0.5 1.96
0.2307692 0.5 1.96
0.1538462 0.4615385 1.96
0.07692308 0.4615385 1.92
0 0.4230769 1.92
-0.1153846 0.4230769 1.92
-0.2307692 0.4230769 1.84
-0.3076923 0.3846154 1.8
-0.3846154 0.3846154 1.76
-0.3846154 0.4230769 1.72
-0.4230769 0.5 1.72
-0.4615385 0.5384616 1.68
-0.5769231 0.4615385 1.68
-0.6923077 0.4230769 1.64
-0.7692308 0.3461539 1.6
-0.8076923 0.3461539 1.52
-0.7692308 0.3461539 1.44
-0.7307692 0.3076923 1.32
-0.7307692 0.3076923 1.24
-0.7307692 0.2692308 1.2
-0.6923077 0.2692308 1.16
-0.6538461 0.2692308 1.08
-0.6153846 0.2692308 1.04
-0.5384616 0.2692308 1
-0.5 0.2692308 0.96
-0.4615385 0.2692308 0.92
-0.4230769 0.2692308 0.88
-0.3846154 0.2692308 0.88
-0.3846154 0.2692308 0.88
-0.4230769 0.2307692 0.92
-0.4615385 0.2307692 0.92
-0.4615385 0.1923077 0.88
-0.4615385 0.1923077 0.88
-0.4230769 0.1538462 0.88
-0.4230769 0.1923077 0.84
-0.3846154 0.1923077 0.84
-0.3461539 0.1923077 0.84
