1384267589911 114463834805519 4639546000000 4.443638 -3.830723 8.580819
1384267590038 114463961087258 4639656000000 4.750096 -3.677494 8.121132
1384267590119 114464042965920 4639766000000 5.209783 -3.064578 19.613300
1384267590221 114464144894631 4639876000000 9.040505 -3.983952 18.540699
1384267590348 114464271176369 4639986000000 5.975927 -4.750096 3.064578
1384267590450 114464373227150 4640096000000 1.225831 1.685518 -1.838747
1384267590562 114464485104592 4640206000000 2.145205 12.258313 6.895301
1384267590681 114464604245217 4640316000000 0.919373 -5.056554 9.959879
1384267590779 114464702176125 4640426000000 -5.209783 -9.653421 5.516241
1384267590905 114464828244240 4640536000000 1.532289 -2.758120 2.604892
1384267591005 114464928708107 4640646000000 3.524265 -1.532289 5.669470
1384267591107 114465030636818 4640756000000 6.742072 -8.734048 21.758505
1384267591212 114465135617287 4640866000000 4.290410 -8.580819 10.572795
1384267591340 114465263211281 4640976000000 11.645397 -1.072602 8.734048
1384267591455 114465378933937 4641086000000 12.105083 3.217807 8.274362
1384267591554 114465477597267 4641196000000 5.209783 -3.371036 7.661446
1384267591653 114465576840431 4641306000000 4.750096 -3.064578 8.734048
1384267591783 114465706936867 4641416000000 5.056554 -2.911349 8.121132
1384267591893 114465816342385 4641526000000 4.290410 -2.298434 8.887277
1384267591981 114465904599220 4641636000000 4.750096 -3.677494 7.814674
