1384186403364 79301653877676 1802012000000 -7.661446 5.056554 4.290410
1384186403477 79301766884268 1802122000000 -7.201759 4.443638 3.830723
1384186403590 79301879890860 1802232000000 -4.903325 2.604892 1.379060
1384186403725 79302014961661 1802342000000 -1.991976 -1.379060 0.306458
1384186403812 79302101326407 1802452000000 0.306458 0.153229 9.193734
1384186403926 79302216103018 1802562000000 1.225831 -2.145205 14.250289
1384186404038 79302327431143 1802672000000 4.290410 -3.371036 16.548723
1384186404134 79302423744620 1802782000000 5.516241 -1.838747 13.637373
1384186404245 79302534889639 1802892000000 4.290410 -2.758120 9.040505
1384186404356 79302646217764 1803002000000 5.209783 -2.758120 8.121132
1384186404469 79302758766593 1803112000000 4.443638 -2.604892 7.661446
1384186404580 79302870064200 1803222000000 5.056554 -3.064578 8.121132
1384186404692 79302981728018 1803332000000 4.443638 -3.217807 8.580819
1384186404804 79303093239249 1803442000000 4.596867 -1.838747 8.887277
