1384186413447 79311736977042 1812092000000 -7.354988 4.750096 3.524265
1384186413574 79311863899649 1812202000000 -7.814674 4.596867 4.137181
1384186413689 79311978798331 1812312000000 -7.048530 4.443638 3.064578
1384186413775 79312065132559 1812422000000 -3.983952 1.379060 1.072602
1384186413898 79312187660636 1812532000000 -2.604892 0.459687 3.983952
1384186414019 79312308876456 1812642000000 0.612916 -1.072602 7.814674
1384186414106 79312395393790 1812752000000 2.758120 -1.532289 14.250289
1384186414217 79312506325186 1812862000000 4.903325 -2.298434 14.556746
1384186414328 79312617653311 1812972000000 6.129157 -2.451663 13.330915
1384186414439 79312728828848 1813082000000 4.903325 -2.451663 9.193734
1384186414550 79312840218008 1813192000000 5.669470 -3.064578 7.814674
1384186414662 79312951454581 1813302000000 5.363012 -2.298434 8.427590
1384186414773 79313063026846 1813412000000 4.750096 -2.911349 8.734048
1384186414886 79313175209464 1813522000000 4.290410 -2.911349 8.274362
