1384186448622 79346912178458 1847262000000 -7.661446 2.758120 4.596867
1384186448740 79347029884756 1847372000000 -7.508216 3.217807 5.363012
1384186448852 79347141609610 1847482000000 -5.975927 1.838747 4.290410
1384186448963 79347252510489 1847592000000 -2.145205 0.306458 2.298434
1384186449074 79347364021719 1847702000000 -0.919373 -1.685518 4.903325
1384186449186 79347475288809 1847812000000 2.298434 -2.911349 11.645397
1384186449298 79347587746085 1847922000000 7.048530 -2.451663 16.548723
1384186449385 79347674995841 1848032000000 8.274362 -5.363012 13.024457
1384186449497 79347786476553 1848142000000 6.282385 -3.677494 7.814674
1384186449608 79347897743643 1848252000000 6.282385 -3.064578 6.742072
1384186449719 79348009102286 1848362000000 6.435614 -3.983952 6.895301
1384186449828 79348117714346 1848472000000 6.588843 -3.830723 7.814674
1384186449951 79348241066397 1848582000000 6.435614 -3.524265 7.508216
1384186450062 79348352180899 1848692000000 6.129157 -3.371036 7.201759
1384186450178 79348467812003 1848802000000 6.282385 -3.983952 6.895301
1384186450266 79348555214346 1848912000000 6.282385 -3.524265 7.201759
1384186450377 79348666206778 1849022000000 6.282385 -3.524265 7.048530
1384186450488 79348777412833 1849132000000 6.435614 -3.830723 7.201759
1384186450600 79348889656485 1849242000000 6.435614 -3.677494 6.895301
1384186450712 79349002144278 1849352000000 6.435614 -3.677494 7.354988
1384186450824 79349113655508 1849462000000 6.129157 -3.830723 7.354988
1384186450935 79349224861563 1849572000000 6.282385 -3.677494 7.354988
1384186451046 79349336189688 1849682000000 6.129157 -3.677494 7.201759
1384186451156 79349446144522 1849792000000 6.282385 -3.830723 7.048530
1384186451268 79349557320059 1849902000000 6.129157 -3.677494 7.201759
1384186451379 79349668556632 1850012000000 5.975927 -3.983952 7.508216
1384186451490 79349779610098 1850122000000 5.822699 -4.137181 6.742072
1384186451602 79349891304434 1850232000000 6.588843 -3.371036 7.814674
