1384268454630 115328553280862 5504366000000 0.000000 0.153229 10.113108
1384268454732 115328655087502 5504476000000 0.000000 -0.459687 9.500193
1384268454832 115328755551370 5504586000000 0.919373 -2.758120 2.758120
1384268454946 115328869290384 5504696000000 3.677494 -4.290410 -2.298434
1384268455067 115328990445168 5504806000000 13.024457 -4.137181 10.572795
1384268455168 115329091671975 5504916000000 15.322891 -4.137181 18.234240
1384268455287 115329210293801 5505026000000 9.806650 -0.766145 14.556746
1384268455396 115329319668801 5505136000000 11.951855 -4.443638 12.871228
1384268455507 115329430874856 5505246000000 11.951855 -3.677494 7.354988
1384268455609 115329532010110 5505356000000 4.443638 -1.225831 1.379060
1384268455735 115329658261331 5505466000000 -0.766145 0.459687 2.758120
1384268455834 115329757504495 5505576000000 0.766145 -3.217807 7.967903
1384268455935 115329858304055 5505686000000 -0.459687 0.153229 10.572795
1384268456063 115329986599954 5505796000000 0.306458 1.225831 10.113108
1384268456177 115330100338967 5505906000000 0.612916 0.306458 10.726024
1384268456277 115330200619729 5506016000000 -0.153229 0.919373 9.959879
