1384268507448 115381371151955 5557226000000 -0.459687 0.000000 10.113108
1384268507578 115381501065285 5557336000000 -0.306458 0.306458 9.959879
1384268507689 115381612240822 5557446000000 -0.459687 -0.459687 8.887277
1384268507791 115381714566262 5557556000000 2.758120 -3.983952 -6.282385
1384268507902 115381825772316 5557666000000 11.338940 -6.588843 2.451663
1384268508001 115381924679787 5557776000000 15.476120 -3.371036 23.750481
1384268508127 115382050381691 5557886000000 8.121132 -2.145205 14.556746
1384268508232 115382155850441 5557996000000 9.653421 -3.217807 15.169662
1384268508333 115382256375344 5558106000000 11.185710 -2.758120 11.798626
1384268508461 115382384701760 5558216000000 6.129157 -0.919373 3.677494
1384268508562 115382485226662 5558326000000 1.532289 0.000000 3.064578
1384268508666 115382589535744 5558436000000 -0.459687 -0.459687 7.048530
1384268508789 115382712124855 5558546000000 -0.612916 1.991976 9.959879
1384268508890 115382813412697 5558656000000 -0.306458 2.758120 10.113108
1384268508993 115382916958840 5558766000000 -0.919373 0.919373 10.572795
1384268509102 115383025509865 5558876000000 -0.459687 0.459687 9.959879
1384268509229 115383152859719 5558986000000 -0.766145 0.000000 9.806650
