0.03846154 -0.4230769 0.76
0.03846154 -0.4230769 0.76
0.03846154 -0.4230769 0.76
0.03846154 -0.4230769 0.76
0.03846154 -0.4230769 0.76
0.03846154 -0.4230769 0.76
0 -0.4615385 0.8
0 -0.4615385 0.8
0 -0.4615385 0.8
0 -0.4615385 0.8
0 -0.4615385 0.8
0 -0.4615385 0.8
-0.03846154 -0.4615385 0.8
-0.03846154 -0.5 0.8
-0.07692308 -0.5384616 0.8
-0.07692308 -0.5769231 0.76
-0.1153846 -0.6153846 0.76
-0.07692308 -0.6153846 0.76
-0.07692308 -0.5769231 0.76
-0.07692308 -0.5384616 0.8
-0.07692308 -0.5 0.8
-0.07692308 -0.4615385 0.84
-0.1153846 -0.4230769 0.84
-0.1538462 -0.3846154 0.88
-0.1538462 -0.3461539 0.88
-0.1538462 -0.3461539 0.8
-0.1538462 -0.3461539 0.76
-0.1538462 -0.3461539 0.72
-0.1923077 -0.3461539 0.72
-0.2307692 -0.3076923 0.72
-0.2307692 -0.2692308 0.68
-0.2692308 -0.2307692 0.68
-0.3076923 -0.1923077 0.68
-0.3076923 -0.1923077 0.64
-0.2692308 -0.1923077 0.64
-0.2692308 -0.1923077 0.64
-0.2692308 -0.2307692 0.6
-0.2307692 -0.1923077 0.56
-0.2307692 -0.2307692 0.56
-0.2307692 -0.2307692 0.56
-0.1923077 -0.2692308 0.56
-0.1538462 -0.3076923 0.56
-0.1153846 -0.3461539 0.6
-0.03846154 -0.3846154 0.6
0 -0.4615385 0.64
0.07692308 -0.5 0.68
0.1153846 -0.4615385 0.76
0.2307692 -0.3846154 0.84
0.5384616 -0.2307692 0.96
0.7307692 -0.1923077 1
0.8846154 -0.1538462 1.08
0.9615384 -0.1538462 1.12
1.038462 -0.1538462 1.12
1.076923 -0.1923077 1.16
1.076923 -0.1923077 1.2
1.076923 -0.1923077 1.24
1.076923 -0.1538462 1.28
1.076923 -0.1538462 1.32
1.076923 -0.1153846 1.28
1.076923 -0.1153846 1.24
1.038462 -0.1538462 1.16
1 -0.1153846 1.08
0.9615384 -0.1153846 1
0.9230769 -0.07692308 0.96
0.8846154 -0.07692308 0.72
0.8461539 -0.03846154 0.64
0.8461539 -0.03846154 0.56
0.8461539 0 0.48
0.8461539 0.07692308 0.4
0.8461539 0.07692308 0.32
0.8461539 0.1153846 0.32
0.7692308 0.1153846 0.28
0.7692308 0.1538462 0.28
0.7307692 0.1538462 0.24
0.7307692 0.1538462 0.24
0.7307692 0.1923077 0.24
0.6923077 0.1923077 0.24
0.6923077 0.1923077 0.24
0.6153846 0.2307692 0.32
0.5769231 0.2307692 0.4
0.5 0.2307692 0.52
0.3846154 0.2307692 0.68
0.3076923 0.2307692 0.84
0.1923077 0.2307692 1.04
0.1153846 0.1923077 1.16
0.03846154 0.1538462 1.32
-0.03846154 0.1153846 1.44
-0.07692308 0.07692308 1.56
-0.1153846 0.07692308 1.68
-0.1923077 0 1.8
-0.2692308 -0.03846154 1.92
-0.3076923 -0.07692308 1.96
-0.3076923 -0.03846154 1.96
-0.2692308 -0.07692308 1.84
-0.2307692 0 1.76
-0.1538462 0.03846154 1.72
-0.07692308 0.07692308 1.68
-0.03846154 0.1153846 1.6
0 0.1153846 1.52
0 0.1153846 1.48
0.03846154 0.1538462 1.4
0.07692308 0.1538462 1.32
0.1153846 0.1923077 1.24
0.1153846 0.1923077 1.2
0.1153846 0.1538462 1.16
0.1153846 0.1538462 1.12
0.1153846 0.1538462 1.04
0.1153846 0.1538462 1
0.1538462 0.1538462 0.92
0.1538462 0.1538462 0.88
