0.1538462 -0.07692308 1.04
0.1538462 -0.07692308 1.04
0.1538462 -0.07692308 1.04
0.1538462 -0.07692308 1.04
0.1538462 -0.07692308 1.04
0.1538462 -0.07692308 1.04
0.1538462 -0.07692308 1.04
0.1538462 -0.07692308 1.04
0.1153846 -0.07692308 1.04
0.1153846 -0.07692308 1.04
0.1538462 -0.07692308 1.04
0.1538462 -0.07692308 1.04
0.1538462 -0.07692308 1.04
0.1538462 -0.07692308 1.04
0.1538462 -0.07692308 1.04
0.1923077 -0.1153846 1
0.1923077 -0.1153846 1.04
0.1923077 -0.1153846 1.04
0.1923077 -0.1153846 1.08
0.1923077 -0.1153846 1.08
0.2307692 -0.1153846 1.12
0.2307692 -0.1153846 1.12
0.2307692 -0.1538462 1.12
0.2692308 -0.1153846 1.16
0.2692308 -0.1153846 1.16
0.3076923 -0.1153846 1.2
0.3076923 -0.1538462 1.24
0.3461539 -0.1538462 1.28
0.3076923 -0.1923077 1.36
0.2692308 -0.2307692 1.48
0.2692308 -0.2692308 1.6
0.2692308 -0.3076923 1.72
0.2692308 -0.3076923 1.8
0.2692308 -0.3076923 1.88
0.2692308 -0.3076923 1.96
0.2307692 -0.3076923 2.04
0.2307692 -0.3076923 2.04
0.2307692 -0.2307692 2
0.2307692 -0.2307692 1.92
0.1923077 -0.1923077 1.8
0.1923077 -0.1538462 1.68
0.1923077 -0.1153846 1.6
0.1538462 -0.07692308 1.48
0.1153846 -0.03846154 1.32
0.07692308 -0.03846154 1.04
0 -0.07692308 0.8
0 -0.07692308 0.6
0 -0.03846154 0.48
-0.03846154 -0.03846154 0.44
-0.03846154 0 0.36
0 0 0.28
0 0 0.2
0 0 0.12
0.03846154 -0.03846154 0.08
0.07692308 -0.03846154 0.08
0.07692308 -0.03846154 0.08
0.07692308 -0.07692308 0.04
0.07692308 -0.1153846 0.04
0.03846154 -0.1538462 0.12
0.03846154 -0.1538462 0.16
0.03846154 -0.1538462 0.2
0 -0.1923077 0.28
-0.03846154 -0.2307692 0.36
-0.03846154 -0.2307692 0.44
-0.1153846 -0.2692308 0.52
-0.1538462 -0.2692308 0.6
-0.2692308 -0.3461539 0.68
-0.3846154 -0.4230769 0.8
-0.5384616 -0.5384616 0.84
-0.6153846 -0.5769231 0.88
-0.7307692 -0.6538461 0.96
-0.7307692 -0.6153846 0.96
-0.7307692 -0.5769231 0.96
-0.6923077 -0.5769231 0.96
-0.6538461 -0.5384616 0.96
-0.6538461 -0.5 0.88
-0.6153846 -0.4615385 0.84
-0.5769231 -0.5 0.76
-0.5769231 -0.5 0.76
-0.5769231 -0.5384616 0.8
-0.5384616 -0.5384616 0.84
-0.5 -0.5384616 0.84
-0.4230769 -0.5 0.84
-0.3461539 -0.5 0.84
-0.2307692 -0.4615385 0.88
-0.1153846 -0.4230769 0.88
0 -0.3461539 0.84
0.1153846 -0.3461539 0.84
0.2692308 -0.3076923 0.84
0.3461539 -0.3076923 0.84
0.4230769 -0.2692308 0.84
0.5384616 -0.2692308 0.88
0.5769231 -0.2692308 0.88
0.6153846 -0.2692308 0.92
0.6538461 -0.2692308 0.92
0.6538461 -0.2692308 0.92
0.6538461 -0.3076923 0.92
0.6153846 -0.3461539 0.84
0.6153846 -0.3461539 0.8
0.6153846 -0.3461539 0.76
0.6153846 -0.3846154 0.72
0.5384616 -0.3846154 0.68
0.5 -0.3846154 0.68
0.4230769 -0.3846154 0.68
0.4230769 -0.3846154 0.64
0.3846154 -0.3461539 0.64
0.3461539 -0.3461539 0.56
0.3076923 -0.3461539 0.56
0.2307692 -0.3461539 0.52
0.1923077 -0.3076923 0.48
0.1923077 -0.2692308 0.44
0.1538462 -0.2692308 0.36
0.1538462 -0.2307692 0.32
0.1538462 -0.1923077 0.32
0.1153846 -0.1538462 0.28
0.1153846 -0.1153846 0.28
0.1153846 -0.07692308 0.24
0.07692308 -0.03846154 0.24
0.07692308 -0.03846154 0.24
0.03846154 0 0.24
0 0 0.24
-0.03846154 0 0.2
0 0.03846154 0.16
0 0.07692308 0.16
0.03846154 0.07692308 0.16
0.03846154 0.07692308 0.2
0.03846154 0.07692308 0.28
0.03846154 0 0.36
0.03846154 -0.07692308 0.52
-0.03846154 -0.1153846 0.64
-0.03846154 -0.2692308 0.8
-0.1153846 -0.2692308 1.04
-0.07692308 -0.2692308 1.24
0 -0.3076923 1.4
0.03846154 -0.2692308 1.56
0.1153846 -0.2307692 1.72
0.1923077 -0.1538462 1.84
0.3076923 -0.1153846 1.96
0.3461539 -0.07692308 2.12
0.3461539 -0.07692308 2.2
0.3846154 -0.07692308 2.24
0.3846154 -0.07692308 2.2
0.4230769 -0.1153846 2.12
0.4615385 -0.1153846 2.04
0.4615385 -0.1538462 1.92
0.4615385 -0.1538462 1.8
0.5 -0.1538462 1.68
0.5384616 -0.1538462 1.56
0.5769231 -0.1153846 1.52
0.6538461 -0.07692308 1.4
0.6923077 -0.03846154 1.32
0.7307692 0 1.28
0.8076923 0 1.16
0.8076923 0.03846154 1.12
0.8461539 0.07692308 1
0.8461539 0.07692308 0.96
0.8461539 0.07692308 0.88
0.8461539 0.07692308 0.84
0.8846154 0.1153846 0.76
0.8846154 0.1538462 0.72
0.8461539 0.1923077 0.68
0.8461539 0.2307692 0.64
0.8076923 0.2692308 0.6
0.7307692 0.3076923 0.6
0.6923077 0.3846154 0.64
0.5769231 0.3846154 0.68
0.4615385 0.3846154 0.76
0.3076923 0.3846154 0.84
0.1153846 0.3846154 0.96
0 0.3461539 1.04
-0.1538462 0.3076923 1.08
-0.2692308 0.2692308 1.12
-0.4230769 0.2307692 1.24
-0.5769231 0.1538462 1.2
-0.6538461 0.07692308 1.24
-0.7307692 0 1.2
-0.6923077 0 1.2
