-0.1923077 -0.07692308 1.36
-0.1923077 -0.07692308 1.36
-0.1923077 -0.07692308 1.36
-0.1923077 -0.07692308 1.36
-0.1923077 -0.07692308 1.36
-0.1923077 -0.07692308 1.36
-0.1923077 -0.07692308 1.36
-0.1923077 -0.07692308 1.36
-0.2692308 -0.1153846 1.52
-0.2692308 -0.1153846 1.52
-0.2692308 -0.1153846 1.52
-0.2692308 -0.1153846 1.52
-0.2692308 -0.1153846 1.52
-0.3076923 -0.1538462 1.64
-0.2692308 -0.1538462 1.72
-0.1923077 -0.1153846 1.8
-0.07692308 -0.07692308 1.8
0.07692308 -0.03846154 1.8
0.2307692 0.03846154 1.88
0.3461539 0.1153846 2
0.5 0.1923077 2.08
0.6153846 0.2692308 2.2
0.7307692 0.3076923 2.32
0.8461539 0.3846154 2.4
0.9615384 0.4615385 2.4
1.038462 0.5 2.32
1.153846 0.5384616 2.2
1.192308 0.5769231 2.08
1.230769 0.5769231 1.92
1.269231 0.5769231 1.76
1.269231 0.5769231 1.6
1.269231 0.6153846 1.44
1.346154 0.6153846 1.32
1.384615 0.6153846 1.2
1.384615 0.6538461 1.08
1.423077 0.6538461 0.96
1.384615 0.6923077 0.84
1.346154 0.6923077 0.72
1.307692 0.6538461 0.6
1.230769 0.6538461 0.48
1.192308 0.6153846 0.4
1.115385 0.5769231 0.36
1.076923 0.5 0.32
1 0.4615385 0.28
0.9615384 0.4615385 0.28
0.9230769 0.4230769 0.08
0.8461539 0.3846154 0.04
0.7692308 0.3461539 -0.04
0.7307692 0.3076923 -0.08
0.6538461 0.2692308 -0.12
0.5769231 0.2692308 -0.16
0.5384616 0.2692308 -0.2
0.5 0.2692308 -0.24
0.5 0.2692308 -0.24
0.4230769 0.2692308 -0.24
0.3846154 0.2692308 -0.24
0.3076923 0.2692308 -0.24
0.1923077 0.2307692 -0.24
0.07692308 0.1923077 -0.2
0 0.1538462 -0.2
-0.07692308 0.1153846 -0.2
-0.1538462 0.1153846 -0.2
-0.2307692 0.07692308 -0.24
-0.2307692 0.07692308 -0.28
-0.2692308 0.07692308 -0.28
-0.2307692 0.07692308 -0.28
-0.2307692 0.07692308 -0.2
-0.2692308 0.1153846 -0.16
-0.2692308 0.1153846 -0.08
-0.3076923 0.1538462 0
-0.3846154 0.1538462 0.04
-0.4230769 0.1538462 0.04
-0.4615385 0.1153846 0.12
-0.5 0.1153846 0.16
-0.5 0.1538462 0.16
-0.4615385 0.1923077 0.16
-0.4615385 0.3076923 0.24
-0.4615385 0.3461539 0.4
-0.4615385 0.3846154 0.6
-0.5769231 0.3461539 0.76
-0.6538461 0.3076923 0.96
-0.8076923 0.2692308 1.2
-0.9230769 0.1923077 1.36
-1 0.1923077 1.44
-1 0.1923077 1.52
-1 0.2307692 1.6
-0.9230769 0.2307692 1.72
-0.8461539 0.2307692 1.88
-0.7692308 0.2692308 2
-0.6923077 0.2692308 2.04
-0.5769231 0.3076923 2.08
-0.5 0.3846154 2.16
-0.4230769 0.4230769 2.24
-0.4230769 0.4615385 2.32
-0.3461539 0.5 2.36
-0.2307692 0.5 2.32
-0.1153846 0.4615385 2.24
0 0.4615385 2.16
0.1153846 0.5 2.08
0.4615385 0.6153846 1.88
0.6153846 0.7307692 1.76
0.8461539 0.8076923 1.56
1.038462 0.8461539 1.48
1.192308 0.8461539 1.32
1.269231 0.8461539 1.2
1.307692 0.8076923 1
1.269231 0.7692308 0.88
1.230769 0.6923077 0.84
1.230769 0.6923077 0.8
1.192308 0.6538461 0.76
1.192308 0.6153846 0.76
1.153846 0.6153846 0.68
1.076923 0.5769231 0.68
1.038462 0.5384616 0.64
1 0.5384616 0.56
