-0.1538462 -0.07692308 0.84
-0.1538462 -0.07692308 0.84
-0.1538462 -0.07692308 0.88
-0.1538462 -0.07692308 0.88
-0.1538462 -0.07692308 0.88
-0.1538462 -0.07692308 0.88
-0.1538462 -0.07692308 0.88
-0.1538462 -0.07692308 0.88
-0.1538462 -0.07692308 0.88
-0.1538462 -0.07692308 0.88
-0.1538462 -0.03846154 0.96
-0.1538462 -0.03846154 0.96
-0.1538462 0 1.04
-0.1923077 0 1.12
-0.2307692 0.03846154 1.24
-0.2307692 0.03846154 1.36
-0.1923077 0.03846154 1.44
-0.1538462 0.07692308 1.52
-0.1153846 0.1153846 1.6
-0.07692308 0.1153846 1.68
0 0.1153846 1.72
0.07692308 0.1153846 1.76
0.1153846 0.1538462 1.8
0.1923077 0.1538462 1.88
0.2692308 0.1538462 1.92
0.3846154 0.1923077 2
0.5384616 0.2692308 2.08
0.7307692 0.3461539 2.12
0.8846154 0.3461539 2.2
1 0.3461539 2.24
1.076923 0.3461539 2.24
1.038462 0.3846154 2.24
0.9615384 0.3846154 2.24
0.9230769 0.3846154 2.16
0.8846154 0.4615385 2.08
0.9230769 0.5384616 1.96
1.038462 0.6153846 1.76
1.115385 0.6538461 1.56
1.192308 0.6923077 1.36
1.230769 0.7307692 1.2
1.269231 0.7692308 1.04
1.269231 0.7692308 0.92
1.230769 0.7692308 0.8
1.230769 0.7692308 0.72
1.153846 0.7307692 0.64
1.076923 0.6923077 0.52
1.038462 0.6538461 0.4
0.9615384 0.6153846 0.28
0.9230769 0.5769231 0.16
0.8461539 0.5384616 0.08
0.7692308 0.5 0
0.7307692 0.4615385 -0.08
0.6923077 0.4615385 -0.2
0.6538461 0.4230769 -0.28
0.6538461 0.4230769 -0.36
0.6538461 0.4230769 -0.36
0.6153846 0.3846154 -0.4
0.5384616 0.3461539 -0.36
0.4615385 0.3076923 -0.36
0.3846154 0.3076923 -0.4
0.3076923 0.2692308 -0.4
0.2692308 0.2307692 -0.4
0.2307692 0.2307692 -0.4
0.1538462 0.1923077 -0.32
0.1153846 0.1923077 -0.32
0.03846154 0.1923077 -0.32
-0.07692308 0.1538462 -0.32
-0.1538462 0.1538462 -0.28
-0.2307692 0.1923077 -0.28
-0.3076923 0.1538462 -0.28
-0.3461539 0.1538462 -0.24
-0.4230769 0.1538462 -0.2
-0.6153846 0.1538462 -0.04
-0.6923077 0.1153846 -0.04
-0.7692308 0.07692308 -0.04
-0.8076923 0.03846154 -0.04
-0.8076923 0 -0.04
-0.8461539 0 0.04
-0.9230769 0 0.12
-0.9615384 0.03846154 0.2
-1 0.03846154 0.28
-1.076923 0.07692308 0.36
-1.115385 0.1153846 0.44
-1.153846 0.1153846 0.52
-1.230769 0.07692308 0.6
-1.269231 0 0.76
-1.269231 0 0.76
-1.307692 0 0.84
-1.307692 0.07692308 0.96
-1.307692 0.07692308 1.08
-1.230769 0.1538462 1.2
-1.115385 0.1923077 1.32
-1 0.2692308 1.48
-0.8846154 0.3076923 1.64
-0.8076923 0.3461539 1.8
-0.6923077 0.4230769 1.92
-0.5384616 0.5 2
-0.3846154 0.5384616 2
-0.1923077 0.5384616 2
-0.03846154 0.5769231 2.04
0.1153846 0.5384616 2.04
0.3076923 0.6153846 2.12
0.5384616 0.6538461 2.12
0.6923077 0.6538461 2.16
0.8461539 0.7307692 2.2
