0.07692308 -0.3846154 -0.04
0.07692308 -0.3846154 -0.04
0.03846154 -0.4230769 -0.08
0.03846154 -0.4230769 -0.08
0.03846154 -0.4230769 -0.08
0.03846154 -0.4230769 -0.08
0.03846154 -0.4230769 -0.08
0 -0.4615385 -0.08
0 -0.4615385 -0.08
0 -0.4615385 -0.08
0 -0.4615385 -0.08
0 -0.4615385 -0.08
0 -0.4615385 -0.04
0.03846154 -0.5 -0.04
0.03846154 -0.5 -0.04
0.03846154 -0.5384616 -0.04
0.03846154 -0.5384616 -0.08
0 -0.5769231 -0.08
0 -0.6153846 -0.12
-0.03846154 -0.6153846 -0.12
-0.03846154 -0.6538461 -0.12
-0.03846154 -0.6538461 -0.12
-0.03846154 -0.6538461 -0.12
-0.03846154 -0.6538461 -0.12
0 -0.6538461 -0.12
0 -0.6538461 -0.12
0.03846154 -0.6538461 -0.12
0.03846154 -0.6538461 -0.12
0.03846154 -0.6538461 -0.08
0.03846154 -0.6538461 -0.08
0 -0.6153846 -0.08
0 -0.6153846 -0.04
0 -0.5769231 -0.04
0 -0.5384616 0
0.03846154 -0.5 0
0.03846154 -0.4615385 0.04
0.03846154 -0.4615385 0.08
0.03846154 -0.4615385 0.08
0.03846154 -0.4615385 0.12
0.03846154 -0.4615385 0.16
0.03846154 -0.4230769 0.16
0.03846154 -0.4230769 0.16
0.07692308 -0.3846154 0.16
0.07692308 -0.3461539 0.16
0.07692308 -0.3076923 0.24
0.07692308 -0.2692308 0.28
0.07692308 -0.2692308 0.32
0.03846154 -0.2692308 0.32
0.03846154 -0.2307692 0.32
0.03846154 -0.2307692 0.32
0.1153846 -0.1538462 0.28
0.1538462 -0.07692308 0.32
0.1923077 0 0.36
0.1923077 0.03846154 0.4
0.1153846 0.07692308 0.48
0.07692308 0.1153846 0.6
0.03846154 0.1538462 0.68
0 0.1923077 0.8
0 0.3076923 0.88
0.03846154 0.3076923 0.96
0.1153846 0.3846154 1
0.1923077 0.4615385 1.12
0.1923077 0.5384616 1.24
0.1923077 0.5769231 1.4
0.1538462 0.5769231 1.56
0.1153846 0.5 1.72
0.03846154 0.5 1.88
0 0.4615385 2
-0.03846154 0.4615385 2.12
0 0.4615385 2.2
0.03846154 0.5 2.28
0.07692308 0.4615385 2.36
0.1153846 0.4615385 2.44
0.1923077 0.4230769 2.48
0.2692308 0.4230769 2.48
0.3076923 0.3846154 2.4
0.3076923 0.3461539 2.4
0.2307692 0.2692308 2.4
0.07692308 0.1923077 2.48
-0.07692308 0.07692308 2.48
-0.1538462 0.03846154 2.4
