1384355787847 146216249619382 1494674000000 -0.306458 1.532289 10.419566
1384355787942 146216345047849 1494784000000 -0.459687 1.379060 10.726024
1384355788061 146216463822263 1494894000000 -0.306458 1.532289 10.113108
1384355788179 146216581833737 1495004000000 0.000000 3.524265 7.201759
1384355788290 146216693436520 1495114000000 0.306458 2.145205 0.306458
1384355788389 146216792405026 1495224000000 4.137181 0.766145 -1.379060
1384355788510 146216913559811 1495334000000 17.927782 -9.040505 2.451663
1384355788618 146217021408932 1495444000000 21.911734 -8.580819 15.629349
1384355788718 146217121018308 1495554000000 13.484144 -4.596867 17.468096
1384355788825 146217227738278 1495664000000 16.701952 -2.451663 11.185710
1384355788943 146217346024411 1495774000000 15.322891 -5.363012 4.443638
1384355789045 146217447647946 1495884000000 8.887277 -2.758120 4.443638
1384355789166 146217569352048 1495994000000 2.758120 -1.225831 2.145205
1384355789289 146217691941159 1496104000000 -1.379060 -1.379060 3.677494
1384355789390 146217793106931 1496214000000 -1.991976 0.153229 7.048530
1384355789492 146217894852536 1496324000000 -1.225831 -0.306458 9.500193
1384355789594 146217996781247 1496434000000 -1.072602 0.766145 9.653421
1384355789719 146218122422116 1496544000000 -0.919373 -0.459687 10.726024
1384355789820 146218223038571 1496654000000 0.919373 -2.451663 11.951855
1384355789931 146218334305661 1496764000000 -0.766145 -0.612916 9.959879
1384355790041 146218444321530 1496874000000 -1.379060 -0.612916 10.113108
1384355790146 146218549057858 1496984000000 -0.919373 -0.459687 9.959879
1384355790257 146218659806149 1497094000000 -1.225831 -0.306458 9.653421
1384355790367 146218770554440 1497204000000 -1.072602 -0.459687 9.806650
1384355790471 146218874344723 1497314000000 -1.072602 -0.459687 9.500193
1384355790584 146218987290280 1497424000000 -0.612916 0.000000 9.959879
1384355790696 146219099106686 1497534000000 -0.919373 0.459687 9.959879
1384355790808 146219210678952 1497644000000 -0.612916 0.000000 9.653421
1384355790919 146219322586911 1497754000000 -1.991976 0.153229 10.726024
1384355791041 146219444046872 1497864000000 -0.919373 -0.153229 9.806650
