1384355813747 146242150467771 1520584000000 -0.612916 0.766145 10.266337
1384355813858 146242261216061 1520694000000 -0.459687 0.766145 9.653421
1384355813987 146242389847653 1520804000000 0.000000 0.919373 9.346964
1384355814071 146242474411862 1520914000000 0.306458 1.838747 4.137181
1384355814194 146242596787351 1521024000000 1.838747 0.153229 0.000000
1384355814306 146242709122556 1521134000000 7.508216 -2.758120 0.612916
1384355814418 146242821091550 1521244000000 22.218191 -9.346964 13.484144
1384355814529 146242932328122 1521354000000 15.322891 -2.298434 19.919758
1384355814640 146243042710202 1521464000000 17.008410 -1.838747 12.411542
1384355814753 146243155838864 1521574000000 16.855181 -2.298434 7.201759
1384355814849 146243252030271 1521684000000 9.346964 -4.903325 2.758120
1384355814961 146243363846677 1521794000000 3.371036 -2.758120 3.983952
1384355815071 146243474167722 1521904000000 -1.685518 -0.766145 5.209783
1384355815183 146243585801022 1522014000000 -2.604892 1.072602 5.975927
1384355815294 146243697190183 1522124000000 -2.451663 -0.459687 8.887277
1384355815395 146243797989743 1522234000000 -3.371036 0.306458 8.734048
1384355815517 146243920517819 1522344000000 -2.145205 -0.766145 9.653421
1384355815630 146244033066647 1522454000000 -2.758120 -0.766145 9.346964
1384355815727 146244130387204 1522564000000 -2.451663 -0.306458 9.346964
1384355815838 146244241227048 1522674000000 -2.451663 -0.459687 10.113108
