-0.1538462 0.3076923 1.64
-0.1538462 0.3076923 1.64
-0.1538462 0.3076923 1.64
-0.1538462 0.3076923 1.64
-0.1538462 0.3076923 1.64
-0.1538462 0.3076923 1.64
-0.1538462 0.3076923 1.64
-0.1538462 0.3076923 1.64
-0.1923077 0.2692308 1.64
-0.1923077 0.2692308 1.64
-0.1923077 0.2692308 1.64
-0.2307692 0.2307692 1.64
-0.1923077 0.1923077 1.68
-0.1923077 0.1923077 1.68
-0.1538462 0.1923077 1.68
-0.1153846 0.1923077 1.68
-0.1153846 0.2307692 1.64
-0.07692308 0.2307692 1.6
-0.07692308 0.2307692 1.56
-0.07692308 0.2307692 1.48
-0.07692308 0.1923077 1.36
-0.07692308 0.1923077 1.28
-0.1153846 0.1538462 1.24
-0.1538462 0.1538462 1.16
-0.1538462 0.1153846 1.12
-0.1538462 0.1153846 1.04
-0.1153846 0.07692308 0.92
-0.1153846 0.07692308 0.84
-0.07692308 0.1153846 0.76
0 0.1153846 0.68
0.03846154 0.07692308 0.6
0.03846154 0.03846154 0.52
0.07692308 0 0.48
0.07692308 0 0.44
0.07692308 -0.03846154 0.44
0.03846154 -0.03846154 0.44
0 -0.07692308 0.36
0 -0.1153846 0.32
-0.03846154 -0.1923077 0.32
-0.03846154 -0.1923077 0.24
-0.07692308 -0.2307692 0.24
-0.07692308 -0.2692308 0.24
-0.07692308 -0.3076923 0.2
-0.07692308 -0.3461539 0.24
-0.07692308 -0.3846154 0.32
-0.1153846 -0.3846154 0.36
-0.1538462 -0.4230769 0.4
-0.2307692 -0.4230769 0.48
-0.3076923 -0.4615385 0.52
-0.3846154 -0.5 0.6
-0.4230769 -0.5384616 0.6
-0.4615385 -0.5769231 0.64
-0.4615385 -0.5769231 0.68
-0.4615385 -0.5769231 0.76
-0.5 -0.5769231 0.8
-0.4615385 -0.5769231 0.84
-0.4615385 -0.5769231 0.84
-0.4615385 -0.5769231 0.88
-0.4615385 -0.5769231 0.88
-0.5 -0.6153846 0.88
-0.5 -0.6153846 0.92
-0.4615385 -0.6153846 0.92
-0.4230769 -0.6153846 0.88
-0.3846154 -0.5769231 0.88
-0.3461539 -0.5384616 0.88
-0.3076923 -0.5 0.88
-0.2692308 -0.4615385 0.84
-0.1923077 -0.4615385 0.8
-0.1538462 -0.4230769 0.76
-0.07692308 -0.4230769 0.76
-0.03846154 -0.4230769 0.72
0 -0.4230769 0.76
0.03846154 -0.3846154 0.72
0.1153846 -0.3846154 0.68
0.1538462 -0.3846154 0.68
0.1923077 -0.3461539 0.68
0.2307692 -0.3461539 0.68
0.2692308 -0.3461539 0.68
0.2692308 -0.3461539 0.64
0.3076923 -0.3461539 0.68
0.3461539 -0.3076923 0.68
0.4230769 -0.3076923 0.64
0.4230769 -0.3076923 0.68
0.3846154 -0.3076923 0.72
0.3461539 -0.3461539 0.72
0.3076923 -0.3461539 0.72
0.2692308 -0.3461539 0.76
0.2692308 -0.3846154 0.76
0.2692308 -0.3846154 0.76
0.2692308 -0.3846154 0.72
0.2307692 -0.3846154 0.68
0.1923077 -0.3846154 0.72
0.1153846 -0.4230769 0.72
0.07692308 -0.4230769 0.72
0.03846154 -0.4230769 0.68
0 -0.3846154 0.64
-0.03846154 -0.3846154 0.6
-0.07692308 -0.3846154 0.6
-0.07692308 -0.3846154 0.52
-0.07692308 -0.3846154 0.44
-0.07692308 -0.3461539 0.32
-0.03846154 -0.3461539 0.32
0 -0.2692308 0.28
0 -0.2692308 0.24
0 -0.2692308 0.2
-0.03846154 -0.2307692 0.2
-0.03846154 -0.2307692 0.24
-0.03846154 -0.1923077 0.24
-0.03846154 -0.1538462 0.24
-0.07692308 -0.1153846 0.28
-0.07692308 -0.07692308 0.32
-0.07692308 0 0.4
-0.07692308 0.03846154 0.52
-0.03846154 0.1153846 0.6
0 0.1538462 0.68
0.03846154 0.2307692 0.72
0.07692308 0.3076923 0.76
0.1538462 0.3461539 0.84
0.1923077 0.4615385 0.96
0.2307692 0.5384616 1.12
0.2307692 0.5769231 1.24
0.1923077 0.5769231 1.32
0.1153846 0.5769231 1.36
0.07692308 0.5384616 1.4
0.07692308 0.5769231 1.44
0.07692308 0.5769231 1.52
0.07692308 0.6153846 1.68
0.07692308 0.6538461 1.76
0.1153846 0.6923077 1.8
0.1153846 0.7307692 1.88
0.1153846 0.6923077 1.84
0.1153846 0.6538461 1.84
0.07692308 0.6538461 1.8
0.03846154 0.5769231 1.76
0.03846154 0.5769231 1.72
0.03846154 0.5384616 1.68
0.07692308 0.5769231 1.64
0.07692308 0.5769231 1.6
0.07692308 0.5384616 1.56
0.07692308 0.5 1.52
0.07692308 0.5 1.48
0.07692308 0.4615385 1.4
0.07692308 0.4615385 1.32
0.07692308 0.4615385 1.28
0.07692308 0.4615385 1.24
0.1153846 0.4615385 1.2
0.1538462 0.4615385 1.16
0.1923077 0.5384616 1.12
0.2307692 0.5384616 1.08
0.2692308 0.5384616 1.08
0.3461539 0.5769231 1.08
0.3461539 0.5769231 1.08
0.4230769 0.6153846 1.08
0.4230769 0.6153846 1.08
0.4230769 0.6153846 1.08
0.4230769 0.5769231 1.08
0.4230769 0.6153846 1.08
0.4230769 0.6153846 1.04
0.3461539 0.5769231 1
0.3461539 0.5384616 1
0.2692308 0.5384616 1
0.2692308 0.5 0.96
0.2307692 0.5 0.92
0.2307692 0.4615385 0.84
0.1923077 0.4615385 0.8
0.1538462 0.4230769 0.8
0.1153846 0.4230769 0.76
0.07692308 0.3846154 0.76
0 0.3461539 0.76
-0.03846154 0.3076923 0.76
-0.1153846 0.3076923 0.8
-0.1923077 0.2692308 0.8
-0.2692308 0.2307692 0.8
-0.3461539 0.1923077 0.8
-0.3846154 0.1538462 0.8
-0.4230769 0.1153846 0.8
-0.4230769 0.1153846 0.76
-0.4230769 0.1153846 0.76
-0.4230769 0.07692308 0.76
-0.4230769 0.1153846 0.76
-0.4230769 0.07692308 0.76
-0.4615385 0.07692308 0.76
-0.5 0.07692308 0.8
-0.5384616 0.03846154 0.8
-0.5769231 0.03846154 0.8
-0.5769231 0 0.84
-0.5384616 0.03846154 0.84
-0.5 0.03846154 0.84
-0.4615385 0.03846154 0.84
-0.4230769 0.07692308 0.84
-0.3846154 0.1153846 0.84
-0.3461539 0.1538462 0.88
-0.3076923 0.1538462 0.92
-0.2692308 0.1923077 0.96
-0.2692308 0.1923077 0.96
-0.1923077 0.2307692 0.96
-0.1923077 0.1923077 0.92
-0.1923077 0.2307692 0.96
