-0.7692308 -0.3846154 -0.12
-0.7692308 -0.3846154 -0.12
-0.7692308 -0.3846154 -0.12
-0.7692308 -0.3846154 -0.12
-0.7692308 -0.3461539 -0.12
-0.7692308 -0.3461539 -0.12
-0.7692308 -0.3461539 -0.12
-0.7307692 -0.3076923 -0.12
-0.7307692 -0.3076923 -0.12
-0.7307692 -0.3076923 -0.12
-0.7307692 -0.3076923 -0.12
-0.7307692 -0.3076923 -0.12
-0.7307692 -0.3076923 -0.12
-0.6923077 -0.3076923 -0.12
-0.7307692 -0.2692308 -0.08
-0.7307692 -0.2307692 -0.08
-0.7692308 -0.2307692 -0.04
-0.7692308 -0.2307692 0
-0.7692308 -0.2307692 0.04
-0.7692308 -0.2307692 0.08
-0.7692308 -0.2307692 0.08
-0.7307692 -0.2692308 0.08
-0.7307692 -0.2307692 0.12
-0.7307692 -0.2307692 0.16
-0.7307692 -0.2307692 0.24
-0.7307692 -0.2307692 0.32
-0.7307692 -0.1923077 0.4
-0.7307692 -0.2307692 0.52
-0.7307692 -0.2307692 0.68
-0.7692308 -0.2692308 0.84
-0.7692308 -0.3076923 1
-0.7692308 -0.3461539 1.08
-0.7307692 -0.3461539 1.2
-0.6923077 -0.3076923 1.28
-0.6153846 -0.2692308 1.32
-0.5384616 -0.2692308 1.4
-0.4615385 -0.2307692 1.44
-0.4230769 -0.2307692 1.48
-0.4230769 -0.2692308 1.48
-0.4230769 -0.3076923 1.44
-0.3846154 -0.3076923 1.36
-0.3846154 -0.3076923 1.28
-0.3846154 -0.3461539 1.24
-0.3461539 -0.3461539 1.16
-0.3461539 -0.3461539 1.08
-0.3076923 -0.3461539 1.04
-0.3076923 -0.3076923 0.96
-0.2692308 -0.2692308 0.92
-0.2307692 -0.2307692 0.84
-0.1923077 -0.1923077 0.84
-0.1153846 -0.1538462 0.84
-0.07692308 -0.1153846 0.84
-0.03846154 -0.07692308 0.84
0 -0.07692308 0.92
0 -0.03846154 0.92
0 0.07692308 1
-0.03846154 0.07692308 1
-0.1153846 0.07692308 1
-0.2307692 0.07692308 0.96
-0.3076923 0.07692308 0.92
-0.3846154 0.1153846 0.88
-0.4615385 0.1153846 0.8
-0.5 0.1923077 0.72
-0.5769231 0.2307692 0.68
-0.6923077 0.2307692 0.64
-0.8461539 0.1923077 0.6
-1 0.1153846 0.6
-1.115385 0.07692308 0.64
-1.230769 0 0.64
-1.307692 -0.03846154 0.64
-1.346154 -0.03846154 0.68
-1.423077 0 0.68
-1.461538 -0.03846154 0.68
-1.461538 -0.03846154 0.68
-1.461538 -0.03846154 0.68
-1.423077 -0.03846154 0.72
-1.384615 -0.03846154 0.68
-1.307692 -0.03846154 0.72
-1.307692 0 0.72
-1.307692 0.03846154 0.76
-1.269231 0.03846154 0.72
-1.230769 0.03846154 0.76
-1.230769 0.03846154 0.8
-1.230769 0 0.84
-1.192308 0 0.84
-1.115385 0 0.84
