0.1538462 0.3076923 1.24
0.1923077 0.3461539 1.36
0.1923077 0.3461539 1.36
0.1923077 0.3461539 1.36
0.1923077 0.3461539 1.36
0.1923077 0.3846154 1.48
0.1923077 0.3846154 1.48
0.1923077 0.3846154 1.48
0.1923077 0.3846154 1.48
0.2307692 0.3846154 1.6
0.2307692 0.3846154 1.6
0.2307692 0.3846154 1.6
0.2692308 0.4230769 1.72
0.2692308 0.4230769 1.76
0.2307692 0.3846154 1.8
0.2307692 0.3846154 1.84
0.2307692 0.3461539 1.84
0.1923077 0.3076923 1.84
0.1538462 0.3076923 1.8
0.1153846 0.2692308 1.76
0.07692308 0.2307692 1.72
0.03846154 0.2307692 1.68
0 0.1923077 1.64
0 0.1923077 1.56
0 0.1923077 1.52
0 0.1923077 1.44
0 0.1923077 1.36
0 0.1923077 1.28
0.03846154 0.1538462 1.12
0.03846154 0.1538462 1.04
0.07692308 0.1538462 0.92
0.1153846 0.1153846 0.88
0.1153846 0.07692308 0.76
0.1153846 0.07692308 0.68
0.1153846 0.07692308 0.6
0.1153846 0.07692308 0.56
0.07692308 0.03846154 0.48
0.07692308 0 0.44
0.07692308 0 0.36
0.07692308 -0.03846154 0.32
0.07692308 -0.07692308 0.24
0.07692308 -0.1153846 0.2
0.07692308 -0.1538462 0.16
0.03846154 -0.1923077 0.12
0.03846154 -0.2307692 0.12
0 -0.2692308 0.12
-0.03846154 -0.3076923 0.16
-0.07692308 -0.3461539 0.16
-0.1538462 -0.4230769 0.24
-0.2307692 -0.4615385 0.28
-0.2692308 -0.4615385 0.32
-0.3461539 -0.5 0.4
-0.3846154 -0.5384616 0.48
-0.4230769 -0.5769231 0.56
-0.4615385 -0.5769231 0.56
-0.5 -0.6153846 0.52
-0.5769231 -0.6538461 0.6
-0.6153846 -0.6923077 0.68
-0.6538461 -0.6923077 0.8
-0.6923077 -0.6923077 0.8
-0.6538461 -0.6538461 0.8
-0.6153846 -0.6153846 0.76
-0.5384616 -0.5769231 0.76
-0.4615385 -0.5 0.72
-0.3846154 -0.5 0.72
-0.3076923 -0.5 0.72
-0.3076923 -0.5 0.76
-0.2692308 -0.5 0.72
-0.2307692 -0.5384616 0.72
-0.1923077 -0.5384616 0.72
-0.1538462 -0.5 0.68
-0.1153846 -0.5 0.72
-0.03846154 -0.4615385 0.72
0.03846154 -0.4615385 0.68
0.1153846 -0.4230769 0.68
0.1923077 -0.4230769 0.72
0.2692308 -0.4230769 0.68
0.3076923 -0.4230769 0.72
0.3461539 -0.4615385 0.76
0.3846154 -0.4615385 0.8
0.3846154 -0.4615385 0.8
0.4230769 -0.4615385 0.8
0.4615385 -0.4230769 0.76
0.5 -0.4230769 0.76
0.5 -0.4230769 0.76
0.5 -0.4230769 0.76
0.5 -0.4230769 0.76
0.5 -0.4230769 0.76
0.4615385 -0.4230769 0.76
0.4615385 -0.4230769 0.72
0.5 -0.3846154 0.68
0.4615385 -0.3461539 0.68
0.4230769 -0.3461539 0.64
0.4230769 -0.3461539 0.6
0.3461539 -0.3461539 0.56
0.3076923 -0.3461539 0.48
0.2692308 -0.3461539 0.48
0.1923077 -0.3461539 0.44
0.1538462 -0.3461539 0.36
0.1538462 -0.3461539 0.32
0.1538462 -0.3461539 0.32
0.1153846 -0.3076923 0.28
0.1153846 -0.3076923 0.32
0.1153846 -0.3076923 0.36
0.07692308 -0.2692308 0.44
0.03846154 -0.2692308 0.48
0 -0.2692308 0.48
-0.03846154 -0.2692308 0.52
0 -0.2307692 0.52
0 -0.1923077 0.56
0.03846154 -0.1538462 0.6
0.07692308 -0.07692308 0.68
0.07692308 -0.07692308 0.8
0.1153846 0 0.84
0.1538462 0 0.92
0.1538462 0 1.04
0.1153846 0 1.16
0.07692308 0 1.24
0 -0.03846154 1.28
0 -0.03846154 1.32
-0.03846154 -0.03846154 1.36
0 0 1.44
0.07692308 0.03846154 1.48
0.1153846 0.07692308 1.48
0.1538462 0.1153846 1.44
0.1923077 0.1538462 1.44
0.2692308 0.1538462 1.44
0.2692308 0.1923077 1.4
0.2692308 0.1923077 1.4
0.2307692 0.1923077 1.44
0.2307692 0.2307692 1.4
0.2307692 0.2307692 1.4
0.2692308 0.2307692 1.36
0.2692308 0.2307692 1.32
0.3076923 0.2307692 1.32
0.3461539 0.2307692 1.28
0.3461539 0.2692308 1.24
0.3461539 0.2692308 1.2
0.3076923 0.2307692 1.2
0.3076923 0.2307692 1.16
0.2692308 0.1923077 1.16
0.3076923 0.2307692 1.12
0.3076923 0.1923077 1.12
0.3461539 0.2307692 1.08
0.3461539 0.1923077 1.08
0.3846154 0.1923077 1.12
0.4230769 0.2307692 1.12
0.5 0.2692308 1.12
0.5769231 0.3461539 1.12
0.6153846 0.3846154 1.16
0.6153846 0.4230769 1.24
0.6153846 0.4230769 1.28
0.5769231 0.3846154 1.32
0.5384616 0.3461539 1.28
0.4615385 0.3461539 1.28
0.4615385 0.3461539 1.24
0.4615385 0.3461539 1.16
0.4230769 0.3846154 1.12
0.4230769 0.3846154 1.12
0.4230769 0.4230769 1.04
0.4230769 0.4230769 0.96
0.3461539 0.4615385 0.92
0.3076923 0.4230769 0.92
0.1923077 0.4230769 0.88
0.07692308 0.3846154 0.84
-0.03846154 0.3461539 0.84
-0.1538462 0.3076923 0.8
-0.2307692 0.2307692 0.8
-0.3076923 0.1538462 0.8
-0.3846154 0.1153846 0.8
-0.3846154 0.07692308 0.84
-0.3846154 0.07692308 0.84
-0.3846154 0.07692308 0.84
-0.3846154 0.07692308 0.92
-0.4230769 0.03846154 0.88
-0.4615385 0.03846154 0.88
-0.4615385 0 0.84
-0.5 -0.03846154 0.84
-0.4615385 -0.03846154 0.8
-0.4615385 -0.03846154 0.88
-0.4615385 -0.03846154 0.88
-0.4615385 -0.03846154 0.88
-0.4230769 0 0.92
-0.3846154 0 0.92
-0.3461539 -0.03846154 0.92
-0.3076923 0 0.92
-0.2692308 0 0.96
-0.2692308 0 1
-0.2692308 -0.03846154 1.04
-0.3076923 -0.03846154 1.04
-0.3076923 -0.07692308 1.08
-0.2692308 -0.07692308 1.12
-0.1923077 -0.03846154 1.08
-0.1153846 0 1.08
-0.03846154 0.03846154 1.04
