0.07692308 0.3461539 1.92
0.07692308 0.3461539 1.92
0.07692308 0.3461539 1.92
0.07692308 0.3461539 1.92
0.07692308 0.3461539 1.92
0.07692308 0.3461539 1.92
0.07692308 0.3461539 1.92
0.03846154 0.3076923 1.88
0.03846154 0.3076923 1.88
0.03846154 0.3076923 1.88
0.03846154 0.3076923 1.88
0.03846154 0.3076923 1.88
-0.03846154 0.2307692 1.8
-0.07692308 0.1923077 1.72
-0.07692308 0.1923077 1.64
-0.07692308 0.1923077 1.56
-0.03846154 0.1923077 1.52
-0.03846154 0.1923077 1.44
-0.03846154 0.1923077 1.32
-0.07692308 0.1538462 1.2
-0.07692308 0.1153846 1.12
-0.07692308 0.07692308 1
-0.07692308 0.03846154 0.92
-0.07692308 0.03846154 0.8
-0.07692308 0 0.68
-0.07692308 0 0.64
-0.03846154 -0.03846154 0.56
0 0 0.48
0.03846154 0 0.44
0.07692308 -0.03846154 0.4
0.07692308 -0.03846154 0.32
0.1153846 -0.07692308 0.28
0.07692308 -0.1153846 0.2
0.03846154 -0.1538462 0.16
0 -0.2307692 0.12
-0.03846154 -0.2307692 0.08
-0.03846154 -0.2692308 0.04
-0.07692308 -0.3461539 0
-0.07692308 -0.3846154 0
-0.03846154 -0.3846154 0.04
0 -0.4230769 0.12
0 -0.4230769 0.16
-0.03846154 -0.5 0.16
-0.07692308 -0.5384616 0.24
-0.1538462 -0.5769231 0.28
-0.2692308 -0.6153846 0.32
-0.3846154 -0.6923077 0.4
-0.5 -0.7692308 0.44
-0.5384616 -0.7692308 0.48
-0.5769231 -0.7692308 0.48
-0.5769231 -0.7692308 0.52
-0.5384616 -0.7692308 0.56
-0.5 -0.7307692 0.6
-0.4615385 -0.7307692 0.6
-0.4615385 -0.7307692 0.6
-0.4615385 -0.7307692 0.6
-0.4615385 -0.6923077 0.56
-0.4230769 -0.6923077 0.56
-0.3846154 -0.6538461 0.56
-0.3461539 -0.6538461 0.56
-0.3076923 -0.6538461 0.56
-0.2307692 -0.6538461 0.56
-0.1538462 -0.6538461 0.6
-0.07692308 -0.6538461 0.64
0 -0.6538461 0.68
0.07692308 -0.6153846 0.72
0.1153846 -0.6153846 0.8
0.1923077 -0.6153846 0.72
0.2307692 -0.6153846 0.68
0.2307692 -0.6923077 0.68
0.2692308 -0.6538461 0.72
0.3076923 -0.6538461 0.76
0.3461539 -0.6153846 0.76
0.3461539 -0.5769231 0.8
0.3846154 -0.5769231 0.76
0.3846154 -0.5384616 0.76
0.3461539 -0.5769231 0.76
0.3846154 -0.5384616 0.76
0.3461539 -0.5384616 0.72
0.3461539 -0.5384616 0.68
0.2692308 -0.5384616 0.64
0.2307692 -0.5384616 0.64
0.1538462 -0.5384616 0.6
0.1153846 -0.5384616 0.56
0.07692308 -0.5384616 0.48
0.07692308 -0.5769231 0.4
0.03846154 -0.5769231 0.36
0.03846154 -0.5384616 0.32
0.03846154 -0.5 0.32
0.03846154 -0.5 0.28
0.03846154 -0.4615385 0.28
0 -0.4230769 0.28
0 -0.4230769 0.28
-0.07692308 -0.4230769 0.32
-0.07692308 -0.4230769 0.32
-0.07692308 -0.4230769 0.32
-0.07692308 -0.3846154 0.32
0 -0.3076923 0.32
0.07692308 -0.2307692 0.32
0.1153846 -0.1923077 0.36
0.1538462 -0.1538462 0.4
0.1538462 -0.1153846 0.44
0.1153846 -0.1153846 0.52
0.07692308 -0.1153846 0.6
0.03846154 -0.1153846 0.64
0 -0.1153846 0.68
0 -0.07692308 0.76
0.03846154 0 0.84
0.07692308 0.03846154 0.92
0.1153846 0.07692308 1
0.1538462 0.1153846 1.08
0.1923077 0.1153846 1.12
0.1923077 0.1538462 1.2
0.1923077 0.1538462 1.28
0.1538462 0.1538462 1.36
0.03846154 0.1538462 1.48
0.03846154 0.1538462 1.56
0.03846154 0.1923077 1.6
0.07692308 0.1923077 1.64
0.1153846 0.2307692 1.68
0.1153846 0.2307692 1.68
0.1538462 0.2307692 1.68
0.1923077 0.2307692 1.68
0.1538462 0.2307692 1.68
0.1538462 0.2307692 1.72
0.1538462 0.2307692 1.68
0.1538462 0.2307692 1.64
0.1923077 0.2307692 1.56
0.1923077 0.2307692 1.52
0.1923077 0.2307692 1.44
0.1923077 0.1923077 1.4
0.1923077 0.1923077 1.36
0.1923077 0.1923077 1.32
0.1923077 0.1923077 1.28
0.1923077 0.1923077 1.2
0.2307692 0.1923077 1.16
0.2307692 0.1923077 1.16
0.2692308 0.2307692 1.12
0.3076923 0.2307692 1.16
0.3846154 0.2692308 1.12
0.4230769 0.2692308 1.12
0.5 0.2692308 1.12
0.5769231 0.2692308 1.16
0.6153846 0.2692308 1.16
0.6538461 0.3076923 1.2
0.6538461 0.3461539 1.24
0.6923077 0.3461539 1.24
0.6538461 0.3461539 1.2
0.6153846 0.3461539 1.12
0.5769231 0.3461539 1.04
0.5384616 0.3461539 1
0.5 0.3461539 1.04
0.4230769 0.3461539 1.08
0.3076923 0.3461539 1.08
0.2307692 0.3461539 1.04
0.1538462 0.3461539 1
0.07692308 0.3076923 0.92
0.03846154 0.2692308 0.84
0 0.2692308 0.76
-0.07692308 0.2307692 0.76
-0.1538462 0.1923077 0.76
-0.1923077 0.1538462 0.76
-0.2692308 0.1153846 0.76
-0.3461539 0.07692308 0.76
-0.4230769 0 0.76
-0.4615385 0 0.76
-0.4615385 0 0.8
-0.4615385 0 0.84
-0.4615385 -0.03846154 0.8
-0.4230769 -0.03846154 0.8
-0.4230769 -0.03846154 0.84
-0.4230769 -0.07692308 0.84
-0.3846154 -0.07692308 0.88
-0.3846154 -0.07692308 0.92
-0.3461539 -0.07692308 0.92
-0.3461539 -0.07692308 0.96
-0.3076923 -0.03846154 1
-0.2692308 -0.03846154 1
-0.2307692 -0.07692308 1
-0.2307692 -0.07692308 1
-0.1538462 -0.03846154 1
