0.2692308 0.4230769 0.84
0.2692308 0.4230769 0.84
0.2692308 0.4230769 0.84
0.2692308 0.4230769 0.84
0.2692308 0.4230769 0.84
0.2692308 0.4230769 0.84
0.2692308 0.4230769 0.84
0.2692308 0.4230769 0.84
0.2692308 0.4230769 0.84
0.2692308 0.4230769 0.84
0.2692308 0.4230769 0.84
0.2692308 0.4230769 0.84
0.2692308 0.4230769 0.84
0.2692308 0.4230769 0.88
0.2692308 0.4230769 0.88
0.3076923 0.4615385 0.84
0.3461539 0.5 0.88
0.3846154 0.5 0.88
0.3846154 0.5 0.92
0.3846154 0.5384616 0.96
0.3846154 0.5769231 1
0.3846154 0.5769231 1.08
0.3846154 0.6153846 1.16
0.4615385 0.6538461 1.2
0.5 0.6923077 1.2
0.6153846 0.7307692 1.2
0.6923077 0.8076923 1.24
0.7692308 0.8461539 1.28
0.8461539 0.8846154 1.24
0.8846154 0.8846154 1.2
0.9615384 0.8846154 1.16
1.038462 0.8846154 1.12
1.076923 0.9230769 1.12
1.115385 0.9230769 1.08
1.115385 0.9230769 1.08
1.115385 0.9230769 1.08
1.153846 0.9615384 1.12
1.153846 1 1.12
1.192308 1 1.04
1.115385 0.9615384 0.96
1.076923 0.9230769 0.88
1.038462 0.8846154 0.76
1.038462 0.8076923 0.68
1.038462 0.8076923 0.56
1 0.7307692 0.52
1.038462 0.7307692 0.48
1.038462 0.6923077 0.48
1 0.6923077 0.48
1 0.6538461 0.4
0.9230769 0.5769231 0.4
0.8461539 0.5384616 0.36
0.7692308 0.4615385 0.32
0.7307692 0.3846154 0.32
0.6923077 0.3461539 0.24
0.6538461 0.3076923 0.2
0.6153846 0.2307692 0.2
0.6153846 0.1923077 0.16
0.5769231 0.1923077 0.12
0.5384616 0.1538462 0.08
0.4615385 0.1153846 0.08
0.4230769 0.07692308 0.08
0.3846154 0.03846154 0.08
0.3461539 0 0.12
0.3461539 -0.03846154 0.12
0.3076923 -0.07692308 0.12
0.2692308 -0.1153846 0.16
0.2307692 -0.1538462 0.16
0.1923077 -0.1923077 0.16
0.1538462 -0.1923077 0.2
0.1153846 -0.2307692 0.2
0.07692308 -0.2692308 0.24
0.03846154 -0.2692308 0.24
0.03846154 -0.2692308 0.24
0 -0.2692308 0.24
0 -0.2692308 0.24
0 -0.2692308 0.24
0 -0.2692308 0.28
-0.03846154 -0.2692308 0.4
-0.07692308 -0.3076923 0.44
-0.07692308 -0.2692308 0.48
-0.07692308 -0.2692308 0.52
-0.07692308 -0.3076923 0.48
-0.07692308 -0.3076923 0.48
-0.03846154 -0.3076923 0.48
0 -0.2692308 0.52
0 -0.2307692 0.56
0 -0.2307692 0.64
-0.03846154 -0.2307692 0.72
-0.03846154 -0.2307692 0.8
-0.03846154 -0.2307692 0.8
0 -0.1923077 0.8
0.03846154 -0.1538462 0.8
0.03846154 -0.1153846 0.8
0.07692308 -0.07692308 0.88
0.03846154 -0.07692308 0.96
0.03846154 0 1.04
0.03846154 0.03846154 1.08
0.07692308 0.07692308 1.04
0.1153846 0.1538462 0.96
0.1538462 0.1923077 0.92
0.2307692 0.2692308 0.84
0.3076923 0.2692308 0.88
0.3461539 0.3076923 0.96
0.3076923 0.3076923 1.08
0.2692308 0.3076923 1.24
0.2307692 0.3461539 1.36
0.2692308 0.3846154 1.4
0.3461539 0.5 1.4
0.4230769 0.5 1.32
0.5 0.5384616 1.2
0.5769231 0.5384616 1.12
0.6153846 0.5769231 1.12
0.6153846 0.5769231 1.12
0.5769231 0.5769231 1.16
0.5769231 0.5769231 1.24
0.6153846 0.6153846 1.2
0.6153846 0.6153846 1.2
0.6923077 0.6153846 1.16
0.6923077 0.6538461 1.16
0.7307692 0.6538461 1.16
0.7692308 0.6538461 1.16
0.7692308 0.6923077 1.16
0.8076923 0.6923077 1.2
0.8076923 0.6923077 1.2
0.8461539 0.6538461 1.2
0.8076923 0.6538461 1.16
0.8461539 0.6923077 1.12
0.8461539 0.7307692 1
0.9230769 0.7307692 0.92
0.9230769 0.7307692 0.84
0.9615384 0.7307692 0.8
0.9615384 0.7307692 0.76
0.9615384 0.7307692 0.72
0.9230769 0.6923077 0.68
0.8461539 0.6923077 0.64
0.8076923 0.6538461 0.6
0.7307692 0.6153846 0.56
0.6923077 0.5769231 0.52
0.6538461 0.5769231 0.48
0.6153846 0.5384616 0.4
0.6153846 0.5 0.4
0.5769231 0.4615385 0.36
0.5384616 0.4230769 0.36
0.5384616 0.4230769 0.4
0.5 0.3846154 0.4
0.5 0.3846154 0.4
0.5 0.3846154 0.44
0.4230769 0.3461539 0.44
0.4230769 0.3461539 0.44
0.4230769 0.3076923 0.52
0.3846154 0.3076923 0.56
0.3461539 0.3076923 0.64
