1387384122334 600406354414846 2833973000000 2.604892 -0.306458 9.653421
1387384122444 600406463911917 2834083000000 2.604892 -0.306458 9.806650
1387384122553 600406573012258 2834193000000 2.298434 -0.306458 10.266337
1387384122659 600406679335500 2834303000000 4.290410 2.451663 8.887277
1387384122779 600406799452688 2834413000000 6.282385 7.508216 10.879252
1387384122899 600406919295217 2834523000000 7.201759 0.612916 10.419566
1387384122999 600407019087698 2834633000000 3.064578 -4.903325 7.814674
1387384123120 600407140364553 2834743000000 1.991976 -1.379060 5.669470
1387384123229 600407249159719 2834853000000 3.830723 0.919373 4.137181
1387384123332 600407351759817 2834963000000 7.508216 1.685518 4.443638
1387384123445 600407465437795 2835073000000 11.338940 2.145205 8.580819
1387384123557 600407576613332 2835183000000 11.185710 2.451663 8.734048
1387384123670 600407689711477 2835293000000 10.113108 1.072602 6.282385
1387384123767 600407786726858 2835403000000 10.266337 1.072602 4.596867
1387384123893 600407913039114 2835513000000 9.500193 0.612916 3.371036
1387384123994 600408014265920 2835623000000 9.959879 0.766145 3.064578
1387384124100 600408120436575 2835733000000 9.500193 0.766145 2.758120
1387384124203 600408223006155 2835843000000 9.959879 0.306458 2.911349
1387384124328 600408347884084 2835953000000 9.806650 0.459687 3.217807
1387384124439 600408459120657 2836063000000 9.959879 0.612916 3.524265
1387384124550 600408570448782 2836173000000 9.500193 0.000000 3.217807
