1384509498249 34868123809510 83183000000 -1.225831 1.685518 9.806650
1384509498365 34868240020447 83293000000 -1.072602 1.685518 9.959879
1384509498473 34868348144227 83403000000 2.451663 3.677494 9.806650
1384509498574 34868449523621 83513000000 3.830723 8.274362 14.097059
1384509498679 34868554290467 83623000000 -0.919373 -5.669470 6.435614
1384509498804 34868678619080 83733000000 -2.758120 -5.363012 3.983952
1384509498909 34868784331971 83843000000 -1.072602 -1.685518 -0.306458
1384509499007 34868881652528 83953000000 -3.064578 -0.459687 2.604892
1384509499124 34868999023133 84063000000 7.048530 -2.298434 26.508602
1384509499233 34869108001405 84173000000 2.451663 0.919373 15.629349
1384509499338 34869213164979 84283000000 2.298434 -1.072602 8.734048
1384509499446 34869320983582 84393000000 2.911349 -0.612916 10.266337
1384509499558 34869433044129 84503000000 2.604892 -0.766145 8.734048
1384509499679 34869554259949 84613000000 3.983952 0.612916 10.879252
