1384267250605 114124528988870 4300246000000 -2.145205 0.306458 9.959879
1384267250707 114124630917581 4300356000000 -1.991976 0.766145 9.346964
1384267250833 114124756772073 4300466000000 -1.991976 1.685518 8.734048
1384267250935 114124858578713 4300576000000 -1.838747 -1.838747 3.217807
1384267251038 114124961880716 4300686000000 1.379060 -1.379060 2.911349
1384267251141 114125064328225 4300796000000 5.056554 0.919373 9.500193
1384267251258 114125181698831 4300906000000 8.274362 0.153229 13.790602
1384267251362 114125285641702 4301016000000 7.967903 -0.306458 10.726024
1384267251500 114125423611673 4301126000000 7.967903 -2.145205 9.653421
1384267251587 114125510098489 4301236000000 7.814674 -2.911349 7.661446
1384267251691 114125614224465 4301346000000 7.814674 -3.371036 6.895301
1384267251818 114125741787942 4301456000000 7.814674 -3.064578 6.588843
1384267251919 114125842923196 4301566000000 8.274362 -3.064578 5.669470
1384267252021 114125944180520 4301676000000 7.814674 -2.451663 7.508216
