1384267263300 114137223752053 4312946000000 -2.145205 1.532289 9.040505
1384267263401 114137324978860 4313056000000 -1.991976 1.991976 9.806650
1384267263523 114137446438821 4313166000000 -1.685518 0.766145 6.435614
1384267263633 114137556241067 4313276000000 -0.766145 0.919373 1.991976
1384267263742 114137665158304 4313386000000 3.371036 0.000000 4.903325
1384267263843 114137766324075 4313496000000 8.274362 -5.516241 11.185710
1384267263954 114137877499612 4313606000000 10.419566 -7.048530 14.709975
1384267264064 114137987393411 4313716000000 8.427590 -3.217807 9.806650
1384267264190 114138113705667 4313826000000 7.967903 -2.758120 7.967903
1384267264292 114138215664895 4313936000000 7.661446 -2.145205 6.588843
1384267264404 114138327328713 4314046000000 7.814674 -2.911349 6.435614
1384267264504 114138427975686 4314156000000 8.121132 -5.209783 4.443638
1384267264616 114138539914163 4314266000000 7.508216 -2.604892 7.354988
