1384267273226 114147149930032 4322866000000 -2.145205 0.766145 9.040505
1384267273337 114147260067971 4322976000000 -1.685518 0.153229 7.048530
1384267273436 114147359982522 4323086000000 -0.766145 0.612916 6.435614
1384267273560 114147483151467 4323196000000 0.459687 2.604892 6.435614
1384267273662 114147585568459 4323306000000 2.758120 0.612916 7.814674
1384267273763 114147686306985 4323416000000 3.983952 -3.371036 9.959879
1384267273890 114147813809427 4323526000000 7.048530 -3.064578 12.871228
1384267273998 114147921994241 4323636000000 7.048530 -4.137181 11.185710
1384267274110 114148033261331 4323746000000 6.588843 -3.830723 8.734048
1384267274211 114148134427102 4323856000000 6.435614 -3.983952 7.201759
1384267274313 114148236844094 4323966000000 7.661446 -3.524265 6.742072
1384267274442 114148365597756 4324076000000 6.742072 -1.379060 6.435614
1384267274542 114148465573342 4324186000000 7.661446 -2.911349 6.895301
1384267274643 114148566830667 4324296000000 7.048530 -3.217807 7.967903
1384267274760 114148683499368 4324406000000 6.742072 -2.298434 5.822699
