1384267325001 114198924130471 4374656000000 -2.604892 1.991976 9.500193
1384267325128 114199051297219 4374766000000 -2.298434 1.379060 9.500193
1384267325230 114199153836281 4374876000000 -2.451663 1.379060 9.040505
1384267325333 114199256070168 4374986000000 -1.991976 0.459687 8.734048
1384267325484 114199407406838 4375096000000 -1.379060 -0.153229 2.298434
1384267325555 114199478665383 4375206000000 2.451663 -1.379060 2.298434
1384267325677 114199600522072 4375316000000 8.580819 0.153229 11.798626
1384267325787 114199710019142 4375426000000 9.959879 -0.459687 15.016433
1384267325888 114199811184914 4375536000000 8.580819 -1.685518 12.105083
1384267326015 114199938839943 4375646000000 7.354988 -1.991976 8.734048
1384267326100 114200023648293 4375756000000 6.895301 -1.838747 7.048530
1384267326227 114200150021584 4375866000000 7.508216 -1.838747 6.742072
1384267326326 114200249234230 4375976000000 7.661446 -1.532289 5.975927
1384267326456 114200379452736 4376086000000 7.814674 -2.451663 7.201759
1384267326559 114200482632668 4376196000000 7.661446 -2.145205 5.516241
