0 0.3846154 0.48
0 0.3846154 0.48
0 0.3846154 0.48
0 0.3846154 0.48
0 0.3846154 0.48
0 0.3846154 0.48
0 0.3846154 0.48
0 0.3846154 0.48
0 0.3846154 0.48
0 0.3846154 0.48
0 0.3846154 0.48
0 0.3846154 0.48
0.03846154 0.4615385 0.6
0.07692308 0.5384616 0.68
0 0.5384616 0.72
0 0.5384616 0.88
0 0.5 1.12
-0.1153846 0.3846154 1.32
-0.1538462 0.3461539 1.36
-0.2692308 0.3076923 1.32
-0.3076923 0.3076923 1.32
-0.3076923 0.3076923 1.32
-0.2692308 0.3461539 1.32
-0.1923077 0.3846154 1.28
-0.1153846 0.3846154 1.24
-0.1923077 0.4230769 1.24
-0.3076923 0.4230769 1.2
-0.5 0.3846154 1.2
-0.6153846 0.3461539 1.32
-0.6153846 0.3846154 1.36
-0.5769231 0.4230769 1.4
-0.5769231 0.4615385 1.44
-0.5384616 0.4615385 1.48
-0.5 0.5 1.52
-0.4615385 0.5384616 1.52
-0.4615385 0.5769231 1.52
-0.5 0.5384616 1.56
-0.6538461 0.4230769 1.72
-0.8076923 0.3461539 2.12
-0.8461539 0.3076923 2.52
-0.8076923 0.3076923 2.6
-0.6923077 0.3461539 2.48
-0.5769231 0.4230769 2.48
-0.5 0.5384616 2.64
-0.3461539 0.6538461 2.76
-0.2692308 0.7692308 2.8
-0.1923077 0.8846154 2.76
-0.1923077 0.9615384 2.68
-0.2307692 1 2.64
-0.3461539 0.9615384 2.6
-0.4230769 0.9615384 2.52
-0.4615385 0.9615384 2.36
-0.3846154 1 2.2
-0.3076923 1.076923 1.96
-0.2307692 1.115385 1.8
-0.1538462 1.115385 1.64
-0.1153846 1.076923 1.44
-0.1153846 1.038462 1.2
-0.1538462 0.9615384 0.96
-0.1538462 0.8846154 0.76
-0.1923077 0.7307692 0.68
-0.1923077 0.5769231 0.56
-0.1538462 0.5 0.48
-0.1153846 0.3846154 0.44
-0.1153846 0.3076923 0.28
-0.1153846 0.1923077 0.2
-0.1153846 0.07692308 0.16
-0.1538462 -0.07692308 0.08
-0.1538462 -0.1153846 -0.04
-0.1153846 -0.1153846 -0.12
-0.03846154 -0.1153846 -0.08
-0.03846154 -0.07692308 0
-0.03846154 -0.07692308 0.04
-0.03846154 -0.07692308 0.08
-0.03846154 -0.07692308 0.12
0 -0.07692308 0.12
0 -0.1153846 0.04
-0.03846154 -0.1538462 -0.08
-0.07692308 -0.1538462 -0.08
0 -0.1153846 -0.04
0.1153846 -0.03846154 -0.04
0.1923077 0 -0.08
0.2692308 0 -0.12
0.2307692 -0.07692308 -0.2
0.1538462 -0.2307692 -0.28
0.03846154 -0.3076923 -0.32
-0.03846154 -0.3846154 -0.28
0 -0.4230769 -0.24
0.07692308 -0.4615385 -0.24
0.1153846 -0.5 -0.32
0.1153846 -0.5384616 -0.44
0.03846154 -0.5769231 -0.52
0 -0.6538461 -0.56
0.03846154 -0.6923077 -0.56
0.07692308 -0.7307692 -0.52
0.1153846 -0.7307692 -0.48
0.1153846 -0.7692308 -0.48
0.1153846 -0.8076923 -0.44
0.07692308 -0.8461539 -0.4
0 -0.8461539 -0.36
0 -0.8461539 -0.36
0.03846154 -0.8461539 -0.32
0.07692308 -0.8461539 -0.32
0.07692308 -0.8461539 -0.28
0.07692308 -0.8846154 -0.24
0.03846154 -0.8846154 -0.28
0.03846154 -0.8846154 -0.24
0.03846154 -0.8846154 -0.2
0 -0.9230769 -0.16
0 -0.9230769 -0.16
0 -0.9230769 -0.16
0.03846154 -0.9230769 -0.16
0.07692308 -0.9230769 -0.16
0.07692308 -0.9230769 -0.2
0.03846154 -0.8461539 -0.08
0.03846154 -0.8461539 -0.08
0.07692308 -0.8461539 -0.12
0 -0.8461539 -0.08
0 -0.7692308 -0.04
-0.03846154 -0.5769231 0.12
