-0.03846154 0.1538462 0.76
-0.03846154 0.1538462 0.76
-0.03846154 0.1538462 0.76
-0.03846154 0.1538462 0.76
-0.03846154 0.1538462 0.76
-0.03846154 0.1538462 0.76
-0.03846154 0.1538462 0.76
-0.03846154 0.1538462 0.76
-0.03846154 0.1538462 0.76
-0.03846154 0.1538462 0.76
-0.03846154 0.1538462 0.76
-0.03846154 0.1923077 0.72
0 0.2307692 0.76
0 0.2307692 0.76
0 0.2692308 0.8
0 0.2692308 0.84
0.07692308 0.3076923 0.92
0.1153846 0.3461539 0.92
0.1923077 0.3846154 0.96
0.1538462 0.3846154 1.04
0.07692308 0.3461539 1.16
0 0.3076923 1.24
-0.03846154 0.2692308 1.32
-0.07692308 0.2692308 1.4
-0.07692308 0.2692308 1.56
-0.07692308 0.2692308 1.68
-0.03846154 0.2692308 1.8
0 0.2692308 1.88
0 0.3076923 1.96
-0.03846154 0.2692308 2
-0.07692308 0.2307692 2
-0.1153846 0.2307692 1.96
-0.1153846 0.1923077 1.96
-0.1153846 0.2692308 1.96
-0.07692308 0.2692308 2
0 0.2307692 2.12
0.07692308 0.3076923 2.28
0.1538462 0.4615385 2.52
0.1923077 0.6153846 2.84
0.07692308 0.6923077 3.08
-0.1153846 0.7692308 3.28
-0.3076923 0.7692308 3.28
-0.4230769 0.7692308 3.04
-0.4615385 0.8076923 2.72
-0.4615385 0.8846154 2.36
-0.3461539 0.9615384 2.04
-0.2307692 1 1.72
-0.1538462 1.038462 1.4
-0.07692308 1.038462 1
-0.03846154 0.9615384 0.6
-0.03846154 0.8076923 0.24
-0.07692308 0.6153846 -0.08
-0.1538462 0.4230769 -0.32
-0.2307692 0.1923077 -0.52
-0.2692308 0.03846154 -0.64
-0.2692308 -0.03846154 -0.76
-0.2692308 -0.1153846 -0.72
-0.1538462 -0.07692308 -0.56
0 0 -0.4
0.07692308 0.03846154 -0.2
0.1153846 0.07692308 -0.04
0.07692308 0.03846154 0.12
0 0 0.24
0 0 0.28
0.07692308 -0.03846154 0.32
0.1153846 -0.07692308 0.36
0.1153846 -0.07692308 0.36
0.07692308 -0.07692308 0.4
0.03846154 -0.1538462 0.4
-0.07692308 -0.1923077 0.44
-0.07692308 -0.2307692 0.48
-0.07692308 -0.2307692 0.48
-0.1153846 -0.2692308 0.56
-0.1153846 -0.2692308 0.56
-0.07692308 -0.2307692 0.56
0 -0.1923077 0.6
0.03846154 -0.1923077 0.56
0 -0.1923077 0.6
-0.1153846 -0.2692308 0.68
-0.3076923 -0.3461539 0.84
-0.4230769 -0.3846154 0.92
-0.4615385 -0.3846154 0.92
-0.4230769 -0.3461539 0.92
-0.3846154 -0.3461539 0.84
-0.4230769 -0.3461539 0.8
-0.5 -0.3846154 0.8
-0.5384616 -0.3846154 0.84
-0.6153846 -0.3461539 0.84
-0.6538461 -0.3461539 0.84
-0.7692308 -0.3846154 0.84
-0.9230769 -0.4230769 0.92
-1.038462 -0.4230769 1
-1.038462 -0.4230769 1.16
-1 -0.4230769 1.2
-0.9615384 -0.3846154 1.2
-0.9615384 -0.3846154 1.2
-1 -0.3461539 1.16
-0.9615384 -0.3461539 1.12
-0.8846154 -0.3076923 1.2
-0.8076923 -0.2692308 1.24
-0.6923077 -0.2307692 1.28
-0.6153846 -0.1923077 1.28
-0.4230769 -0.1538462 1.2
-0.1923077 -0.1153846 1.12
0 -0.1538462 1
0.07692308 -0.2307692 0.76
0.1153846 -0.2692308 0.6
0.2307692 -0.1923077 0.48
0.4615385 -0.1538462 0.48
0.6923077 -0.1153846 0.52
0.8461539 -0.03846154 0.6
1 -0.03846154 0.68
1.038462 -0.07692308 0.72
1.038462 -0.1153846 0.76
1.038462 -0.1153846 0.76
1.076923 -0.1538462 0.76
1.038462 -0.1923077 0.84
1 -0.2307692 0.84
1.038462 -0.2307692 0.8
1 -0.2307692 0.8
0.9230769 -0.2692308 0.76
0.8846154 -0.3076923 0.72
0.8076923 -0.3461539 0.64
0.7692308 -0.3846154 0.56
0.6923077 -0.4230769 0.52
0.5769231 -0.4615385 0.48
0.5384616 -0.5 0.44
0.4615385 -0.5384616 0.36
0.4230769 -0.5384616 0.28
0.3846154 -0.5384616 0.24
0.3461539 -0.5 0.24
0.3461539 -0.5 0.28
0.3461539 -0.4615385 0.28
0.2692308 -0.4615385 0.28
0.2307692 -0.4230769 0.28
0.2307692 -0.3846154 0.28
0.1923077 -0.3461539 0.24
0.1538462 -0.3461539 0.2
0.1153846 -0.2692308 0.12
0.1153846 -0.1923077 0.12
0.07692308 -0.07692308 0.16
0.07692308 0 0.2
0.1153846 0.1538462 0.24
0.2692308 0.2692308 0.24
0.3846154 0.3846154 0.24
0.5384616 0.4615385 0.2
0.5 0.5 0.12
0.3461539 0.4615385 0.08
0.1538462 0.3076923 -0.04
-0.03846154 0.1538462 -0.2
-0.07692308 -0.03846154 -0.4
-0.07692308 -0.07692308 -0.44
0.3076923 0 -0.4
0.3076923 0 -0.4
0.3846154 0 -0.32
0.2692308 0 -0.24
0.07692308 -0.03846154 -0.08
-0.1538462 -0.03846154 0.16
-0.4615385 -0.03846154 0.56
-0.7307692 -0.03846154 0.96
-0.8461539 -0.03846154 1.32
-0.8846154 -0.07692308 1.76
-0.8846154 0 2.32
-0.8846154 0.03846154 2.64
-1 0 2.84
-1.192308 -0.03846154 2.84
-1.461538 -0.1153846 2.88
-1.576923 -0.1538462 2.84
-1.461538 -0.03846154 2.68
-1.192308 0.07692308 2.48
-0.8846154 0.1153846 2.24
-0.6538461 0.1538462 2.16
-0.5769231 0.1538462 2
-0.6538461 0.07692308 1.88
-0.7692308 0.03846154 1.8
-0.7692308 0 1.72
-0.7307692 0.03846154 1.6
-0.6538461 0.03846154 1.56
-0.5769231 0.07692308 1.56
-0.5 0.1153846 1.56
-0.4615385 0.1153846 1.52
-0.4615385 0.1153846 1.48
-0.4230769 0.1538462 1.4
-0.3846154 0.1538462 1.32
-0.3461539 0.1538462 1.24
-0.3076923 0.1538462 1.12
-0.2307692 0.1538462 1
-0.2307692 0.1538462 0.92
-0.2307692 0.1538462 0.92
-0.2307692 0.1538462 0.92
-0.2307692 0.1538462 0.96
-0.1923077 0.1538462 0.96
-0.1923077 0.1923077 1
-0.2307692 0.1538462 1
-0.2307692 0.1538462 0.92
-0.2307692 0.1538462 0.88
-0.1923077 0.1538462 0.88
-0.1923077 0.1538462 0.88
-0.2307692 0.1923077 0.92
-0.1923077 0.1923077 0.92
-0.2307692 0.2307692 0.92
-0.1538462 0.2307692 0.92
-0.07692308 0.2692308 0.92
-0.03846154 0.2692308 0.92
-0.03846154 0.2692308 0.96
0 0.2692308 1
0 0.2692308 1.12
0.07692308 0.3076923 1.2
0.1923077 0.3461539 1.28
0.3461539 0.3846154 1.36
0.5 0.4615385 1.36
0.6923077 0.5 1.28
0.8076923 0.5769231 1.2
0.9230769 0.6153846 1.12
1.038462 0.6538461 1.12
1.076923 0.6538461 1.16
1.038462 0.6538461 1.28
0.9230769 0.6923077 1.36
0.8846154 0.6923077 1.28
0.7692308 0.6923077 1.04
0.5 0.6153846 0.88
0.1538462 0.5 0.76
-0.2307692 0.3846154 0.68
-0.5384616 0.3076923 0.72
-0.8461539 0.2307692 0.72
-1.230769 0.1153846 0.68
-1.576923 0.03846154 0.64
-1.653846 0.03846154 0.68
-1.423077 0.2307692 0.68
-1.423077 0.2307692 0.68
-1.384615 0.2692308 0.76
-1.307692 0.3461539 0.88
-1.192308 0.3461539 0.88
-1.153846 0.2692308 0.8
-1.115385 0.2307692 0.8
-1.038462 0.2307692 0.8
-0.9230769 0.2692308 0.84
-0.8076923 0.3461539 0.96
-0.6538461 0.4230769 1.08
-0.3461539 0.5384616 1.28
-0.3461539 0.5384616 1.28
-0.3076923 0.5 1.28
-0.3076923 0.4615385 1.08
-0.3076923 0.4230769 0.92
-0.3846154 0.3461539 0.92
-0.4230769 0.2307692 0.96
-0.3846154 0.1538462 1
-0.3846154 0.1538462 1
-0.3461539 0.1153846 0.88
-0.3076923 0.07692308 0.8
-0.3076923 0.03846154 0.8
-0.3076923 0.03846154 0.8
-0.2692308 0.07692308 0.8
-0.2307692 0.1153846 0.88
-0.1923077 0.1538462 0.96
-0.1923077 0.1538462 1.04
-0.1923077 0.1923077 1.04
-0.1538462 0.1923077 1.08
-0.1538462 0.1923077 1.08
-0.1538462 0.1923077 1
-0.1153846 0.1923077 0.96
-0.1153846 0.1923077 0.92
-0.1153846 0.2307692 0.88
-0.1153846 0.1923077 0.92
-0.1153846 0.2307692 0.96
-0.07692308 0.2307692 0.96
-0.07692308 0.2307692 1
-0.07692308 0.2307692 1.04
-0.07692308 0.2307692 1.04
-0.1153846 0.1923077 0.96
-0.1538462 0.1538462 0.8
-0.1538462 0.1153846 0.72
-0.1538462 0.1153846 0.8
-0.1153846 0.1153846 0.92
