-0.8461539 0.6153846 1.48
-0.8461539 0.6153846 1.48
-0.8461539 0.6153846 1.48
-0.8461539 0.6153846 1.48
-0.8461539 0.6153846 1.48
-0.8461539 0.6153846 1.48
-0.8461539 0.6153846 1.48
-0.8461539 0.6153846 1.48
-0.8461539 0.6153846 1.48
-0.8461539 0.6153846 1.48
-0.8461539 0.6153846 1.48
-0.8461539 0.6153846 1.48
-0.8461539 0.6153846 1.48
-0.9230769 0.6153846 1.48
-1 0.5769231 1.48
-1.076923 0.5769231 1.48
-1.115385 0.5769231 1.48
-1.076923 0.6153846 1.48
-1 0.6538461 1.48
-0.8846154 0.7307692 1.52
-0.7692308 0.8076923 1.52
-0.6538461 0.8846154 1.56
-0.5384616 0.9615384 1.68
-0.3846154 1.038462 1.84
-0.2307692 1.153846 2.12
-0.07692308 1.269231 2.56
0.07692308 1.346154 3.04
0.1923077 1.461538 3.52
0.3461539 1.538462 3.8
0.6923077 1.692308 3.76
1.153846 1.923077 3.56
1.653846 2.192308 3.24
2.038461 2.346154 2.84
2.115385 2.346154 2.56
1.923077 2.192308 2.32
1.692308 2.038461 2.08
1.576923 1.923077 1.8
1.538462 1.846154 1.56
1.538462 1.807692 1.32
1.461538 1.692308 1
1.346154 1.576923 0.76
1.230769 1.423077 0.52
1.115385 1.269231 0.36
1.038462 1.115385 0.2
1.038462 0.9615384 -0.04
1 0.8076923 -0.24
0.8846154 0.6538461 -0.32
0.8076923 0.5384616 -0.28
0.7692308 0.4615385 -0.32
0.7307692 0.4615385 -0.4
0.7307692 0.4230769 -0.48
0.6923077 0.4230769 -0.52
0.6153846 0.3846154 -0.48
0.5769231 0.3461539 -0.48
0.5384616 0.3461539 -0.52
0.5384616 0.3461539 -0.64
0.5384616 0.3461539 -0.8
0.5 0.3076923 -0.88
0.4230769 0.3076923 -0.88
0.3846154 0.2692308 -0.84
0.3076923 0.2692308 -0.8
0.2307692 0.2692308 -0.8
0.1923077 0.2692308 -0.8
0.1538462 0.2692308 -0.8
0.1153846 0.2692308 -0.8
0.07692308 0.2692308 -0.8
0 0.2307692 -0.8
-0.07692308 0.1923077 -0.8
-0.1538462 0.1923077 -0.72
-0.2307692 0.1923077 -0.6
-0.2692308 0.2307692 -0.4
-0.2692308 0.2692308 -0.24
-0.2307692 0.2692308 -0.2
-0.2692308 0.2307692 -0.24
-0.3461539 0.1923077 -0.36
-0.4615385 0.1538462 -0.44
-0.5 0.1538462 -0.48
-0.4615385 0.2307692 -0.56
-0.4230769 0.2692308 -0.6
-0.4230769 0.4230769 -0.56
-0.3846154 0.5 -0.36
-0.3846154 0.5769231 -0.12
-0.4615385 0.6153846 0.04
-0.6538461 0.6153846 0.08
-0.8461539 0.5769231 0.08
-0.8846154 0.5769231 0.04
-0.8461539 0.6538461 0
-0.7307692 0.7307692 0.04
-0.5384616 0.8076923 0.04
-0.5 0.8846154 0.16
-0.6153846 0.8461539 0.52
-0.8076923 0.8461539 0.84
-1.038462 0.8461539 1
-1.346154 0.8076923 1.08
-1.538462 0.7307692 1.16
-1.576923 0.6923077 1.28
-1.5 0.7307692 1.36
-1.461538 0.7692308 1.6
-1.461538 0.7307692 2
-1.576923 0.6923077 2.36
-1.730769 0.6153846 2.6
-1.730769 0.6153846 2.6
-1.538462 0.8076923 2.64
-1.076923 1.115385 2.8
-0.3076923 1.5 3.2
0.3461539 1.769231 3.56
0.7692308 1.807692 3.8
0.7692308 1.615385 3.68
0.5769231 1.423077 3.4
0.5 1.192308 3.2
0.5769231 1.076923 3.2
0.7692308 1.076923 3.2
0.9615384 1.115385 2.96
