-0.9615384 0.3461539 1.28
-0.9615384 0.3461539 1.28
-0.9615384 0.3461539 1.28
-1 0.3461539 1.28
-1 0.3461539 1.28
-1 0.3461539 1.28
-1 0.3461539 1.28
-1 0.3461539 1.28
-1 0.3461539 1.28
-1 0.3461539 1.28
-1 0.3461539 1.24
-0.9230769 0.4230769 1.28
-0.8846154 0.4615385 1.28
-0.9230769 0.4615385 1.28
-0.9230769 0.4615385 1.36
-0.9230769 0.5 1.4
-0.8846154 0.5384616 1.44
-0.8461539 0.5384616 1.48
-0.8461539 0.5384616 1.56
-0.8846154 0.5 1.68
-0.9615384 0.4615385 1.84
-1 0.4230769 2.08
-1 0.4615385 2.36
-0.8076923 0.5384616 2.6
-0.5769231 0.6538461 2.8
-0.3461539 0.7692308 3
-0.07692308 0.8076923 3.12
0.07692308 0.9230769 3.28
0.2692308 1.038462 3.48
0.5384616 1.269231 3.56
0.8461539 1.5 3.56
1.115385 1.692308 3.44
1.346154 1.807692 3.2
1.5 1.884615 2.84
1.576923 1.923077 2.36
1.576923 1.846154 1.88
1.5 1.769231 1.52
1.346154 1.615385 1.28
1.192308 1.5 1
1.038462 1.346154 0.68
0.9615384 1.230769 0.4
0.9615384 1.153846 0.16
1 1.076923 0.04
1.038462 1 -0.04
1.038462 0.9615384 -0.08
0.9615384 0.9230769 -0.08
0.8846154 0.8461539 -0.12
0.7307692 0.8076923 -0.2
0.6538461 0.6923077 -0.36
0.6153846 0.6153846 -0.44
0.5769231 0.5384616 -0.52
0.5769231 0.5 -0.6
0.5769231 0.4230769 -0.68
0.5384616 0.3846154 -0.72
0.5384616 0.3461539 -0.76
0.4615385 0.3076923 -0.76
0.3461539 0.2692308 -0.8
0.2692308 0.1923077 -0.8
0.2307692 0.1923077 -0.76
0.1923077 0.1538462 -0.76
0.2307692 0.1923077 -0.8
0.2307692 0.1923077 -0.84
0.2307692 0.1923077 -0.88
0.2307692 0.2307692 -0.88
0.1923077 0.2307692 -0.84
0.07692308 0.1923077 -0.76
-0.07692308 0.1153846 -0.68
-0.2307692 0.1153846 -0.64
-0.3461539 0.07692308 -0.64
-0.4230769 0.07692308 -0.56
-0.3461539 0.1153846 -0.48
-0.2692308 0.1923077 -0.44
-0.1923077 0.2692308 -0.4
-0.1923077 0.2692308 -0.32
-0.3076923 0.3076923 -0.2
-0.4615385 0.3076923 -0.12
-0.6538461 0.2692308 -0.08
-0.7307692 0.2692308 -0.12
-0.7692308 0.3076923 -0.12
-0.7692308 0.3461539 -0.04
-0.7307692 0.4230769 0.04
-0.6923077 0.5384616 0.08
-0.6923077 0.6153846 0.16
-0.7692308 0.6538461 0.28
-0.8846154 0.6538461 0.4
-1.038462 0.6538461 0.6
-1.153846 0.6538461 0.68
-1.192308 0.6923077 0.68
-1.115385 0.7692308 0.52
-1.076923 0.8846154 0.52
-1 1.038462 0.6
-1 1.153846 0.8
-1.076923 1.230769 1.08
-1.346154 1.230769 1.36
-1.692308 1.038462 1.6
-1.846154 0.8846154 1.68
-1.807692 0.7692308 1.68
-1.692308 0.6923077 1.84
-1.5 0.6923077 2.16
-1.346154 0.7307692 2.56
-1.230769 0.7692308 2.96
-1.153846 0.8076923 3.32
-0.9615384 0.9230769 3.64
-0.5384616 1.192308 3.88
0.1923077 1.538462 4.04
1 1.846154 4.08
1.461538 1.961538 4
1.538462 1.807692 3.76
1.346154 1.576923 3.36
1.076923 1.230769 2.88
0.8846154 1.038462 2.4
0.7307692 0.8076923 2.08
0.6923077 0.7307692 1.96
0.8076923 0.7307692 2
0.9230769 0.7692308 1.96
1 0.7692308 1.84
0.9230769 0.7692308 1.64
0.8076923 0.7307692 1.4
0.6923077 0.6923077 1.12
0.5769231 0.6538461 0.88
0.4615385 0.6153846 0.64
0.3846154 0.5769231 0.44
0.3461539 0.5384616 0.32
0.3461539 0.5769231 0.24
