-0.03846154 0.5384616 0.8
-0.03846154 0.5384616 0.8
-0.03846154 0.5384616 0.8
-0.03846154 0.5384616 0.8
-0.03846154 0.5384616 0.8
-0.03846154 0.5384616 0.8
-0.03846154 0.5384616 0.8
-0.03846154 0.5384616 0.8
-0.03846154 0.5384616 0.8
0.07692308 0.5769231 0.84
0.07692308 0.5769231 0.84
0.07692308 0.5769231 0.84
0.1538462 0.6153846 0.84
0.1538462 0.6153846 0.84
0.1538462 0.6153846 0.84
0.1153846 0.5384616 0.92
0 0.5 0.96
-0.1153846 0.4230769 1
-0.1538462 0.4230769 1.04
-0.1923077 0.3846154 1.12
-0.2692308 0.3846154 1.2
-0.2692308 0.4230769 1.28
-0.3076923 0.4615385 1.44
-0.3461539 0.4615385 1.6
-0.3461539 0.4615385 1.8
-0.3076923 0.4615385 1.88
-0.2307692 0.5384616 1.88
-0.1538462 0.5769231 1.96
-0.1538462 0.5 2
-0.1538462 0.5384616 2.08
-0.07692308 0.5769231 2.16
-0.07692308 0.5769231 2.2
-0.1153846 0.5384616 2.28
-0.1538462 0.5769231 2.4
-0.1923077 0.5769231 2.6
-0.1923077 0.6153846 2.68
-0.1153846 0.6538461 2.68
-0.07692308 0.7307692 2.6
-0.03846154 0.8076923 2.52
0 0.8846154 2.44
0.07692308 1 2.44
0.1923077 1.115385 2.4
0.1923077 1.192308 2.44
0.1153846 1.269231 2.44
0.03846154 1.307692 2.44
0 1.346154 2.36
0 1.346154 2.2
0.03846154 1.346154 1.96
0 1.307692 1.64
-0.03846154 1.230769 1.44
-0.03846154 1.153846 1.24
-0.07692308 1.038462 1.08
-0.1153846 1 0.96
-0.1538462 0.8846154 0.84
-0.1923077 0.8076923 0.8
-0.2307692 0.8076923 0.72
-0.1923077 0.7692308 0.56
-0.1923077 0.6923077 0.4
-0.1923077 0.5384616 0.24
-0.1923077 0.4230769 0.12
-0.1153846 0.3076923 -0.08
-0.07692308 0.1538462 -0.28
-0.07692308 0.03846154 -0.4
-0.1153846 -0.1153846 -0.48
-0.1538462 -0.2307692 -0.52
-0.1923077 -0.3076923 -0.48
-0.1538462 -0.3076923 -0.44
-0.07692308 -0.3076923 -0.44
-0.07692308 -0.3076923 -0.4
-0.03846154 -0.2692308 -0.36
0.03846154 -0.2307692 -0.28
0.03846154 -0.1538462 -0.32
0.03846154 -0.1538462 -0.36
0 -0.1538462 -0.36
-0.1153846 -0.1923077 -0.24
-0.2307692 -0.2307692 -0.12
-0.3076923 -0.2307692 -0.08
-0.3461539 -0.2692308 -0.08
-0.2692308 -0.2307692 -0.16
-0.1538462 -0.2307692 -0.24
-0.07692308 -0.2307692 -0.24
0 -0.2692308 -0.24
0.03846154 -0.3076923 -0.32
0.03846154 -0.4615385 -0.44
0.03846154 -0.4615385 -0.44
0.07692308 -0.5 -0.48
0.07692308 -0.5384616 -0.48
0.07692308 -0.5769231 -0.6
0.1538462 -0.6153846 -0.76
0.2307692 -0.6153846 -0.84
0.2692308 -0.6538461 -0.88
0.2692308 -0.6923077 -0.88
0.2692308 -0.6923077 -0.88
0.1923077 -0.7692308 -0.84
0.1923077 -0.8076923 -0.76
0.2307692 -0.7692308 -0.68
0.2692308 -0.7307692 -0.6
0.3076923 -0.7307692 -0.52
0.3076923 -0.6923077 -0.44
0.2692308 -0.6923077 -0.4
0.2692308 -0.6923077 -0.36
0.2692308 -0.6923077 -0.32
0.2307692 -0.7692308 -0.32
0.1923077 -0.8076923 -0.36
0.1538462 -0.8076923 -0.4
0.1538462 -0.7692308 -0.4
0.1538462 -0.7692308 -0.4
0.1153846 -0.8076923 -0.44
0.1153846 -0.8461539 -0.48
0.1538462 -0.8461539 -0.52
0.1538462 -0.8461539 -0.64
0.1153846 -0.8461539 -0.64
0.1153846 -0.8076923 -0.56
0.07692308 -0.8076923 -0.48
0.03846154 -0.7307692 -0.44
-0.07692308 -0.6153846 -0.4
