0.3461539 -0.1153846 0.92
0.3461539 -0.1153846 0.92
0.3461539 -0.1153846 0.92
0.3461539 -0.1153846 0.92
0.3461539 -0.1153846 0.92
0.3461539 -0.1153846 0.92
0.3461539 -0.1153846 0.92
0.3461539 -0.1153846 0.92
0.3461539 -0.1153846 0.92
0.3461539 -0.1153846 0.92
0.2307692 -0.1923077 1
0.1923077 -0.1923077 0.96
0.2307692 -0.1923077 0.84
0.2692308 -0.1538462 0.84
0.3461539 -0.07692308 0.88
0.4230769 -0.03846154 0.88
0.3846154 -0.07692308 0.88
0.3461539 -0.1153846 0.88
0.2692308 -0.1923077 0.88
0.1923077 -0.2307692 0.92
0.1923077 -0.1923077 0.92
0.3076923 -0.1153846 0.92
0.4615385 -0.03846154 0.88
0.5384616 0 0.92
0.5 -0.03846154 0.96
0.4615385 -0.07692308 1
0.5 -0.07692308 0.96
0.5384616 -0.03846154 1
0.5769231 -0.03846154 1
0.6153846 0 0.96
0.7692308 0.07692308 0.92
0.9615384 0.1923077 0.92
1.153846 0.2692308 1
1.346154 0.3846154 1.16
1.538462 0.5 1.24
1.615385 0.5769231 1.28
1.653846 0.6538461 1.28
1.730769 0.7307692 1.24
1.769231 0.7692308 1.2
1.730769 0.7692308 1.08
1.653846 0.7307692 0.92
1.5 0.7307692 0.76
1.346154 0.6538461 0.72
1.192308 0.6153846 0.76
1.038462 0.5769231 0.84
0.9230769 0.5769231 0.88
0.8461539 0.5769231 0.88
0.8461539 0.6538461 0.88
0.9230769 0.7307692 0.84
0.9615384 0.7692308 0.8
0.8461539 0.7692308 0.76
0.5769231 0.6923077 0.8
0.2692308 0.6153846 0.8
0 0.5 0.84
-0.1153846 0.4230769 0.84
-0.1923077 0.4230769 0.84
-0.2307692 0.4615385 0.84
-0.1923077 0.5384616 0.8
-0.2307692 0.5384616 0.8
-0.3846154 0.5 0.84
-0.5384616 0.3846154 0.8
-0.6923077 0.2692308 0.76
-0.8846154 0.1538462 0.8
-1 0.07692308 0.84
-0.9230769 0.03846154 0.88
-0.8076923 0.07692308 0.96
-0.6153846 0.07692308 1.08
-0.5769231 0.07692308 1.12
-0.6153846 0.07692308 1.12
-0.6923077 0.07692308 1.12
-0.7307692 0.07692308 1.12
-0.6538461 0.03846154 1.2
-0.4615385 0.03846154 1.28
-0.2692308 0.03846154 1.32
-0.1923077 0.03846154 1.32
-0.1923077 0.03846154 1.32
-0.1923077 0.03846154 1.28
-0.2692308 -0.03846154 1.28
-0.3846154 -0.07692308 1.32
-0.4230769 -0.1153846 1.28
-0.3846154 -0.07692308 1.24
-0.3461539 -0.07692308 1.2
-0.2692308 -0.03846154 1.2
-0.2307692 0 1.2
-0.2307692 0 1.08
-0.2692308 0.03846154 1.08
-0.3076923 0.03846154 1.04
-0.3461539 0.03846154 1.04
-0.3076923 0 1.08
-0.2692308 0.03846154 1.16
-0.2307692 0.03846154 1.12
-0.1538462 0.1153846 1.12
-0.1538462 0.1538462 1.2
-0.1923077 0.1923077 1.28
