-0.3461539 0.2692308 0.4
-0.3461539 0.2692308 0.4
-0.3461539 0.2692308 0.4
-0.3461539 0.2692308 0.4
-0.3461539 0.2692308 0.4
-0.3461539 0.2692308 0.4
-0.3461539 0.2692308 0.4
-0.3461539 0.2692308 0.4
-0.3461539 0.2692308 0.4
-0.3461539 0.2692308 0.4
-0.3461539 0.2692308 0.4
-0.3461539 0.2692308 0.4
-0.3076923 0.3846154 0.6
-0.3076923 0.4615385 0.8
-0.3846154 0.5 1.08
-0.5769231 0.5 1.36
-0.7692308 0.5384616 1.6
-0.9230769 0.5769231 1.8
-0.9615384 0.6153846 1.96
-0.9615384 0.6538461 2.12
-0.8846154 0.7307692 2.28
-0.8076923 0.7692308 2.4
-0.8076923 0.7692308 2.48
-0.8076923 0.7307692 2.48
-0.8076923 0.7692308 2.44
-0.7307692 0.8076923 2.48
-0.6538461 0.8846154 2.48
-0.6153846 0.8846154 2.48
-0.6153846 0.9230769 2.48
-0.5769231 1 2.48
-0.4615385 1.038462 2.48
-0.3076923 1.153846 2.52
-0.1153846 1.307692 2.52
0.1153846 1.461538 2.56
0.3846154 1.692308 2.56
0.7307692 1.846154 2.52
1.153846 1.961538 2.52
1.346154 1.961538 2.48
1.384615 1.961538 2.4
1.384615 1.884615 2.2
1.423077 1.846154 1.96
1.576923 1.846154 1.64
1.692308 1.846154 1.32
1.769231 1.807692 1
1.769231 1.692308 0.68
1.653846 1.538462 0.48
1.538462 1.423077 0.32
1.384615 1.269231 0.16
1.269231 1.115385 0
1.192308 0.9615384 -0.12
1.038462 0.8076923 -0.24
0.8846154 0.6538461 -0.36
0.8461539 0.5769231 -0.44
0.8846154 0.5 -0.56
0.9230769 0.4615385 -0.56
0.8846154 0.4230769 -0.6
0.8076923 0.3846154 -0.64
0.7307692 0.3461539 -0.76
0.5769231 0.3076923 -0.8
0.3846154 0.2307692 -0.76
0.2307692 0.1923077 -0.76
0.07692308 0.1538462 -0.76
0 0.1538462 -0.8
0 0.1538462 -0.8
0.07692308 0.1538462 -0.8
0.1153846 0.1923077 -0.84
0.1153846 0.1923077 -0.84
0.03846154 0.1923077 -0.8
-0.03846154 0.1923077 -0.8
-0.1153846 0.1923077 -0.76
-0.1923077 0.1538462 -0.8
-0.2307692 0.1538462 -0.8
-0.2692308 0.1538462 -0.8
-0.3076923 0.1538462 -0.76
-0.3076923 0.1923077 -0.72
-0.2307692 0.2692308 -0.64
-0.1538462 0.3461539 -0.52
-0.1923077 0.4230769 -0.4
-0.2307692 0.4230769 -0.24
-0.3076923 0.4230769 -0.12
-0.4230769 0.4230769 0
-0.5384616 0.4230769 0.08
-0.6153846 0.3461539 0.04
-0.6538461 0.3846154 0.08
-0.6538461 0.4615385 0.16
-0.5769231 0.5 0.28
-0.5384616 0.5769231 0.36
-0.5 0.6153846 0.4
-0.5384616 0.6153846 0.44
-0.5769231 0.6538461 0.56
-0.6923077 0.6538461 0.64
-0.7307692 0.6538461 0.72
-0.7692308 0.6538461 0.76
-0.8076923 0.6153846 0.84
-0.9230769 0.5769231 1.04
-1.038462 0.5384616 1.28
-1.115385 0.5 1.48
-1.153846 0.5 1.52
-1.192308 0.5 1.64
-1.269231 0.4230769 1.88
-1.461538 0.4230769 2.04
-1.653846 0.4230769 2.12
-1.692308 0.4615385 2.04
-1.615385 0.5769231 1.88
-1.461538 0.6923077 1.92
-1.192308 0.9230769 2
-0.9615384 1.115385 2.2
-0.7307692 1.346154 2.44
-0.4230769 1.5 2.68
-0.1153846 1.538462 2.92
0.03846154 1.5 3.2
0.1153846 1.346154 3.52
0.2692308 1.346154 3.92
0.5 1.307692 4.16
0.6923077 1.269231 4.04
0.6923077 1.192308 3.68
0.6538461 1.076923 3.2
0.6153846 1 2.72
0.6153846 0.8461539 2.2
0.5384616 0.8076923 1.76
