1384248313066 97553628861243 317141000000 0.459687 0.000000 10.266337
1384248313178 97553739975745 317251000000 0.153229 0.000000 9.806650
1384248313285 97553847458655 317361000000 2.145205 2.145205 10.726024
1384248313396 97553958451087 317471000000 3.983952 4.137181 10.419566
1384248313508 97554069931800 317581000000 5.669470 1.991976 10.266337
1384248313620 97554182450111 317691000000 8.887277 0.766145 9.806650
1384248313732 97554294052894 317801000000 12.258313 -1.991976 7.661446
1384248313843 97554405350501 317911000000 8.121132 -10.572795 10.419566
1384248313954 97554516434486 318021000000 1.685518 -2.604892 8.427590
1384248314065 97554627610023 318131000000 1.072602 -0.612916 9.500193
1384248314177 97554739853675 318241000000 1.072602 -0.459687 10.266337
1384248314289 97554851151282 318351000000 0.766145 0.612916 10.266337
1384248314400 97554962479407 318461000000 0.919373 0.153229 9.959879
1384248314511 97555073654945 318571000000 0.459687 0.000000 10.266337
1384248314617 97555179032142 318681000000 7.354988 -3.830723 -1.225831
1384248314728 97555290055091 318791000000 1.532289 -1.072602 12.258313
1384248314818 97555380051429 318901000000 1.991976 2.604892 9.346964
