1384354373843 144802246323483 80544000000 1.379060 0.000000 10.266337
1384354373956 144802358719723 80654000000 1.225831 0.306458 10.266337
1384354374043 144802446579831 80764000000 2.145205 1.838747 10.572795
1384354374164 144802567368405 80874000000 1.685518 6.588843 9.500193
1384354374278 144802680924314 80984000000 2.911349 3.830723 8.887277
1384354374390 144802793198483 81094000000 4.290410 1.991976 9.653421
1384354374503 144802905808346 81204000000 5.209783 -0.766145 10.726024
1384354374589 144802992325681 81314000000 2.911349 -3.371036 9.806650
1384354374726 144803128739255 81424000000 1.838747 -1.991976 9.193734
1384354374826 144803228775876 81534000000 1.072602 -1.379060 10.113108
1384354374922 144803324967282 81644000000 1.991976 -0.612916 10.266337
1384354375035 144803438126462 81754000000 1.685518 0.153229 10.726024
1384354375151 144803554062741 81864000000 2.145205 -0.459687 10.419566
1384354375263 144803666397946 81974000000 1.379060 -0.766145 9.500193
1384354375376 144803779435056 82084000000 1.225831 0.459687 10.266337
1384354375471 144803873825925 82194000000 1.072602 -0.306458 9.806650
1384354375597 144803999649899 82304000000 0.459687 0.306458 9.500193
1384354375708 144804110733884 82414000000 0.919373 -0.612916 10.266337
1384354375819 144804222153561 82524000000 1.072602 -0.153229 9.806650
1384354375931 144804334549802 82634000000 0.919373 -0.306458 10.113108
1384354376044 144804447129147 82744000000 0.919373 -0.919373 10.572795
