1384354377846 144806248734372 84554000000 1.532289 1.072602 9.959879
1384354377959 144806361679929 84664000000 1.532289 1.072602 9.806650
1384354378057 144806459854977 84774000000 2.758120 2.758120 10.266337
1384354378170 144806573593991 84884000000 2.911349 5.209783 8.887277
1384354378283 144806685929196 84994000000 4.443638 4.750096 10.879252
1384354378395 144806798508542 85104000000 4.903325 0.000000 9.346964
1384354378508 144806911576169 85214000000 2.911349 -1.685518 9.500193
1384354378605 144807008438962 85324000000 0.919373 -3.217807 9.959879
1384354378718 144807120926755 85434000000 -0.306458 -3.217807 9.193734
1384354378830 144807232682126 85544000000 0.153229 -0.612916 9.806650
1384354378946 144807349594968 85654000000 0.459687 -0.766145 10.419566
1384354379065 144807467942136 85764000000 0.459687 -0.459687 10.266337
1384354379161 144807564591306 85874000000 0.306458 -0.306458 10.419566
1384354379287 144807689865964 85984000000 0.459687 -0.612916 9.959879
1384354379377 144807780594723 86094000000 0.153229 0.000000 10.113108
1384354379516 144807918625729 86204000000 0.306458 0.000000 9.959879
1384354379602 144808004990475 86314000000 1.685518 -1.838747 9.346964
1384354379719 144808121994870 86424000000 -0.153229 0.153229 10.726024
1384354379835 144808238083737 86534000000 0.612916 -0.153229 10.113108
