1384354394196 144822599137204 100904000000 2.145205 1.991976 9.806650
1384354394309 144822712204831 101014000000 2.911349 2.298434 9.959879
1384354394420 144822823532956 101124000000 3.371036 4.290410 9.346964
1384354394533 144822935776608 101234000000 4.750096 0.919373 9.500193
1384354394621 144823024094480 101344000000 5.975927 -3.524265 10.419566
1384354394744 144823146622556 101454000000 2.145205 -1.072602 9.959879
1384354394855 144823258194821 101564000000 2.298434 -1.991976 9.500193
1384354394967 144823370102780 101674000000 1.532289 -1.991976 10.113108
1384354395078 144823481430905 101784000000 1.532289 -1.225831 10.419566
1384354395191 144823594468015 101894000000 0.919373 -0.612916 10.113108
1384354395306 144823708969968 102004000000 1.225831 -0.306458 10.266337
1384354395411 144823814072507 102114000000 1.225831 0.306458 10.113108
1384354395503 144823905808346 102224000000 0.153229 -0.612916 9.500193
1384354395616 144824018662351 102334000000 0.766145 -0.153229 10.726024
1384354395726 144824129166501 102444000000 1.225831 0.000000 10.113108
