1387457104582 659325276595821 812950000000 -3.217807 0.306458 9.653421
1387457104694 659325388137569 813060000000 -2.604892 1.072602 8.887277
1387457104800 659325494308223 813170000000 1.072602 4.903325 7.814674
1387457104910 659325604079953 813280000000 1.225831 0.153229 8.734048
1387457105046 659325740676633 813390000000 0.766145 -11.645397 6.435614
1387457105129 659325823104611 813500000000 -1.838747 -18.081011 3.064578
1387457105246 659325940719357 813610000000 0.766145 -11.185710 6.588843
1387457105378 659326072067014 813720000000 4.137181 -1.532289 11.798626
1387457105475 659326169753780 813830000000 6.129157 3.217807 10.726024
1387457105577 659326270950069 813940000000 5.363012 0.919373 7.354988
1387457105701 659326395553342 814050000000 9.193734 -4.903325 5.975927
1387457105811 659326505538693 814160000000 9.040505 -10.113108 5.669470
1387457105916 659326610702265 814270000000 6.435614 -9.806650 7.661446
1387457106021 659326715530148 814380000000 6.588843 -5.209783 7.967903
1387457106122 659326816451778 814490000000 6.895301 -2.298434 7.201759
1387457106244 659326938186397 814600000000 6.129157 -1.685518 7.048530
1387457106341 659327035232296 814710000000 6.588843 -1.991976 7.201759
1387457106465 659327159530392 814820000000 6.129157 -2.145205 7.508216
1387457106569 659327263412229 814930000000 6.895301 -2.911349 7.354988
1387457106679 659327373153438 815040000000 5.363012 -2.604892 8.580819
1387457106781 659327475539912 815150000000 5.363012 -2.758120 8.121132
