1387457109399 659330093612423 817750000000 -2.451663 0.766145 9.806650
1387457109511 659330205520381 817860000000 -1.991976 2.298434 9.959879
1387457109641 659330335708370 817970000000 1.532289 3.830723 8.734048
1387457109720 659330413985960 818080000000 -1.838747 -0.459687 7.967903
1387457109823 659330517043819 818190000000 -1.838747 -11.032481 4.750096
1387457109939 659330633346310 818300000000 -2.298434 -13.637373 4.290410
1387457110055 659330749374142 818410000000 0.919373 -9.806650 7.201759
1387457110165 659330859451047 818520000000 3.983952 -1.685518 10.419566
1387457110275 659330969375363 818630000000 6.588843 1.991976 10.726024
1387457110378 659331072036496 818740000000 5.669470 1.379060 8.734048
1387457110483 659331176925412 818850000000 8.274362 -3.524265 6.129157
1387457110592 659331285873165 818960000000 7.967903 -9.346964 7.661446
1387457110721 659331415389768 819070000000 7.201759 -8.734048 7.048530
1387457110814 659331507858030 819180000000 6.588843 -5.209783 7.048530
1387457110918 659331612136594 819290000000 6.895301 -3.064578 6.742072
1387457111042 659331736495724 819400000000 7.201759 -2.758120 6.895301
1387457111140 659331834609738 819510000000 6.742072 -2.911349 6.742072
1387457111259 659331952895870 819620000000 6.895301 -3.371036 6.742072
1387457111364 659332058181516 819730000000 6.588843 -2.911349 6.435614
1387457111471 659332165725461 819840000000 6.742072 -2.298434 7.048530
1387457111589 659332283248653 819950000000 9.193734 -1.991976 7.967903
1387457111688 659332382796995 820060000000 6.895301 -2.911349 6.129157
1387457111826 659332519881954 820170000000 7.048530 -2.298434 6.435614
1387457111915 659332609512081 820280000000 7.048530 -2.758120 7.048530
1387457112023 659332717513791 820390000000 7.048530 -3.064578 7.201759
1387457112138 659332832534544 820500000000 7.354988 -2.758120 6.742072
1387457112240 659332934463254 820610000000 7.201759 -1.991976 7.201759
1387457112361 659333054885617 820720000000 7.048530 -2.298434 7.354988
1387457112467 659333161300411 820830000000 6.742072 -3.064578 8.121132
1387457112584 659333277969112 820940000000 6.742072 -2.145205 8.121132
1387457112685 659333379714717 821050000000 7.048530 -2.298434 8.274362
