1385109971745 90046198907328 761562000000 -5.209783 0.766145 8.887277
1385109971858 90046311608744 761672000000 -4.596867 1.225831 9.040505
1385109971976 90046429223490 761782000000 -5.363012 -0.459687 9.193734
1385109972069 90046522790384 761892000000 -5.209783 -7.508216 10.726024
1385109972182 90046635583353 762002000000 -3.524265 -7.354988 11.032481
1385109972297 90046750634623 762112000000 1.685518 -3.524265 5.975927
1385109972435 90046889001322 762222000000 7.814674 2.758120 3.217807
1385109972524 90046977075053 762332000000 9.959879 9.346964 4.750096
1385109972612 90047065423441 762442000000 13.790602 9.346964 9.346964
1385109972726 90047179528666 762552000000 16.242264 4.290410 10.572795
1385109972841 90047294671488 762662000000 18.693928 -6.129157 2.604892
1385109972953 90047406976176 762772000000 14.556746 -12.717999 -0.919373
1385109973067 90047520471049 762882000000 7.661446 -14.863204 -6.742072
1385109973181 90047634362650 762992000000 12.105083 -9.040505 -4.137181
1385109973296 90047749230814 763102000000 19.613300 -3.983952 -1.685518
1385109973382 90047835290384 763212000000 17.161638 3.677494 -0.459687
1385109973494 90047947717142 763322000000 9.806650 -4.290410 0.612916
1385109973607 90048060967875 763432000000 7.201759 -2.758120 2.298434
1385109973716 90048169579935 763542000000 7.814674 -5.822699 3.524265
1385109973829 90048282983256 763652000000 7.048530 -6.129157 4.290410
1385109973946 90048399346781 763762000000 9.040505 -8.121132 2.758120
1385109974054 90048508294535 763872000000 7.048530 -6.588843 5.209783
1385109974155 90048608209086 763982000000 7.354988 -6.282385 3.677494
