1385109980794 90055247186136 770602000000 -4.596867 0.306458 9.040505
1385109980883 90055336083842 770712000000 -4.443638 0.459687 9.040505
1385109980996 90055449761820 770822000000 -5.056554 -1.225831 9.040505
1385109981110 90055563561869 770932000000 -4.596867 -6.742072 11.338940
1385109981224 90055677270365 771042000000 -2.758120 -7.201759 10.266337
1385109981337 90055790917826 771152000000 2.145205 -3.524265 5.822699
1385109981449 90055902215433 771262000000 6.895301 2.451663 3.217807
1385109981569 90056022576761 771372000000 10.419566 5.669470 4.750096
1385109981659 90056112389994 771482000000 12.871228 10.879252 11.338940
1385109981773 90056226037455 771592000000 16.701952 3.371036 10.572795
1385109981886 90056339684916 771702000000 19.153614 -8.734048 4.137181
1385109982000 90056453546000 771812000000 12.105083 -14.403518 -2.451663
1385109982113 90056567040873 771922000000 9.346964 -13.484144 -2.451663
1385109982227 90056680047465 772032000000 11.492168 -11.492168 -0.919373
1385109982315 90056768029642 772142000000 17.161638 -5.209783 -1.532289
1385109982429 90056882592630 772252000000 17.161638 1.838747 -1.838747
1385109982543 90056996636820 772362000000 11.951855 -3.217807 0.306458
1385109982679 90057132226420 772472000000 8.121132 -1.838747 1.072602
1385109982767 90057220971537 772582000000 7.814674 -6.435614 2.758120
1385109982883 90057336236429 772692000000 7.048530 -7.201759 2.604892
1385109982996 90057449426127 772802000000 7.967903 -6.895301 2.145205
1385109983082 90057535943461 772912000000 7.814674 -6.588843 4.750096
1385109983211 90057664941263 773022000000 7.354988 -6.282385 2.604892
