1385110008565 90083018548441 798382000000 -5.209783 -0.306458 8.887277
1385110008678 90083132043314 798492000000 -5.669470 -0.766145 8.580819
1385110008792 90083245782328 798602000000 -5.669470 -2.298434 9.500193
1385110008905 90083358270121 798712000000 -5.056554 -7.048530 10.879252
1385110009017 90083470727396 798822000000 -2.911349 -4.903325 8.274362
1385110009105 90083558251810 798932000000 0.000000 0.612916 4.596867
1385110009217 90083670709086 799042000000 2.604892 6.129157 4.290410
1385110009332 90083785821390 799152000000 5.822699 6.129157 6.282385
1385110009441 90083894616556 799262000000 8.427590 10.879252 11.185710
1385110009575 90084028283549 799372000000 13.330915 4.596867 10.419566
1385110009662 90084115960550 799482000000 11.338940 -8.121132 4.903325
1385110009776 90084229241801 799592000000 10.879252 -12.258313 1.991976
1385110009889 90084342523050 799702000000 8.734048 -16.242264 0.459687
1385110009998 90084451959086 799812000000 12.411542 -12.717999 1.685518
1385110010116 90084570001078 799922000000 17.927782 -5.363012 1.379060
1385110010204 90084657617045 800032000000 17.621325 0.306458 1.838747
1385110010326 90084779900980 800142000000 9.500193 -2.298434 0.919373
1385110010439 90084892510844 800252000000 7.967903 -3.371036 2.911349
1385110010551 90085004296732 800362000000 6.129157 -5.975927 3.830723
1385110010664 90085117577982 800472000000 8.580819 -5.822699 -11.798626
1385110010777 90085230157328 800582000000 6.129157 -5.822699 5.516241
1385110010878 90085331262064 800692000000 7.354988 -5.822699 5.669470
