1385110023184 90097637658549 813002000000 -4.443638 0.766145 8.887277
1385110023295 90097748498392 813112000000 -4.750096 1.225831 8.887277
1385110023409 90097862145853 813222000000 -4.903325 -2.451663 9.806650
1385110023522 90097975854349 813332000000 -4.443638 -6.282385 12.105083
1385110023660 90098114007425 813442000000 -2.145205 -4.596867 9.500193
1385110023748 90098201989603 813552000000 1.379060 -0.919373 4.750096
1385110023836 90098289575053 813662000000 6.742072 5.516241 3.983952
1385110023949 90098402032328 813772000000 8.580819 10.726024 5.975927
1385110024061 90098514581156 813882000000 9.653421 13.484144 9.500193
1385110024174 90098627282572 813992000000 12.871228 4.903325 8.887277
1385110024288 90098741479349 814102000000 11.645397 -6.588843 5.363012
1385110024401 90098854730082 814212000000 10.419566 -13.790602 5.975927
1385110024515 90098968224955 814322000000 7.967903 -14.250289 2.145205
1385110024627 90099080865336 814432000000 13.177687 -12.258313 3.677494
1385110024717 90099170251322 814542000000 17.314867 -3.524265 1.225831
1385110024831 90099284081888 814652000000 14.863204 1.838747 0.919373
1385110024954 90099407617045 814762000000 9.500193 -2.451663 0.306458
1385110025062 90099515252543 814872000000 8.887277 -2.758120 2.911349
1385110025176 90099629754496 814982000000 7.201759 -4.290410 3.983952
1385110025290 90099743493510 815092000000 8.121132 -5.975927 4.903325
1385110025379 90099832177591 815202000000 7.814674 -5.822699 4.290410
1385110025493 90099946038676 815312000000 8.734048 -5.516241 4.903325
