1385110032192 90106645715189 822012000000 -4.903325 0.000000 8.580819
1385110032312 90106765160990 822122000000 -5.209783 0.459687 8.887277
1385110032426 90106879418802 822232000000 -5.363012 -3.524265 9.500193
1385110032515 90106968987894 822342000000 -4.903325 -5.669470 9.959879
1385110032648 90107101342630 822452000000 -1.838747 -3.983952 8.734048
1385110032736 90107189691019 822562000000 1.838747 0.919373 5.363012
1385110032849 90107302178812 822672000000 6.282385 4.137181 4.750096
1385110032963 90107416772318 822782000000 9.500193 11.492168 10.266337
1385110033076 90107529565287 822892000000 11.492168 9.959879 10.879252
1385110033189 90107642846537 823002000000 16.089035 -1.532289 7.814674
1385110033303 90107756493998 823112000000 14.403518 -10.419566 1.838747
1385110033416 90107869531107 823222000000 12.105083 -12.411542 -0.612916
1385110033504 90107957818461 823332000000 9.040505 -13.177687 1.532289
1385110033617 90108070641947 823442000000 16.855181 -9.346964 0.919373
1385110033735 90108188043070 823552000000 19.000385 -0.919373 0.766145
1385110033849 90108302941752 823662000000 10.726024 1.532289 0.000000
1385110033953 90108406762553 823772000000 8.580819 -3.983952 2.758120
1385110034069 90108523004007 823882000000 7.048530 -4.443638 3.677494
1385110034170 90108623650980 823992000000 7.508216 -5.822699 4.443638
1385110034284 90108737878275 824102000000 8.427590 -6.282385 4.137181
1385110034398 90108851800394 824212000000 7.354988 -5.975927 6.588843
1385110034512 90108965417338 824322000000 6.895301 -5.363012 4.596867
