1384248913295 98153857132728 917441000000 6.129157 -6.435614 4.596867
1384248913411 98153973069007 917551000000 6.129157 -7.048530 4.443638
1384248913522 98154084427649 917661000000 5.975927 -6.742072 4.137181
1384248913633 98154195725257 917771000000 5.975927 -6.282385 4.290410
1384248913744 98154306137855 917881000000 8.734048 -3.371036 5.516241
1384248913868 98154430588538 917991000000 15.782578 -3.677494 5.363012
1384248913954 98154516800697 918101000000 16.242264 -17.927782 10.266337
1384248914067 98154629074866 918211000000 10.726024 -21.452047 1.072602
1384248914176 98154738785560 918321000000 3.677494 -12.717999 -7.201759
1384248914288 98154850510413 918431000000 4.137181 -3.371036 -6.895301
1384248914399 98154961777503 918541000000 9.040505 0.459687 -2.298434
1384248914511 98155073014075 918651000000 9.653421 -2.758120 7.201759
1384248914622 98155184281165 918761000000 16.701952 -8.734048 10.419566
1384248914733 98155295487220 918871000000 11.645397 -1.225831 19.000385
1384248914844 98155406021888 918981000000 9.959879 -24.056938 -1.685518
1384248914956 98155518082435 919091000000 4.903325 -6.742072 -0.153229
1384248915066 98155628800208 919201000000 9.806650 -7.048530 3.064578
1384248915178 98155740494544 919311000000 6.895301 -7.354988 1.685518
1384248915289 98155851853187 919421000000 6.435614 -5.363012 3.830723
1384248915401 98155963272864 919531000000 6.588843 -6.742072 3.830723
1384248915512 98156074295814 919641000000 5.975927 -7.354988 3.983952
1384248915623 98156185471351 919751000000 3.217807 -7.814674 3.524265
