1384186705580 79603869759024 2104262000000 1.072602 -1.379060 9.653421
1384186705693 79603982948721 2104372000000 1.379060 -1.532289 10.419566
1384186705804 79604093269766 2104482000000 1.072602 -1.379060 10.266337
1384186705922 79604211555899 2104592000000 -0.459687 2.145205 20.839132
1384186706033 79604322822989 2104702000000 0.919373 -1.379060 13.177687
1384186706144 79604433906973 2104812000000 0.612916 0.459687 0.306458
1384186706256 79604545906485 2104922000000 0.459687 6.588843 5.822699
1384186706367 79604656471671 2105032000000 -1.991976 7.201759 10.266337
1384186706478 79604767708243 2105142000000 -5.822699 1.532289 10.113108
1384186706589 79604878914298 2105252000000 -6.435614 -7.814674 5.056554
1384186706700 79604990120352 2105362000000 -2.451663 -0.612916 -0.459687
1384186706812 79605101509512 2105472000000 -0.459687 -0.153229 0.612916
1384186706923 79605212776602 2105582000000 1.379060 -1.991976 17.008410
1384186707034 79605324196280 2105692000000 -0.306458 -7.508216 21.605276
1384186707121 79605410225333 2105802000000 0.919373 -8.734048 7.508216
1384186707252 79605541450919 2105912000000 8.274362 -4.903325 10.572795
1384186707363 79605652748526 2106022000000 6.895301 3.217807 8.887277
1384186707451 79605740211905 2106132000000 2.758120 1.532289 10.726024
1384186707562 79605851448477 2106242000000 1.838747 -1.225831 9.500193
1384186707673 79605962776602 2106352000000 1.532289 -1.072602 9.959879
1384186707784 79606073891104 2106462000000 2.145205 -1.072602 10.266337
1384186707895 79606184853018 2106572000000 1.991976 -0.919373 10.419566
1384186708007 79606296333731 2106682000000 1.991976 -0.766145 9.500193
