1384267148788 114022711117776 4198406000000 5.975927 -2.604892 7.814674
1384267148874 114022797787698 4198516000000 6.282385 -3.064578 7.814674
1384267148977 114022900143655 4198626000000 6.129157 -2.758120 7.661446
1384267149102 114023025662454 4198736000000 4.596867 -2.758120 14.556746
1384267149204 114023127804788 4198846000000 11.338940 -4.903325 18.847157
1384267149304 114023227658304 4198956000000 7.814674 -4.290410 6.129157
1384267149428 114023351162942 4199066000000 1.838747 -0.459687 1.379060
1384267149530 114023453854593 4199176000000 -1.072602 -0.306458 4.750096
1384267149652 114023575406106 4199286000000 -1.991976 -0.153229 7.967903
1384267149754 114023677609475 4199396000000 -0.919373 0.766145 10.879252
1384267149855 114023778927835 4199506000000 -2.298434 2.145205 7.814674
1384267149983 114023906491311 4199616000000 -1.685518 2.451663 10.266337
1384267150078 114024001462014 4199726000000 -1.225831 2.298434 9.806650
