1384267151764 114025687893899 4201416000000 6.129157 -3.217807 7.201759
1384267151876 114025799466165 4201526000000 6.742072 -3.217807 7.354988
1384267152005 114025928250344 4201636000000 6.435614 -3.371036 7.048530
1384267152110 114026033169778 4201746000000 5.363012 -1.379060 11.185710
1384267152211 114026134427102 4201856000000 9.346964 -2.298434 17.621325
1384267152338 114026261837991 4201966000000 8.121132 -3.677494 10.419566
1384267152442 114026365292581 4202076000000 2.911349 -2.298434 3.983952
1384267152554 114026477871927 4202186000000 0.766145 -3.217807 4.596867
1384267152657 114026580410989 4202296000000 -2.145205 -1.685518 5.363012
1384267152758 114026681607278 4202406000000 -0.459687 1.685518 10.726024
1384267152884 114026807644876 4202516000000 -1.379060 1.991976 10.266337
1384267152971 114026894070657 4202626000000 -1.685518 1.225831 10.419566
1384267153096 114027019681008 4202736000000 -1.225831 2.758120 10.113108
1384267153202 114027125973733 4202846000000 -4.443638 5.056554 10.572795
