1384267202948 114076871396096 4252606000000 7.048530 -3.064578 6.588843
1384267203073 114076996151956 4252716000000 7.201759 -3.524265 6.895301
1384267203173 114077096493753 4252826000000 7.048530 -2.758120 6.895301
1384267203300 114077223568948 4252936000000 6.588843 -1.991976 7.508216
1384267203402 114077325131448 4253046000000 8.580819 0.766145 18.234240
1384267203503 114077426754983 4253156000000 9.959879 -3.677494 12.871228
1384267203633 114077556149514 4253266000000 6.588843 -3.064578 7.201759
1384267203741 114077664547952 4253376000000 0.612916 -1.379060 3.524265
1384267203855 114077778622659 4253486000000 -1.991976 -0.766145 3.064578
1384267203964 114077887204202 4253596000000 -3.371036 0.612916 6.895301
1384267204060 114077983548196 4253706000000 -2.298434 1.685518 9.806650
1384267204184 114078107113870 4253816000000 -2.758120 2.758120 10.572795
1384267204311 114078234768899 4253926000000 -2.451663 1.838747 10.113108
1384267204392 114078315487893 4254036000000 -3.217807 4.903325 9.653421
1384267204531 114078454403909 4254146000000 -2.145205 2.145205 9.959879
