1384267206270 114080193722756 4255906000000 6.895301 -2.911349 7.048530
1384267206392 114080315213235 4256016000000 6.895301 -2.911349 6.895301
1384267206490 114080413723977 4256126000000 6.742072 -2.758120 6.895301
1384267206589 114080512967141 4256236000000 8.734048 1.379060 16.855181
1384267206714 114080637234719 4256346000000 11.338940 -2.298434 17.314867
1384267206820 114080743832620 4256456000000 8.121132 -3.677494 6.588843
1384267206923 114080846188577 4256566000000 0.612916 -1.225831 3.524265
1384267207030 114080953640970 4256676000000 -2.145205 -1.532289 2.758120
1384267207130 114081053525002 4256786000000 -2.298434 -0.306458 6.895301
1384267207260 114081183590921 4256896000000 -2.758120 1.838747 10.113108
1384267207364 114081287472756 4257006000000 -2.298434 2.451663 9.959879
1384267207465 114081388485940 4257116000000 -13.177687 5.822699 10.419566
1384267207593 114081516568216 4257226000000 -3.677494 4.903325 10.419566
1384267207702 114081625271829 4257336000000 -2.298434 2.298434 9.653421
