1384268939207 115813130887062 5988976000000 0.612916 0.766145 9.806650
1384268939309 115813232022316 5989086000000 1.379060 1.379060 10.572795
1384268939410 115813333310158 5989196000000 2.911349 5.363012 9.806650
1384268939512 115813435788185 5989306000000 2.298434 1.379060 4.903325
1384268939636 115813559414894 5989416000000 0.766145 -7.508216 1.532289
1384268939743 115813666745217 5989526000000 0.459687 -18.234240 6.588843
1384268939847 115813770840676 5989636000000 5.822699 -10.879252 9.040505
1384268939974 115813897122414 5989746000000 10.572795 -1.532289 8.580819
1384268940079 115814002499611 5989856000000 9.346964 7.661446 8.580819
1384268940205 115814128628762 5989966000000 8.121132 5.363012 8.427590
1384268940306 115814229641945 5990076000000 8.734048 1.532289 10.113108
1384268940407 115814330685646 5990186000000 8.580819 -7.967903 9.193734
1384268940507 115814430356056 5990296000000 6.435614 -5.363012 6.742072
1384268940616 115814539822609 5990406000000 5.975927 -1.072602 7.661446
1384268940739 115814662137062 5990516000000 5.822699 -0.306458 7.967903
1384268940840 115814763760597 5990626000000 5.669470 -2.298434 6.742072
1384268940969 115814892056496 5990736000000 5.975927 -1.072602 8.887277
1384268941073 115814996975930 5990846000000 6.129157 -0.919373 7.814674
