1384269021398 115895321042092 6071156000000 0.459687 1.072602 10.266337
1384269021482 115895405880959 6071266000000 0.766145 1.072602 9.806650
1384269021599 115895522763283 6071376000000 1.685518 4.290410 9.806650
1384269021707 115895630154640 6071486000000 2.758120 4.290410 8.580819
1384269021804 115895727780373 6071596000000 2.298434 -0.306458 6.129157
1384269021928 115895851529152 6071706000000 2.758120 -6.742072 5.209783
1384269022030 115895953976662 6071816000000 1.685518 -13.330915 7.508216
1384269022172 115896095822365 6071926000000 5.822699 -9.193734 8.887277
1384269022259 115896182248146 6072036000000 8.427590 -4.137181 8.887277
1384269022360 115896283444435 6072146000000 8.580819 -0.612916 9.040505
1384269022479 115896402218849 6072256000000 8.274362 2.604892 8.734048
1384269022587 115896510800392 6072366000000 9.500193 0.919373 7.661446
1384269022691 115896614682228 6072476000000 9.346964 -1.532289 7.201759
1384269022793 115896716031105 6072586000000 9.346964 -6.588843 6.588843
1384269022919 115896842190773 6072696000000 6.895301 -7.661446 4.903325
1384269023024 115896947537453 6072806000000 6.895301 -3.830723 5.822699
1384269023140 115897063748390 6072916000000 7.354988 -1.991976 6.435614
1384269023251 115897174771340 6073026000000 7.967903 -1.991976 6.742072
1384269023344 115897267849953 6073136000000 7.814674 -1.838747 6.742072
1384269023460 115897383511574 6073246000000 7.661446 -1.685518 6.435614
