1384269047812 115921735501320 6097596000000 0.306458 -0.459687 9.653421
1384269047924 115921847104103 6097706000000 0.306458 0.000000 9.653421
1384269048027 115921950528176 6097816000000 0.919373 2.451663 9.959879
1384269048157 115922080685646 6097926000000 2.298434 4.443638 9.806650
1384269048261 115922184292824 6098036000000 2.911349 1.225831 7.354988
1384269048361 115922284848244 6098146000000 1.685518 -5.822699 5.822699
1384269048472 115922395474465 6098256000000 1.532289 -9.653421 4.750096
1384269048599 115922522885353 6098366000000 3.524265 -11.185710 8.734048
1384269048704 115922627224953 6098476000000 7.814674 -4.290410 10.113108
1384269048805 115922728726418 6098586000000 11.185710 0.766145 8.121132
1384269048920 115922843564064 6098696000000 8.734048 3.524265 7.508216
1384269049049 115922972958596 6098806000000 9.653421 -0.459687 7.048530
1384269049122 115923045468361 6098916000000 10.572795 -2.758120 6.895301
1384269049252 115923175503762 6099026000000 9.500193 -6.435614 6.282385
1384269049349 115923272885353 6099136000000 8.274362 -8.887277 5.363012
1384269049452 115923375668556 6099246000000 7.967903 -4.443638 5.209783
1384269049579 115923502438576 6099356000000 7.967903 -0.459687 5.975927
1384269049681 115923604153664 6099466000000 7.967903 -1.072602 6.129157
1384269049806 115923729214699 6099576000000 7.967903 -5.209783 3.983952
1384269049907 115923830349953 6099686000000 8.121132 -1.225831 6.895301
