1384509810793 35180668487245 395733000000 -1.225831 2.145205 9.500193
1384509810896 35180770965272 395843000000 -1.379060 2.758120 9.193734
1384509811006 35180880950624 395953000000 -2.145205 2.298434 8.887277
1384509811129 35181003661806 396063000000 -6.895301 -6.742072 12.717999
1384509811272 35181147002870 396173000000 2.298434 -2.298434 12.411542
1384509811333 35181208465272 396283000000 3.371036 3.064578 5.669470
1384509811456 35181331023866 396393000000 2.911349 1.379060 -0.153229
1384509811567 35181441619569 396503000000 2.911349 0.306458 1.225831
1384509811660 35181534667665 396613000000 13.177687 -6.588843 24.823084
1384509811781 35181656188661 396723000000 5.975927 -1.685518 16.242264
1384509811894 35181769012147 396833000000 5.516241 -1.838747 9.040505
1384509812004 35181879516298 396943000000 5.056554 -1.991976 7.354988
1384509812116 35181991149598 397053000000 4.290410 -4.443638 6.895301
1384509812227 35182101806337 397163000000 4.903325 -2.604892 7.508216
1384509812326 35182200896913 397273000000 5.822699 -1.379060 9.500193
