1384509817186 35187060790712 402133000000 -2.145205 1.532289 9.653421
1384509817308 35187183349306 402243000000 -2.298434 1.685518 9.500193
1384509817420 35187294616395 402353000000 -8.121132 -4.137181 7.967903
1384509817532 35187407561952 402463000000 0.612916 -8.427590 13.024457
1384509817658 35187533477480 402573000000 1.685518 4.290410 7.967903
1384509817745 35187619811708 402683000000 3.677494 1.532289 2.298434
1384509817856 35187731048280 402793000000 3.371036 1.532289 3.524265
1384509817967 35187842010194 402903000000 9.500193 -3.983952 19.153614
1384509818079 35187953765566 403013000000 4.903325 -2.298434 19.153614
1384509818190 35188065124208 403123000000 3.677494 -1.072602 9.346964
1384509818301 35188176208192 403233000000 4.137181 -2.298434 8.427590
1384509818396 35188271148378 403343000000 4.443638 -2.604892 8.887277
1384509818517 35188391845400 403453000000 5.056554 -1.532289 9.653421
1384509818627 35188502593690 403563000000 4.596867 -2.604892 8.121132
1384509818735 35188610595400 403673000000 3.983952 -8.580819 6.129157
