1384510008554 35378429473573 593493000000 -2.145205 -0.306458 10.419566
1384510008662 35378537170106 593603000000 -2.451663 -0.153229 9.346964
1384510008763 35378638152772 593713000000 -2.298434 0.153229 9.346964
1384510008893 35378767730409 593823000000 -2.451663 0.000000 9.653421
1384510009004 35378879516298 593933000000 -2.911349 -3.064578 8.580819
1384510009090 35378965148622 594043000000 0.612916 -5.363012 -3.524265
1384510009227 35379101897890 594153000000 3.983952 -5.056554 -1.072602
1384510009329 35379204101259 594263000000 18.081011 -4.290410 24.976313
1384510009430 35379304992372 594373000000 8.274362 -1.532289 27.121517
1384510009532 35379407104189 594483000000 10.572795 -5.209783 11.798626
1384510009659 35379533721620 594593000000 5.669470 -3.677494 0.459687
1384510009756 35379631225282 594703000000 0.306458 2.145205 3.217807
1384510009873 35379748595888 594813000000 -1.072602 3.524265 6.129157
1384510009987 35379861724550 594923000000 -1.379060 3.677494 9.040505
1384510010101 35379976073915 595033000000 -1.685518 2.604892 8.887277
1384510010202 35380077239686 595143000000 -0.612916 4.137181 10.572795
1384510010322 35380197448427 595253000000 -1.072602 3.064578 8.734048
