1384510024045 35393919677431 608983000000 -2.758120 -0.459687 9.806650
1384510024163 35394037780458 609093000000 -2.911349 -0.306458 8.887277
1384510024257 35394132537538 609203000000 -3.217807 -2.451663 5.209783
1384510024362 35394237029726 609313000000 1.379060 -0.612916 0.919373
1384510024485 35394360259706 609423000000 2.298434 -7.508216 2.604892
1384510024587 35394462005312 609533000000 11.338940 -5.056554 23.903709
1384510024698 35394573272401 609643000000 5.516241 -1.838747 25.129541
1384510024824 35394699584657 609753000000 6.742072 -5.822699 16.242264
1384510024926 35394801116640 609863000000 6.588843 -3.371036 4.750096
1384510025026 35394900756532 609973000000 2.451663 1.838747 1.532289
1384510025150 35395024718935 610083000000 -0.153229 3.524265 5.056554
1384510025247 35395121642763 610193000000 -1.225831 3.983952 8.580819
1384510025365 35395239867860 610303000000 -0.919373 3.064578 10.113108
1384510025462 35395336608583 610413000000 -1.991976 4.750096 9.653421
1384510025589 35395463744814 610523000000 -3.371036 3.064578 9.500193
1384510025697 35395572387392 610633000000 -1.072602 4.443638 9.653421
