1384355517307 145945709793942 1224114000000 -2.604892 2.298434 8.887277
1384355517402 145945804825681 1224224000000 -2.451663 2.604892 9.193734
1384355517513 145945916062253 1224334000000 -1.838747 3.830723 8.887277
1384355517632 145946034653561 1224444000000 -1.991976 5.669470 8.734048
1384355517752 145946154648679 1224554000000 -0.306458 7.508216 11.185710
1384355517838 145946241257565 1224664000000 0.766145 3.830723 10.266337
1384355517949 145946352249997 1224774000000 -1.379060 -3.371036 8.274362
1384355518060 145946463425534 1224884000000 -3.830723 -3.371036 7.661446
1384355518171 145946574204343 1224994000000 -2.145205 -0.919373 2.451663
1384355518283 145946686325925 1225104000000 0.612916 -1.225831 2.298434
1384355518393 145946796494382 1225214000000 4.137181 -1.072602 9.040505
1384355518505 145946907761472 1225324000000 10.726024 -6.588843 13.024457
1384355518618 145947021531003 1225434000000 11.338940 -3.371036 15.476120
1384355518733 145947135666745 1225544000000 8.427590 -2.758120 10.419566
1384355518844 145947247025388 1225654000000 7.661446 -2.758120 7.508216
1384355518981 145947384140866 1225764000000 7.661446 -2.758120 7.048530
1384355519068 145947470688718 1225874000000 7.201759 -2.145205 6.895301
1384355519178 145947581589597 1225984000000 6.282385 -1.532289 6.588843
1384355519277 145947680466550 1226094000000 6.588843 -2.298434 7.354988
1384355519401 145947804062741 1226204000000 6.129157 -2.758120 7.048530
1384355519488 145947890854733 1226314000000 6.742072 -2.298434 7.201759
1384355519600 145948003342526 1226424000000 6.742072 -2.911349 7.201759
1384355519714 145948117142575 1226534000000 6.742072 -2.604892 7.508216
1384355519818 145948220871823 1226644000000 6.895301 -2.451663 7.201759
1384355519930 145948332840817 1226754000000 6.435614 -2.604892 7.354988
1384355520041 145948443894284 1226864000000 7.048530 -2.451663 7.354988
1384355520151 145948554123776 1226974000000 6.588843 -2.604892 7.201759
1384355520261 145948664170163 1227084000000 6.742072 -2.604892 7.048530
1384355520372 145948775376218 1227194000000 7.048530 -2.604892 6.742072
1384355520483 145948886551755 1227304000000 6.742072 -2.451663 7.354988
1384355520592 145948994614499 1227414000000 6.588843 -2.604892 7.508216
