1384355546183 145974586350339 1252994000000 -2.604892 1.838747 9.500193
1384355546279 145974681931394 1253104000000 -2.145205 1.838747 9.500193
1384355546391 145974794052975 1253214000000 -1.379060 3.830723 9.806650
1384355546508 145974910660642 1253324000000 -0.459687 7.201759 10.113108
1384355546620 145975023270505 1253434000000 -0.459687 4.137181 11.645397
1384355546732 145975134903806 1253544000000 -1.379060 -0.306458 8.580819
1384355546843 145975246018308 1253654000000 -3.830723 -4.137181 5.822699
1384355546954 145975357315915 1253764000000 -2.451663 -2.758120 2.911349
1384355547065 145975468552487 1253874000000 0.306458 -0.612916 3.677494
1384355547179 145975581711667 1253984000000 2.298434 -1.072602 9.193734
1384355547290 145975693619626 1254094000000 7.661446 -2.604892 13.637373
1384355547401 145975804367917 1254204000000 8.427590 -1.072602 15.322891
1384355547488 145975891343015 1254314000000 8.427590 -2.145205 12.564771
1384355547601 145976004105466 1254424000000 7.508216 -1.532289 8.887277
1384355547712 145976114914792 1254534000000 6.895301 -1.532289 8.274362
1384355547835 145976238602536 1254644000000 6.742072 -2.145205 7.508216
1384355547948 145976351181882 1254754000000 5.975927 -1.532289 6.742072
1384355548060 145976462876218 1254864000000 6.588843 -2.145205 6.895301
1384355548170 145976573593991 1254974000000 6.435614 -1.838747 8.121132
1384355548268 145976671189206 1255084000000 5.975927 -1.532289 7.814674
1384355548379 145976782517331 1255194000000 5.975927 -1.991976 8.274362
1384355548485 145976887741940 1255304000000 5.669470 -1.532289 7.967903
1384355548620 145977022812741 1255414000000 6.129157 -1.685518 7.814674
1384355548713 145977116532223 1255524000000 5.822699 -1.225831 7.814674
1384355548825 145977228287595 1255634000000 6.282385 -1.685518 7.967903
1384355548937 145977339798825 1255744000000 6.129157 -1.379060 8.121132
1384355549048 145977451004880 1255854000000 6.129157 -1.532289 8.121132
1384355549148 145977551194089 1255964000000 6.129157 -1.532289 8.274362
1384355549271 145977673661130 1256074000000 5.363012 -1.072602 7.661446
1384355549360 145977762772458 1256184000000 6.742072 -1.685518 8.121132
1384355549495 145977898270505 1256294000000 5.669470 -1.838747 8.427590
