1385109604412 89678865502787 394222000000 -1.379060 0.612916 9.346964
1385109604499 89678952111673 394332000000 -1.072602 0.919373 10.113108
1385109604612 89679065118265 394442000000 -1.379060 1.379060 9.806650
1385109604741 89679194879007 394552000000 -0.766145 1.532289 6.282385
1385109604828 89679281335306 394662000000 0.306458 1.991976 0.919373
1385109604952 89679405541849 394772000000 6.435614 -0.612916 -1.072602
1385109605059 89679512322855 394882000000 24.210167 -7.048530 3.830723
1385109605171 89679624841166 394992000000 14.097059 -8.427590 19.306843
1385109605293 89679746301127 395102000000 16.089035 -2.604892 12.258313
1385109605394 89679847650004 395212000000 17.927782 -3.064578 9.806650
1385109605508 89679961175394 395322000000 11.645397 -5.822699 3.983952
1385109605621 89680074487162 395432000000 2.604892 -4.137181 1.685518
1385109605735 89680188256693 395542000000 -2.911349 -1.532289 2.451663
1385109605823 89680276879740 395652000000 -4.443638 0.459687 5.056554
1385109605936 89680389337015 395762000000 -3.677494 0.153229 8.427590
1385109606049 89680502221537 395872000000 -3.524265 -0.766145 9.806650
1385109606162 89680615319681 395982000000 -3.217807 -0.612916 9.500193
1385109606280 89680733270121 396092000000 -34.323277 31.565155 -13.484144
1385109606368 89680821679545 396202000000 -3.217807 0.306458 10.572795
1385109606495 89680948083353 396312000000 -3.064578 -0.306458 10.113108
