1385109613127 89687580377054 402942000000 -0.919373 0.153229 9.806650
1385109613240 89687693841410 403052000000 -1.072602 0.612916 9.806650
1385109613326 89687779138041 403162000000 -1.225831 1.225831 9.040505
1385109613438 89687891839457 403272000000 -0.153229 1.991976 5.669470
1385109613551 89688004388285 403382000000 0.919373 1.838747 1.072602
1385109613664 89688117608500 403492000000 6.895301 -1.225831 -0.306458
1385109613777 89688230126810 403602000000 23.137566 -8.580819 5.669470
1385109613890 89688343072367 403712000000 16.395493 -11.185710 15.169662
1385109614003 89688456872416 403822000000 14.556746 -4.443638 13.943830
1385109614118 89688571191263 403932000000 18.540699 -2.451663 12.564771
1385109614231 89688684930277 404042000000 14.556746 -4.290410 5.209783
1385109614345 89688798547220 404152000000 4.443638 -3.677494 0.000000
1385109614433 89688886041117 404262000000 -2.604892 -1.225831 2.911349
1385109614546 89688999902201 404372000000 -3.677494 -0.766145 5.975927
1385109614660 89689113732767 404482000000 -3.677494 0.000000 8.580819
1385109614777 89689230706644 404592000000 -3.064578 -0.612916 10.113108
1385109614888 89689341302347 404702000000 -2.604892 -0.459687 10.113108
1385109614997 89689450585795 404812000000 -3.371036 -1.072602 9.500193
1385109615111 89689564660502 404922000000 -2.451663 0.306458 10.266337
