1385109630083 89704536889506 419912000000 -0.919373 1.225831 9.806650
1385109630197 89704650659037 420022000000 -1.225831 1.225831 9.500193
1385109630310 89704763787699 420132000000 -0.919373 1.532289 9.959879
1385109630421 89704874749613 420242000000 -0.459687 2.451663 7.508216
1385109630535 89704988458109 420352000000 0.919373 1.685518 1.532289
1385109630649 89705102990580 420462000000 4.443638 0.153229 -0.766145
1385109630762 89705215814066 420572000000 19.460072 -6.282385 0.612916
1385109630850 89705303613138 420682000000 22.064962 -7.814674 17.927782
1385109630974 89705427117777 420792000000 13.024457 -3.830723 15.476120
1385109631088 89705541345072 420902000000 19.000385 -1.532289 12.717999
1385109631202 89705655267191 421012000000 17.314867 -2.604892 5.516241
1385109631289 89705742577982 421122000000 7.048530 -6.435614 0.459687
1385109631403 89705856835795 421232000000 -0.919373 -3.371036 0.459687
1385109631524 89705977044535 421342000000 -3.371036 -2.604892 4.596867
1385109631636 89706089990091 421452000000 -2.911349 -0.612916 9.193734
1385109631748 89706201806498 421562000000 -2.298434 -0.459687 10.113108
1385109631840 89706293572855 421672000000 -1.685518 0.306458 10.266337
1385109631964 89706417443705 421782000000 -2.145205 -0.612916 10.266337
1385109632079 89706532922220 421892000000 -0.766145 -0.919373 10.419566
1385109632190 89706643945170 422002000000 -1.532289 -0.612916 10.572795
