1384250105805 99346367173011 2109971000000 9.193734 -2.145205 3.217807
1384250105903 99346465927894 2110081000000 9.653421 -2.298434 3.524265
1384250106014 99346576889808 2110191000000 9.500193 -0.153229 7.508216
1384250106125 99346687821204 2110301000000 19.460072 -6.588843 19.306843
1384250106236 99346798905189 2110411000000 16.855181 -9.346964 5.822699
1384250106348 99346910233314 2110521000000 8.121132 -3.677494 -1.225831
1384250106459 99347021530921 2110631000000 -1.379060 0.612916 -4.750096
1384250106573 99347135147864 2110741000000 -1.685518 -3.064578 -5.669470
1384250106685 99347247086341 2110851000000 4.596867 -4.290410 -1.838747
1384250106796 99347358353431 2110961000000 19.766529 -9.193734 10.113108
1384250106907 99347469651038 2111071000000 21.298819 -9.500193 12.258313
1384250107020 99347582047278 2111181000000 10.266337 0.766145 9.193734
1384250107115 99347677262122 2111291000000 8.121132 -4.443638 2.911349
1384250107233 99347795914466 2111401000000 9.193734 -5.209783 2.604892
1384250107350 99347912277991 2111511000000 15.169662 2.911349 22.218191
1384250107461 99348023148353 2111621000000 17.774553 -5.975927 1.225831
1384250107577 99348139542396 2111731000000 9.040505 -4.290410 3.524265
1384250107663 99348225540931 2111841000000 8.734048 -4.290410 3.064578
1384250107774 99348336838538 2111951000000 8.887277 -3.830723 3.524265
1384250107886 99348448715980 2112061000000 9.040505 -4.596867 3.064578
1384250107999 99348561692054 2112171000000 7.661446 -4.750096 2.911349
1384250108109 99348671860511 2112281000000 4.750096 -7.354988 2.758120
