1384356480786 146909188858884 2187624000000 6.588843 -4.137181 6.129157
1384356480907 146909310196774 2187734000000 6.742072 -4.443638 6.435614
1384356481018 146909421158688 2187844000000 7.661446 -3.217807 6.129157
1384356481129 146909531906980 2187954000000 9.040505 0.153229 5.669470
1384356481227 146909630204099 2188064000000 11.032481 -0.153229 5.056554
1384356481338 146909741227048 2188174000000 14.097059 -2.451663 9.653421
1384356481450 146909853379147 2188284000000 11.951855 -7.508216 11.185710
1384356481561 146909964310544 2188394000000 7.661446 -8.734048 9.500193
1384356481673 146910076340573 2188504000000 3.371036 -7.508216 6.282385
1384356481784 146910187607663 2188614000000 1.991976 -4.290410 4.750096
1384356481896 146910299118894 2188724000000 4.443638 1.838747 9.959879
1384356481998 146910401535886 2188834000000 5.056554 6.435614 13.330915
1384356482109 146910512009518 2188944000000 4.596867 6.435614 13.484144
1384356482221 146910623642819 2189054000000 3.830723 7.048530 7.048530
1384356482318 146910721268552 2189164000000 0.459687 5.822699 6.742072
1384356482431 146910834031003 2189274000000 -1.225831 4.290410 6.742072
1384356482549 146910952378171 2189384000000 -1.991976 0.000000 6.895301
1384356482661 146911063889401 2189494000000 -3.830723 -3.064578 10.419566
1384356482771 146911174424069 2189604000000 -5.669470 -1.225831 9.653421
1384356482882 146911285416501 2189714000000 -5.363012 -0.919373 8.427590
1384356482994 146911396866696 2189824000000 -4.290410 -0.919373 7.967903
1384356483105 146911507981198 2189934000000 -5.209783 0.459687 8.427590
1384356483229 146911632462399 2190044000000 -5.516241 0.766145 8.274362
1384356483316 146911719620603 2190154000000 -4.596867 1.072602 7.661446
1384356483427 146911829911130 2190264000000 -5.363012 0.612916 9.500193
1384356483539 146911942002194 2190374000000 -4.596867 1.225831 7.201759
1384356483652 146912054825681 2190484000000 -5.056554 1.532289 8.734048
1384356483763 146912166275876 2190594000000 -4.596867 0.766145 8.274362
