1384187288716 80187006020010 2687392000000 -5.822699 1.072602 7.661446
1384187288835 80187124794424 2687502000000 -6.282385 1.685518 7.508216
1384187288956 80187245766104 2687612000000 -5.363012 1.379060 4.750096
1384187289061 80187351112784 2687722000000 -2.298434 -2.604892 2.758120
1384187289177 80187466804922 2687832000000 1.072602 -1.838747 3.217807
1384187289280 80187570137442 2687942000000 9.500193 -5.516241 9.193734
1384187289391 80187680885733 2688052000000 11.798626 -2.298434 22.831108
1384187289493 80187782631339 2688162000000 7.814674 -5.516241 19.153614
1384187289608 80187897530020 2688272000000 8.427590 -5.056554 11.798626
1384187289712 80188001533927 2688382000000 3.677494 -1.379060 5.363012
1384187289815 80188105080069 2688492000000 0.153229 1.685518 2.145205
1384187289927 80188216316641 2688602000000 -2.298434 5.363012 4.137181
1384187290038 80188327492178 2688712000000 -4.290410 6.282385 7.814674
1384187290148 80188437843741 2688822000000 -4.137181 5.669470 7.967903
1384187290261 80188550209464 2688932000000 -3.677494 5.516241 8.121132
1384187290372 80188661598624 2689042000000 -3.371036 6.895301 5.516241
1384187290484 80188774025382 2689152000000 -4.290410 4.443638 7.661446
1384187290590 80188880012930 2689262000000 -4.290410 4.596867 7.048530
