1384187294166 80192455238760 2692832000000 -6.129157 1.379060 7.661446
1384187294278 80192567604483 2692942000000 -6.588843 1.532289 7.508216
1384187294389 80192678902090 2693052000000 -4.903325 0.459687 5.056554
1384187294500 80192790138663 2693162000000 -2.145205 -2.911349 1.991976
1384187294612 80192901344718 2693272000000 2.758120 -5.822699 2.604892
1384187294724 80193014046133 2693382000000 11.951855 -1.379060 18.081011
1384187294835 80193124245108 2693492000000 10.419566 -3.830723 20.072987
1384187294967 80193256752432 2693602000000 7.048530 -2.451663 15.935806
1384187295053 80193342964590 2693712000000 4.443638 -0.919373 9.806650
1384187295165 80193454292716 2693822000000 2.604892 -2.145205 2.911349
1384187295276 80193565437735 2693932000000 -1.838747 3.217807 1.532289
1384187295387 80193676765860 2694042000000 -4.596867 4.903325 7.201759
1384187295474 80193763283194 2694152000000 -4.903325 4.596867 7.814674
1384187295584 80193874184073 2694262000000 -3.983952 3.830723 8.734048
1384187295697 80193986214102 2694372000000 -3.524265 4.443638 7.967903
1384187295807 80194096809805 2694482000000 -4.903325 6.435614 8.580819
