1384187314958 80213247627676 2713612000000 -6.895301 1.685518 7.048530
1384187315045 80213334724844 2713722000000 -5.669470 1.225831 5.209783
1384187315160 80213449684561 2713832000000 -1.532289 -2.298434 0.612916
1384187315271 80213561043204 2713942000000 2.911349 -5.822699 2.911349
1384187315383 80213672340811 2714052000000 17.621325 -4.596867 19.613300
1384187315506 80213795906485 2714162000000 11.185710 -0.153229 22.984337
1384187315618 80213907204093 2714272000000 9.346964 -4.596867 15.782578
1384187315704 80213993416251 2714382000000 5.209783 -1.685518 5.975927
1384187315815 80214104835928 2714492000000 -1.225831 2.604892 -0.919373
1384187315926 80214215248526 2714602000000 -2.604892 3.830723 5.516241
1384187316038 80214327309073 2714712000000 -3.677494 5.975927 8.274362
1384187316149 80214438698233 2714822000000 -3.064578 4.903325 8.121132
1384187316260 80214549751700 2714932000000 -3.371036 3.064578 3.524265
1384187316373 80214662208975 2715042000000 -2.451663 4.137181 8.580819
1384187316474 80214763832510 2715152000000 -3.371036 4.750096 8.274362
