0.03846154 0.5384616 1.28
0.03846154 0.5384616 1.28
0.03846154 0.5384616 1.28
0.03846154 0.5384616 1.28
0.03846154 0.5384616 1.28
0.03846154 0.5384616 1.28
0.03846154 0.5384616 1.28
0.03846154 0.5384616 1.28
0.03846154 0.5384616 1.28
0.03846154 0.5384616 1.28
0.03846154 0.5384616 1.28
-0.07692308 0.4230769 1.08
-0.2307692 0.2307692 0.8
-0.4230769 0.03846154 0.6
-0.6538461 -0.1923077 0.56
-0.8461539 -0.3846154 0.56
-0.9615384 -0.4615385 0.68
-0.9615384 -0.5 0.76
-0.9230769 -0.4230769 0.84
-0.8076923 -0.3076923 0.84
-0.8076923 -0.3461539 0.76
-0.8461539 -0.3846154 0.68
