-0.2307692 0.5769231 0.72
-0.2307692 0.5769231 0.72
-0.2307692 0.5769231 0.72
-0.2307692 0.5769231 0.72
-0.2307692 0.5769231 0.72
-0.2307692 0.5769231 0.72
-0.2307692 0.5769231 0.72
-0.2307692 0.5769231 0.72
-0.2307692 0.5769231 0.72
-0.2307692 0.5769231 0.72
-0.2307692 0.5769231 0.72
-0.2307692 0.5769231 0.72
-0.2307692 0.5 0.88
-0.2307692 0.4615385 1.04
-0.07692308 0.5 1.04
0.1923077 0.5 0.88
0.4230769 0.5 0.72
0.6153846 0.5 0.6
0.6153846 0.4615385 0.6
0.5769231 0.3846154 0.68
0.5384616 0.3461539 0.76
0.5 0.3076923 0.8
0.5 0.3076923 0.84
0.5769231 0.2692308 0.8
0.6538461 0.3076923 0.8
0.7307692 0.3076923 0.8
0.7692308 0.3461539 0.8
0.8076923 0.3846154 0.8
