-0.6923077 0 0.68
-0.6923077 0 0.68
-0.6923077 0 0.68
-0.6923077 0 0.68
-0.6923077 0 0.68
-0.6923077 0 0.68
-0.6923077 0 0.68
-0.6923077 0 0.68
-0.6923077 0 0.68
-0.6923077 0 0.68
-0.9230769 -0.1538462 0.84
-1.192308 -0.3076923 1.08
-1.5 -0.3846154 1.36
-1.615385 -0.2692308 1.48
-1.346154 0.03846154 1.32
-0.7692308 0.4230769 1.28
-0.3076923 0.6153846 1.4
-0.1538462 0.6153846 1.32
-0.2692308 0.5 1.4
-0.3076923 0.5 1.6
-0.1538462 0.6538461 1.64
-0.07692308 0.6923077 1.96
-0.03846154 0.7307692 2.36
0.07692308 0.8461539 2.44
0.3076923 0.9615384 2.32
0.3846154 1 2.2
0.3846154 0.9615384 2.08
0.3846154 0.9230769 1.92
0.4615385 0.9230769 1.68
0.5 0.8461539 1.36
0.5384616 0.8076923 1.12
0.5384616 0.7692308 0.76
0.5 0.6153846 0.48
0.4230769 0.5769231 0.24
0.3076923 0.5384616 0.16
0.1923077 0.5769231 0.16
0.07692308 0.6153846 0.16
-0.1153846 0.6153846 0.04
-0.2692308 0.5769231 -0.28
-0.3846154 0.4230769 -0.72
-0.4615385 0.1538462 -1.24
-0.6153846 -0.07692308 -1.52
-0.7307692 -0.2692308 -1.6
-0.8076923 -0.3076923 -1.48
-0.7692308 -0.2307692 -1.24
-0.6923077 -0.07692308 -1.08
-0.5384616 0.03846154 -1.08
-0.4615385 0.1153846 -1.2
-0.5 0.1153846 -1.24
-0.6153846 0.07692308 -1.32
-0.6923077 0.07692308 -1.36
-0.7307692 0.1923077 -1.2
-0.7307692 0.4615385 -0.88
-0.6538461 0.7307692 -0.44
-0.7307692 0.8846154 -0.04
-0.9615384 0.8461539 0.36
-1.346154 0.5769231 0.76
-1.730769 0.1538462 0.88
-1.923077 -0.1153846 0.84
-1.846154 -0.1153846 1
-1.692308 0.07692308 1.48
-1.423077 0.1923077 1.64
-1.153846 0.3076923 1.72
