-0.4230769 -0.7692308 -0.52
-0.4230769 -0.7692308 -0.52
-0.4230769 -0.7692308 -0.52
-0.4230769 -0.7692308 -0.52
-0.4230769 -0.7692308 -0.52
-0.4230769 -0.7692308 -0.52
-0.4230769 -0.7692308 -0.52
-0.4230769 -0.7692308 -0.52
-0.4230769 -0.7692308 -0.52
-0.3846154 -0.7307692 -0.64
-0.3076923 -0.6923077 -0.76
-0.2692308 -0.4615385 -0.84
-0.2692308 -0.3461539 -0.88
-0.2692308 -0.3076923 -0.8
-0.3076923 -0.1923077 -0.64
-0.3461539 -0.03846154 -0.32
-0.5 0 0.16
-0.7692308 -0.07692308 0.72
-1 -0.03846154 1.2
-1.153846 0 1.48
-1.230769 0.1153846 1.76
-1.230769 0.1153846 2.12
-1.307692 0.03846154 2.4
-1.307692 -0.07692308 2.56
-1.269231 -0.2307692 2.6
-1.153846 -0.2692308 2.56
-0.9230769 -0.2307692 2.44
-0.6923077 -0.1923077 2.28
-0.5 -0.1153846 2.04
-0.2692308 -0.07692308 1.8
-0.1153846 -0.03846154 1.52
0 0 1.28
0.03846154 0 1.04
0.07692308 0.07692308 0.88
0.1153846 0.07692308 0.84
0.1153846 0.1153846 0.84
0.1153846 0.1923077 0.8
0.1538462 0.2307692 0.76
0.1538462 0.2692308 0.68
0.07692308 0.3076923 0.64
0 0.3076923 0.56
-0.1153846 0.3076923 0.48
-0.3076923 0.3076923 0.36
-0.4615385 0.3076923 0.24
-0.6923077 0.2692308 0.24
-0.9230769 0.1923077 0.28
-1.153846 0.07692308 0.28
-1.346154 0 0.24
-1.461538 -0.03846154 0.24
-1.538462 -0.07692308 0.24
-1.615385 -0.03846154 0.32
-1.692308 0 0.4
-1.769231 0 0.56
-1.846154 0 0.68
-1.846154 0 0.84
-1.807692 0.03846154 0.92
-1.730769 0.07692308 1
-1.615385 0.1538462 1.04
