0.2692308 0.2307692 1.16
0.2692308 0.2307692 1.16
0.2692308 0.2307692 1.16
0.2692308 0.2307692 1.16
0.2692308 0.2307692 1.16
0.2692308 0.2307692 1.16
0.2692308 0.2307692 1.16
0 0.03846154 0.76
0 0.03846154 0.76
0 0.03846154 0.76
0 0.03846154 0.76
-0.1538462 -0.1538462 0.4
-0.1538462 -0.1538462 0.4
-0.2307692 -0.2307692 0.08
-0.3076923 -0.3076923 -0.16
-0.3076923 -0.3461539 -0.32
-0.3076923 -0.3076923 -0.4
-0.3076923 -0.2307692 -0.36
-0.2692308 -0.2307692 -0.44
-0.1923077 -0.1923077 -0.56
-0.1538462 -0.1538462 -0.64
-0.07692308 -0.1538462 -0.64
0.03846154 -0.1538462 -0.6
0.1153846 -0.1153846 -0.68
0.1923077 -0.1538462 -0.72
0.1923077 -0.1923077 -0.72
