-0.3846154 -0.5384616 -0.32
-0.3846154 -0.5384616 -0.32
-0.3846154 -0.5384616 -0.32
-0.3846154 -0.5384616 -0.32
-0.3846154 -0.5384616 -0.32
-0.3461539 -0.5 -0.44
-0.3461539 -0.5 -0.44
-0.3461539 -0.5 -0.44
-0.3461539 -0.5 -0.44
-0.3461539 -0.5 -0.44
-0.3461539 -0.5 -0.44
-0.3076923 -0.4615385 -0.6
-0.2692308 -0.3846154 -0.68
-0.2307692 -0.3076923 -0.72
-0.2692308 -0.2692308 -0.64
-0.3076923 -0.2692308 -0.56
-0.3846154 -0.2692308 -0.36
-0.4615385 -0.2692308 -0.2
-0.5384616 -0.2307692 0.04
-0.5769231 -0.1538462 0.24
-0.5769231 0 0.36
-0.5384616 0.2307692 0.56
-0.5769231 0.4615385 0.84
-0.6923077 0.5769231 1.2
-0.8461539 0.5769231 1.52
-1.038462 0.5384616 1.8
-1.230769 0.4615385 2
-1.307692 0.3846154 2.08
-1.384615 0.2692308 2.08
-1.384615 0.1923077 1.92
-1.384615 0.1153846 1.8
-1.346154 0.03846154 1.68
-1.269231 0 1.56
-1.192308 0 1.48
-1.076923 -0.03846154 1.4
-1 -0.03846154 1.32
-0.8846154 0 1.24
-0.7692308 0.03846154 1.2
-0.6153846 0.07692308 1.2
-0.4615385 0.1538462 1.12
-0.3846154 0.1923077 1.04
-0.2692308 0.2692308 0.92
-0.1923077 0.3076923 0.88
-0.1538462 0.3461539 0.8
-0.1538462 0.3461539 0.68
-0.1923077 0.3461539 0.6
-0.1538462 0.3461539 0.56
-0.1538462 0.3461539 0.48
-0.2307692 0.3461539 0.32
-0.3076923 0.3461539 0.16
-0.3846154 0.3461539 0.12
-0.5 0.3461539 0.08
-0.6923077 0.2692308 0.08
-0.8846154 0.1923077 0.04
-1.038462 0.1153846 0.04
-1.115385 0.07692308 0
-1.153846 0.1153846 0
-1.269231 0.1923077 -0.04
-1.423077 0.1923077 -0.16
-1.538462 0.2307692 -0.04
-1.653846 0.1923077 0.04
-1.730769 0.2307692 0.12
-1.769231 0.2307692 0.16
-1.807692 0.2692308 0.2
-1.807692 0.2692308 0.28
-1.807692 0.2692308 0.36
-1.807692 0.2692308 0.44
-1.769231 0.2692308 0.48
-1.730769 0.2307692 0.48
-1.653846 0.2307692 0.48
