-0.5 0.1538462 1.28
-0.5 0.1538462 1.28
-0.5 0.1538462 1.28
-0.5 0.1538462 1.28
-0.5 0.1538462 1.28
-0.5 0.1538462 1.28
-0.5 0.1538462 1.28
-0.5 0.1538462 1.28
-0.5 0.1538462 1.28
-0.5 0.1538462 1.28
-0.5 0.1538462 1.28
-0.6538461 0.07692308 1.32
-0.7692308 0 1.28
-0.8846154 -0.1153846 1.28
-1.115385 -0.2692308 1.36
-1.269231 -0.3461539 1.32
-1.307692 -0.3461539 1.16
-1.346154 -0.3461539 1
-1.384615 -0.4230769 0.8
-1.5 -0.5 0.56
-1.5 -0.5 0.32
-1.423077 -0.4230769 0.08
-1.307692 -0.3461539 -0.08
-1.230769 -0.2692308 -0.12
-1.115385 -0.1538462 -0.08
-1 -0.1153846 -0.04
-0.9230769 -0.1538462 -0.08
-0.8461539 -0.2307692 -0.08
-0.7692308 -0.2692308 -0.16
-0.6538461 -0.3076923 -0.32
-0.5769231 -0.3076923 -0.52
-0.4615385 -0.3461539 -0.72
-0.3461539 -0.3461539 -0.84
-0.2692308 -0.3076923 -0.92
-0.1153846 -0.2692308 -0.96
0.07692308 -0.1538462 -1
0.2692308 0 -0.96
0.4615385 0.1538462 -0.8
0.5769231 0.3076923 -0.64
0.6153846 0.3461539 -0.4
0.6538461 0.4230769 -0.24
0.7692308 0.5769231 -0.2
0.6923077 0.6538461 -0.04
0.4230769 0.6538461 0.24
0.1923077 0.6538461 0.48
0.1153846 0.6538461 0.68
0.1923077 0.7307692 0.88
0.2692308 0.7692308 1.12
0.3846154 0.8461539 1.36
0.5384616 1.038462 1.48
0.6538461 1.269231 1.64
0.5 1.423077 1.92
-0.3846154 1.115385 2.52
-1.076923 0.5769231 2.84
-0.9615384 0.3076923 2.6
-0.4230769 0.3461539 2.36
0.1153846 0.5384616 2.12
0.3846154 0.6538461 2
0.3461539 0.7307692 1.84
-0.03846154 0.6153846 1.84
-0.5384616 0.3076923 2.04
-1 -0.07692308 2.24
-1.192308 -0.3461539 2.12
-1.192308 -0.4615385 1.64
-1.076923 -0.3846154 1.2
-0.8076923 -0.2307692 1
-0.5384616 -0.1153846 1
-0.3846154 -0.07692308 0.92
