0.1538462 0.5769231 0.64
0.1538462 0.5769231 0.64
0.1538462 0.5769231 0.64
0.1538462 0.5769231 0.64
0.1538462 0.5769231 0.64
0.1538462 0.5769231 0.64
0.1538462 0.5769231 0.64
0.1538462 0.5769231 0.64
0.1538462 0.5769231 0.64
0.1538462 0.5769231 0.64
-0.1153846 0.4615385 0.8
-0.3461539 0.2307692 0.92
-0.3461539 0.2307692 0.92
-0.4615385 0.03846154 0.92
-0.5384616 -0.1153846 0.76
-0.5384616 -0.1538462 0.68
-0.5769231 -0.1923077 0.68
-0.5769231 -0.2307692 0.68
-0.6153846 -0.2692308 0.68
-0.6538461 -0.3076923 0.68
-0.6538461 -0.3076923 0.68
-0.6153846 -0.2307692 0.76
-0.5769231 -0.1923077 0.8
-0.5384616 -0.1538462 0.88
-0.5384616 -0.1538462 0.92
-0.5769231 -0.2307692 1
-0.6153846 -0.2692308 0.96
-0.6538461 -0.3461539 0.96
-0.6923077 -0.3846154 1
