0.07692308 0.3846154 0.68
0.07692308 0.3846154 0.68
0.07692308 0.3846154 0.68
0.07692308 0.3846154 0.68
0.07692308 0.3846154 0.68
0.07692308 0.3846154 0.68
0.07692308 0.3846154 0.68
0.07692308 0.3846154 0.68
0.07692308 0.3846154 0.68
0.07692308 0.3846154 0.68
0.07692308 0.3846154 0.68
0.07692308 0.3846154 0.68
0.07692308 0.3846154 0.68
0 0.3846154 0.6
-0.07692308 0.4230769 0.52
-0.1923077 0.4615385 0.56
-0.3846154 0.3846154 0.72
-0.6923077 0.1538462 0.84
-1.038462 -0.2307692 0.88
-1.269231 -0.5384616 0.8
-1.384615 -0.7307692 0.76
-1.384615 -0.7692308 0.76
-1.269231 -0.6538461 0.72
-1.076923 -0.5384616 0.76
