0.4230769 0.2692308 1.04
0.4230769 0.2692308 1.04
0.4230769 0.2692308 1.04
0.4230769 0.2692308 1.04
0.4230769 0.2692308 1.04
0.4230769 0.2692308 1.04
0.4230769 0.2692308 1.04
0.4230769 0.2692308 1.04
0.3846154 0.3076923 1.04
0.3846154 0.3076923 1.04
0.3846154 0.3076923 1.04
0.3846154 0.3076923 1.04
0.3076923 0.3461539 1
0.2692308 0.3846154 0.96
0.1923077 0.3846154 1
0.1923077 0.4615385 0.96
0.1153846 0.5 0.92
-0.03846154 0.4615385 0.88
-0.1923077 0.3846154 0.84
-0.3846154 0.2307692 0.84
-0.6923077 -0.03846154 0.84
-0.9230769 -0.3076923 0.8
-1.115385 -0.5384616 0.76
-1.153846 -0.6538461 0.72
-1.115385 -0.6538461 0.68
-1 -0.5384616 0.68
-0.6538461 -0.2692308 0.8
-0.5769231 -0.2692308 0.88
-0.5 -0.2692308 0.88
