-0.5769231 0.9230769 0.52
-0.5769231 0.9230769 0.52
-0.5769231 0.9230769 0.52
-0.5769231 0.9230769 0.52
-0.5769231 0.9230769 0.52
-0.5769231 0.9230769 0.52
-0.5769231 0.9230769 0.52
-0.5769231 0.9230769 0.52
-0.1538462 0.8461539 0.6
-0.1538462 0.8461539 0.6
-0.1153846 0.6923077 0.8
-0.1153846 0.6923077 0.8
-0.1153846 0.6923077 0.8
-0.03846154 0.6153846 0.96
0.1538462 0.6153846 0.92
0.3461539 0.6153846 0.8
0.5 0.6153846 0.68
0.6153846 0.6153846 0.6
0.6538461 0.5769231 0.64
0.6153846 0.5 0.72
0.6153846 0.4615385 0.84
0.6153846 0.3846154 0.92
0.6153846 0.3076923 0.96
0.5769231 0.2307692 1
