1.346154 0.5 1.16
1.346154 0.5 1.16
1.346154 0.5 1.16
1.346154 0.5 1.16
1.346154 0.6538461 1.16
1.346154 0.6538461 1.16
1.346154 0.6538461 1.16
1.346154 0.6538461 1.16
1.346154 0.6538461 1.16
1.346154 0.6538461 1.16
1.346154 0.6538461 1.16
1.346154 0.6538461 1.16
1.230769 0.7692308 1.04
1.038462 0.8846154 1
0.7692308 1.038462 0.96
0.4615385 1.153846 0.96
0.03846154 1.307692 1.36
-0.1923077 1.230769 1.4
-0.3076923 1.192308 1.12
-0.5 1 0.8
-1 0.5 0.6
-1.5 -0.1538462 0.48
-1.769231 -0.6538461 0.52
-1.846154 -0.8846154 0.72
-1.807692 -1 0.92
-1.692308 -1.038462 1.04
