1384351045501 142119679703620 849077000000 1.991976 -0.153229 10.113108
1384351045600 142119777939704 849187000000 1.838747 -0.306458 9.653421
1384351045711 142119888901618 849297000000 1.072602 0.306458 14.250289
1384351045823 142120001206306 849407000000 5.822699 -5.363012 27.121517
1384351045949 142120127091315 849517000000 5.669470 -7.508216 -3.371036
1384351046060 142120238266852 849627000000 -4.903325 -1.685518 -1.379060
1384351046146 142120324509528 849737000000 -0.459687 -8.121132 9.806650
1384351046258 142120436051276 849847000000 3.524265 6.282385 9.959879
1384351046369 142120547104743 849957000000 2.758120 6.282385 3.677494
1384351046496 142120673966315 850067000000 2.145205 -2.758120 -2.604892
1384351046593 142120770859626 850177000000 4.290410 -7.814674 23.290794
1384351046716 142120894211677 850287000000 6.435614 -0.459687 16.701952
1384351046827 142121005265143 850397000000 5.056554 -0.919373 7.814674
1384351046940 142121118637946 850507000000 -0.919373 -10.419566 9.040505
1384351047038 142121215775397 850617000000 -0.459687 -3.064578 9.193734
1384351047149 142121327622321 850727000000 1.072602 -0.766145 10.419566
1384351047256 142121434189704 850837000000 1.225831 -0.459687 10.266337
1384351047366 142121544480231 850947000000 -4.137181 -2.911349 7.814674
1384351047478 142121656449226 851057000000 1.379060 -0.153229 11.492168
1384351047590 142121768540290 851167000000 1.685518 -0.459687 9.959879
