1384351072157 142146334946540 875737000000 2.758120 -0.919373 9.959879
1384351072267 142146445542243 875847000000 2.911349 -0.612916 8.734048
1384351072379 142146557480720 875957000000 1.072602 0.612916 13.330915
1384351072490 142146667954352 876067000000 9.193734 -2.451663 25.742456
1384351072593 142146771134284 876177000000 3.064578 -3.064578 -0.612916
1384351072704 142146882279304 876287000000 -3.677494 -1.532289 -0.459687
1384351072826 142147004074958 876397000000 -3.371036 -11.032481 14.709975
1384351072918 142147096543220 876507000000 3.983952 1.685518 11.185710
1384351073048 142147226181891 876617000000 1.838747 6.895301 6.742072
1384351073149 142147327439216 876727000000 2.911349 -1.685518 -2.298434
1384351073251 142147429062751 876837000000 -1.532289 2.145205 14.709975
1384351073377 142147555649665 876947000000 2.145205 2.145205 19.919758
1384351073470 142147647782233 877057000000 6.282385 4.443638 8.580819
1384351073576 142147754074958 877167000000 2.451663 -5.822699 7.814674
1384351073691 142147868790534 877277000000 -0.612916 -7.354988 10.879252
1384351073804 142147982346442 877387000000 1.225831 -1.838747 10.266337
1384351073930 142148107987311 877497000000 1.072602 -0.919373 10.572795
1384351074035 142148213578132 877607000000 5.209783 -2.145205 10.879252
1384351074162 142148339890388 877717000000 1.532289 -1.991976 10.419566
