1387383077611 599361631239797 1954616000000 6.588843 -3.217807 8.734048
1387383077708 599361728529836 1954726000000 7.048530 -3.064578 13.024457
1387383077826 599361846205618 1954836000000 7.967903 -5.669470 15.322891
1387383077951 599361971114065 1954946000000 4.137181 -1.532289 7.814674
1387383078038 599362057845022 1955056000000 -1.991976 0.000000 1.072602
1387383078148 599362168501760 1955166000000 -7.048530 1.379060 2.451663
1387383078258 599362278456594 1955276000000 -8.121132 1.072602 5.363012
1387383078368 599362388197805 1955386000000 -7.508216 0.153229 6.588843
1387383078478 599362497908498 1955496000000 -7.661446 0.459687 6.435614
1387383078625 599362644667532 1955606000000 -8.734048 -4.290410 8.121132
1387383078698 599362718153860 1955716000000 -7.661446 0.919373 6.435614
1387383078812 599362831709768 1955826000000 -7.661446 1.379060 7.201759
1387383078938 599362958540823 1955936000000 -7.814674 0.459687 6.282385
