1387383093188 599377207747366 1970206000000 6.435614 -3.064578 8.427590
1387383093299 599377319044973 1970316000000 6.435614 -3.524265 11.185710
1387383093415 599377435286428 1970426000000 7.661446 -4.596867 14.556746
1387383093539 599377558974172 1970536000000 4.443638 -2.911349 10.726024
1387383093636 599377655867483 1970646000000 -1.532289 -0.306458 2.604892
1387383093744 599377763686086 1970756000000 -6.282385 0.612916 -0.153229
1387383093877 599377897475149 1970866000000 -9.193734 -0.612916 3.371036
1387383093977 599377997359182 1970976000000 -8.580819 -0.612916 5.822699
1387383094084 599378103682424 1971086000000 -8.274362 -0.459687 5.056554
1387383094183 599378202803518 1971196000000 -8.274362 -0.459687 5.669470
1387383094310 599378330305960 1971306000000 -7.967903 0.459687 5.056554
1387383094413 599378432753469 1971416000000 -8.121132 -0.459687 5.209783
1387383094514 599378534163381 1971526000000 -7.508216 0.766145 5.975927
1387383094640 599378660506155 1971636000000 -7.967903 -0.612916 5.056554
