1384855337634 28080760250029 607860000000 -9.346964 2.758120 1.532289
1384855337733 28080859371122 607970000000 -9.193734 2.604892 1.838747
1384855337858 28080983760771 608080000000 -8.887277 2.911349 0.919373
1384855337971 28081096919951 608190000000 -5.822699 2.758120 -2.604892
1384855338079 28081205043730 608300000000 -3.830723 1.838747 -0.612916
1384855338177 28081303615507 608410000000 0.919373 0.153229 4.137181
1384855338292 28081418575224 608520000000 5.363012 -2.145205 7.508216
1384855338408 28081534114775 608630000000 12.871228 -4.443638 10.572795
1384855338500 28081625789580 608740000000 16.548723 -2.911349 12.564771
1384855338611 28081737483916 608850000000 11.185710 -2.911349 8.580819
1384855338723 28081849605498 608960000000 9.959879 -2.911349 5.516241
1384855338839 28081964778837 609070000000 9.806650 -2.298434 3.371036
1384855338953 28082079280791 609180000000 9.806650 -1.379060 1.379060
1384855339053 28082179653105 609290000000 9.959879 -0.766145 1.685518
1384855339174 28082300105986 609400000000 10.113108 -1.225831 2.758120
1384855339286 28082412258085 609510000000 9.653421 -1.685518 2.451663
1384855339398 28082524501738 609620000000 9.959879 -1.991976 2.604892
1384855339514 28082640407499 609730000000 10.113108 -1.685518 3.217807
1384855339598 28082724178251 609840000000 9.959879 -1.532289 2.298434
1384855339711 28082837612090 609950000000 9.500193 -0.612916 2.451663
1384855339837 28082963161406 610060000000 9.346964 -1.532289 2.911349
1384855339948 28083074642119 610170000000 9.500193 -2.298434 3.217807
1384855340054 28083180507597 610280000000 9.653421 0.153229 6.129157
1384855340167 28083293453154 610390000000 9.959879 -1.685518 2.451663
