1384855401767 28144893398222 671990000000 -9.193734 2.298434 1.685518
1384855401883 28145009548125 672100000000 -8.887277 2.298434 1.685518
1384855401973 28145099147734 672210000000 -7.967903 2.758120 0.153229
1384855402102 28145228481230 672320000000 -6.742072 2.911349 -0.612916
1384855402190 28145316249785 672430000000 -4.137181 2.604892 1.072602
1384855402302 28145428584990 672540000000 -0.919373 -0.459687 2.911349
1384855402417 28145542781767 672650000000 5.822699 -2.298434 7.967903
1384855402529 28145655696806 672760000000 10.572795 -1.991976 11.338940
1384855402632 28145758693633 672870000000 14.403518 -3.371036 11.798626
1384855402761 28145887477812 672980000000 11.645397 -2.604892 10.726024
1384855402849 28145975612578 673090000000 10.726024 0.612916 10.726024
1384855402976 28146102077422 673200000000 8.734048 -2.451663 3.217807
1384855403086 28146212367949 673310000000 9.959879 -1.991976 4.290410
1384855403198 28146323787627 673420000000 9.040505 -2.145205 3.371036
1384855403312 28146437984404 673530000000 9.040505 -2.145205 3.830723
1384855403407 28146533290800 673640000000 9.346964 -2.758120 4.137181
1384855403520 28146646236357 673750000000 9.500193 -1.991976 6.129157
1384855403634 28146760250029 673860000000 9.040505 -2.758120 2.758120
