-0.8846154 -0.4230769 -0.24
-0.8846154 -0.4230769 -0.24
-0.8846154 -0.4230769 -0.24
-0.8846154 -0.4230769 -0.24
-0.8846154 -0.4230769 -0.24
-0.9230769 -0.4615385 -0.24
-0.9230769 -0.4615385 -0.24
-0.9615384 -0.4615385 -0.28
-0.9615384 -0.4615385 -0.28
-0.9615384 -0.4615385 -0.28
-0.9615384 -0.4615385 -0.28
-0.9615384 -0.4615385 -0.28
-0.9615384 -0.4615385 -0.28
-1.038462 -0.5 -0.28
-1.153846 -0.5384616 -0.24
-1.230769 -0.5769231 -0.2
-1.269231 -0.5384616 -0.2
-1.153846 -0.5 -0.12
-1.076923 -0.4230769 0.04
-0.9230769 -0.3076923 0.28
-0.7307692 -0.2307692 0.6
-0.5384616 -0.1538462 0.92
-0.3461539 -0.07692308 1.24
-0.2307692 -0.07692308 1.48
-0.1923077 -0.07692308 1.68
-0.1153846 -0.03846154 1.8
0 -0.03846154 1.92
0.1153846 -0.03846154 2
0.2307692 -0.03846154 1.96
0.3076923 -0.03846154 1.96
0.3461539 -0.03846154 1.92
0.3846154 -0.03846154 1.88
0.3846154 -0.07692308 1.8
0.4230769 -0.07692308 1.72
0.4615385 -0.07692308 1.6
0.5 -0.07692308 1.48
0.5384616 -0.03846154 1.36
0.6153846 0 1.24
0.6923077 0.03846154 1.16
0.7692308 0.07692308 1.04
0.7692308 0.1153846 0.92
0.7692308 0.1538462 0.76
0.8076923 0.2692308 0.64
0.8846154 0.4230769 0.48
1.115385 0.6538461 0.28
1.384615 0.9230769 0.24
1.576923 1.153846 0.4
1.692308 1.461538 0.52
1.615385 1.730769 0.68
1.269231 2 0.8
0.3076923 2.038461 1.32
-1.192308 1.5 1.96
-2.192308 0.4230769 2.04
-2.538461 -0.3076923 1.76
-2.5 -0.6153846 1.72
-2.076923 -0.6923077 1.88
-1.615385 -0.6538461 1.96
-1.384615 -0.6153846 1.96
-1.307692 -0.5769231 1.68
-1.269231 -0.5384616 1.32
-1.153846 -0.5384616 1.2
-1 -0.4615385 1.16
-0.7307692 -0.3461539 1.08
-0.5 -0.2307692 1.04
-0.2692308 -0.07692308 1.04
-0.1153846 0.03846154 1
0 0.1538462 1.04
0.07692308 0.2307692 1.04
0.07692308 0.2692308 1.08
0.07692308 0.2692308 1.12
0.07692308 0.2692308 1.16
0 0.1923077 1.2
-0.03846154 0.1538462 1.2
-0.07692308 0.1153846 1.12
-0.07692308 0.1153846 1.08
