0.5384616 0.1923077 2.16
0.5384616 0.1923077 2.16
0.5384616 0.1923077 2.16
0.5384616 0.1923077 2.16
0.5384616 0.1923077 2.16
0.5384616 0.1923077 2.16
0.5384616 0.1923077 2.16
0.5384616 0.1923077 2.16
0.5384616 0.1923077 2.16
0.5384616 0.1923077 2.16
0.5384616 0.1923077 2.16
0.5384616 0.1923077 2.16
0.3846154 0.1923077 1.88
0.2692308 0.1538462 1.64
0.1538462 0.1538462 1.48
0.07692308 0.1538462 1.24
0.07692308 0.1538462 1.04
0.03846154 0.1538462 0.88
0.03846154 0.1923077 0.72
0.03846154 0.1923077 0.56
0.03846154 0.1923077 0.4
0.03846154 0.1538462 0.28
0.03846154 0.1153846 0.16
0.03846154 0.07692308 0.08
0.03846154 0.03846154 -0.04
0.03846154 0.03846154 -0.08
0 -0.03846154 -0.12
-0.07692308 -0.07692308 -0.12
-0.1153846 -0.1153846 -0.08
-0.1538462 -0.1153846 -0.04
-0.1923077 -0.1153846 0.08
-0.2307692 -0.1153846 0.2
-0.2307692 -0.1153846 0.36
-0.2692308 -0.1153846 0.56
-0.2692308 -0.1153846 0.72
-0.3076923 -0.1153846 0.88
-0.3461539 -0.1538462 1.04
-0.4230769 -0.1923077 1.2
-0.5384616 -0.2692308 1.28
-0.6153846 -0.3076923 1.32
-0.6923077 -0.3846154 1.28
-0.6923077 -0.4230769 1.28
-0.7307692 -0.4615385 1.28
-0.7692308 -0.5 1.2
-0.6923077 -0.5 1.16
-0.6538461 -0.5 1.12
-0.5769231 -0.5384616 1.08
-0.5 -0.5384616 1.04
-0.4615385 -0.5 0.96
-0.3461539 -0.4230769 0.88
-0.1538462 -0.3846154 0.76
0.03846154 -0.3076923 0.64
0.2692308 -0.2307692 0.56
0.5 -0.1538462 0.48
0.7692308 -0.07692308 0.4
0.9230769 0 0.4
1 0 0.36
1.038462 0 0.36
1.038462 0 0.36
1.038462 0 0.32
1 -0.03846154 0.36
0.9230769 -0.03846154 0.36
0.8846154 -0.03846154 0.32
0.8076923 -0.03846154 0.24
0.7692308 -0.03846154 0.08
0.7307692 -0.07692308 -0.04
0.6153846 -0.1153846 -0.08
0.5 -0.1538462 -0.04
0.4230769 -0.1538462 0.04
0.3846154 -0.1538462 0.04
0.3461539 -0.1538462 -0.08
0.2692308 -0.1538462 -0.2
0.2307692 -0.1538462 -0.28
0.1538462 -0.1153846 -0.36
0.1153846 -0.1153846 -0.36
0.03846154 -0.03846154 -0.28
0 0 -0.12
0 0.03846154 0.16
0.03846154 0.1153846 0.52
0.1153846 0.1153846 0.92
0.1923077 0.07692308 1.36
0.1538462 0 1.88
0.03846154 -0.1538462 2.32
-0.07692308 -0.2692308 2.56
-0.1538462 -0.3846154 2.68
-0.1153846 -0.4230769 2.72
0 -0.3846154 2.64
0.1153846 -0.3461539 2.48
0.2307692 -0.2307692 2.28
0.3846154 -0.1538462 2.08
0.5 -0.03846154 1.88
0.6538461 0.03846154 1.72
0.8076923 0.1538462 1.56
0.9615384 0.2307692 1.44
1.038462 0.3076923 1.32
1.076923 0.3846154 1.2
1.115385 0.4615385 1.04
1.192308 0.5384616 0.92
1.230769 0.5769231 0.8
1.269231 0.6153846 0.68
1.307692 0.6923077 0.6
1.384615 0.7307692 0.56
1.384615 0.7692308 0.52
1.269231 0.7692308 0.48
1.115385 0.8076923 0.52
0.9230769 0.7692308 0.56
0.7307692 0.7307692 0.64
0.5769231 0.6538461 0.68
0.3846154 0.6153846 0.76
0.2307692 0.5769231 0.88
0.07692308 0.5 0.92
-0.03846154 0.4615385 1.04
-0.2307692 0.4230769 1.2
-0.5 0.2692308 1.44
-0.7307692 0.1153846 1.6
-0.8846154 -0.07692308 1.68
-0.9230769 -0.1538462 1.64
-0.8846154 -0.1923077 1.6
-0.8076923 -0.1923077 1.52
-0.7692308 -0.1923077 1.44
-0.6923077 -0.1538462 1.36
-0.6538461 -0.1538462 1.28
-0.6153846 -0.1153846 1.2
-0.5384616 -0.1153846 1.2
-0.5 -0.07692308 1.16
-0.3846154 -0.03846154 1.12
-0.3076923 0 1.08
-0.2307692 0.03846154 1.08
-0.1538462 0.07692308 1.08
-0.1153846 0.1153846 1.12
-0.03846154 0.1153846 1.16
0 0.1153846 1.16
0 0.1538462 1.16
0.03846154 0.1538462 1.12
0.07692308 0.1538462 1.04
0.1538462 0.1538462 1
