0.3461539 1.115385 0.2
0.3461539 1.115385 0.2
0.3461539 1.115385 0.2
0.3461539 1.115385 0.2
0.3461539 1.115385 0.2
0.3461539 1.115385 0.2
0.3461539 1.115385 0.2
0.3461539 1.115385 0.2
0.3461539 1.115385 0.2
0.3461539 1.115385 0.2
0.3461539 1.115385 0.2
0.2307692 1.115385 0.64
0.07692308 0.9615384 1.08
0.03846154 0.8076923 1.36
0 0.6923077 1.64
0.07692308 0.6153846 1.92
0.07692308 0.5 2.12
0.03846154 0.4615385 2.28
0.1538462 0.4230769 2.32
0.5769231 0.5384616 2.4
0.6923077 0.6153846 2.32
0.6923077 0.5769231 2.52
0.7692308 0.5769231 2.68
0.8846154 0.5769231 2.52
0.8846154 0.5 2.56
0.8461539 0.4230769 2.48
0.6923077 0.3846154 2.08
0.5769231 0.3461539 1.72
0.5 0.3076923 1.4
0.3461539 0.2307692 0.96
0.2692308 0.1923077 0.88
0.2692308 0.1538462 0.8
0.2307692 0.1538462 0.8
0.2307692 0.1153846 0.88
0.2692308 0.1538462 0.96
0.3461539 0.1923077 1
0.4230769 0.1923077 1.08
0.4230769 0.1923077 1.12
0.4230769 0.1923077 1.16
0.4230769 0.1923077 1.16
0.4230769 0.1538462 1.16
