-2.076923 -0.3461539 1.4
-2.076923 -0.3461539 1.4
-2.076923 -0.3461539 1.4
-2.076923 -0.3461539 1.4
-2.076923 -0.3461539 1.4
-2.076923 -0.3461539 1.4
-2.076923 -0.3461539 1.4
-2.076923 -0.3461539 1.4
-1.923077 0.07692308 1.28
-1.923077 0.07692308 1.28
-1.923077 0.07692308 1.28
-1.923077 0.07692308 1.28
-1.923077 0.07692308 1.28
-1.346154 0.5769231 0.92
-0.5769231 0.8461539 0.52
0 0.6923077 0.32
0.1153846 0.4615385 0.56
0.1538462 0.4230769 0.68
0.2692308 0.4615385 0.72
0.3461539 0.4615385 0.76
0.3846154 0.5 0.8
0.5 0.5769231 0.8
0.6153846 0.6153846 0.8
0.7692308 0.6538461 0.76
0.8461539 0.6538461 0.76
0.8076923 0.6538461 0.8
0.8076923 0.6153846 0.88
0.7692308 0.5769231 0.92
0.7692308 0.5769231 0.92
0.7692308 0.5384616 0.88
0.7307692 0.5 0.84
0.6923077 0.4615385 0.84
0.6538461 0.4230769 0.84
0.6538461 0.3846154 0.84
0.6923077 0.3461539 0.8
0.6923077 0.3076923 0.8
0.6538461 0.2692308 0.8
0.5769231 0.2307692 0.84
0.5769231 0.1923077 0.84
0.5384616 0.1923077 0.84
0.5 0.1538462 0.88
0.5 0.1538462 0.96
0.5384616 0.1153846 1.04
