1.076923 0.5384616 3.44
1.076923 0.5384616 3.44
1.076923 0.5384616 3.44
1.076923 0.5384616 3.44
1.076923 0.5384616 3.44
1.076923 0.5384616 3.44
1.076923 0.5384616 3.44
1.076923 0.5384616 3.44
1.076923 0.5384616 3.44
1.076923 0.5384616 3.44
1.076923 0.5384616 3.44
1 0.5384616 3.36
0.8461539 0.5 3
0.6153846 0.4615385 2.64
0.4230769 0.4230769 2.2
0.2692308 0.3461539 1.84
0.07692308 0.2307692 1.52
0.03846154 0.2692308 1.2
0 0.1923077 0.88
0 0.1923077 0.68
-0.03846154 0.1923077 0.48
-0.07692308 0.1538462 0.32
-0.1153846 0.1153846 0.12
-0.1153846 0.07692308 -0.04
-0.1153846 0.03846154 -0.16
-0.07692308 0.03846154 -0.24
-0.03846154 0 -0.28
0.03846154 0 -0.32
0.1153846 -0.03846154 -0.36
0.1538462 -0.03846154 -0.36
0.1923077 -0.03846154 -0.4
0.1923077 -0.07692308 -0.36
0.1538462 -0.1153846 -0.28
0.1153846 -0.1538462 -0.24
0.07692308 -0.1923077 -0.16
0 -0.2307692 -0.04
0 -0.2307692 0.08
-0.07692308 -0.2692308 0.24
-0.1538462 -0.3076923 0.48
-0.2692308 -0.3461539 0.68
-0.3461539 -0.3846154 0.88
-0.5 -0.4615385 1.08
-0.6153846 -0.5769231 1.28
-0.6923077 -0.6153846 1.36
-0.7692308 -0.6923077 1.36
-0.8076923 -0.6923077 1.36
-0.8846154 -0.7692308 1.32
-0.8846154 -0.7692308 1.28
-0.8846154 -0.7307692 1.16
-0.8461539 -0.7307692 1.08
-0.7692308 -0.6538461 0.92
-0.6538461 -0.5769231 0.84
-0.5384616 -0.5 0.76
-0.4230769 -0.4230769 0.68
-0.2692308 -0.3461539 0.64
-0.1538462 -0.3076923 0.6
0 -0.2692308 0.6
0.1153846 -0.2307692 0.6
0.2307692 -0.2307692 0.56
0.3461539 -0.2307692 0.56
0.4230769 -0.1538462 0.6
0.5769231 -0.1153846 0.64
0.7307692 -0.07692308 0.68
0.8461539 -0.07692308 0.72
0.9615384 -0.03846154 0.76
1.076923 -0.03846154 0.76
1.076923 -0.03846154 0.8
1.038462 -0.07692308 0.84
0.9615384 -0.1153846 0.84
0.9230769 -0.1538462 0.84
0.8846154 -0.1538462 0.84
0.8846154 -0.1538462 0.8
0.8846154 -0.1538462 0.76
0.8461539 -0.1538462 0.68
0.8076923 -0.1538462 0.6
0.6923077 -0.1538462 0.52
0.6923077 -0.1538462 0.52
0.6153846 -0.1923077 0.48
0.5 -0.2307692 0.44
0.4230769 -0.2307692 0.4
0.3461539 -0.2307692 0.32
0.3076923 -0.2307692 0.2
0.3461539 -0.1538462 -0.04
0.3461539 -0.1153846 -0.28
0.3461539 -0.07692308 -0.28
0.3846154 0 -0.28
0.3846154 0.07692308 -0.24
0.4230769 0.1538462 -0.24
0.4230769 0.2692308 -0.2
0.5 0.3846154 -0.04
0.4615385 0.4615385 0.28
0.3461539 0.4615385 0.76
0.1538462 0.3846154 1.2
0.03846154 0.2692308 1.52
-0.1153846 0.1153846 1.84
-0.1538462 -0.03846154 2.16
-0.1538462 -0.2692308 2.52
-0.1538462 -0.3461539 2.52
-0.1153846 -0.4230769 2.48
-0.07692308 -0.4230769 2.4
-0.03846154 -0.3846154 2.28
0 -0.3461539 2.16
0.1153846 -0.3076923 1.96
0.1923077 -0.2307692 1.76
0.3076923 -0.1538462 1.64
0.4230769 -0.07692308 1.52
0.5384616 0 1.44
0.6153846 0.07692308 1.32
0.6923077 0.1538462 1.16
0.8076923 0.2307692 1
0.8846154 0.3076923 0.92
0.9230769 0.3461539 0.84
1 0.4230769 0.76
1.038462 0.4615385 0.68
1.076923 0.5 0.6
1.115385 0.5384616 0.6
1.115385 0.6153846 0.56
1.153846 0.6538461 0.56
1.115385 0.6923077 0.56
1.076923 0.7307692 0.56
0.9615384 0.7307692 0.6
0.8846154 0.7307692 0.6
0.7692308 0.7307692 0.64
0.6538461 0.7307692 0.68
0.5 0.7307692 0.8
0.3076923 0.6923077 1
0.1153846 0.6538461 1.2
-0.07692308 0.5769231 1.28
-0.3076923 0.4615385 1.4
-0.5 0.3076923 1.44
-0.5769231 0.1923077 1.36
-0.6153846 0.07692308 1.36
-0.6538461 0 1.4
-0.7307692 -0.07692308 1.52
-0.7692308 -0.1538462 1.52
-0.7307692 -0.1923077 1.48
-0.7307692 -0.1923077 1.44
-0.6538461 -0.1538462 1.36
-0.5769231 -0.1538462 1.28
-0.5384616 -0.1153846 1.2
-0.2692308 0.07692308 1.04
-0.2692308 0.07692308 1.04
-0.1538462 0.1153846 1.04
-0.1153846 0.1153846 1.08
-0.03846154 0.1538462 1.12
0 0.1538462 1.08
0.07692308 0.1538462 1
0.1153846 0.1538462 0.96
0.1153846 0.1538462 0.96
