1.192308 0.6153846 2.96
1.192308 0.6153846 2.96
1.192308 0.6153846 2.96
1.192308 0.6153846 2.96
1.192308 0.6153846 2.96
1.192308 0.6153846 2.96
1.192308 0.6153846 2.96
1.192308 0.6153846 2.96
1.192308 0.6153846 2.96
1.192308 0.6153846 2.96
1.192308 0.6153846 2.96
0.8076923 0.5384616 2.48
0.8076923 0.5384616 2.48
0.4615385 0.4230769 1.96
0.1923077 0.2692308 1.56
0.03846154 0.1923077 1.2
0 0.1153846 0.84
-0.03846154 0.1153846 0.56
-0.07692308 0.1153846 0.32
-0.07692308 0.07692308 0.12
-0.1153846 0.03846154 -0.04
-0.1538462 0 -0.2
-0.1153846 -0.03846154 -0.28
-0.07692308 -0.03846154 -0.32
0 -0.07692308 -0.36
0.03846154 -0.07692308 -0.36
0.07692308 -0.1153846 -0.36
0.03846154 -0.1538462 -0.36
0.03846154 -0.1538462 -0.28
0.03846154 -0.1923077 -0.24
0.03846154 -0.1923077 -0.12
0 -0.1923077 -0.04
0 -0.2307692 0.04
0 -0.1923077 0.08
0.03846154 -0.1923077 0.2
0.03846154 -0.1923077 0.36
0.03846154 -0.1538462 0.52
0.03846154 -0.1923077 0.72
-0.03846154 -0.2307692 0.96
-0.1923077 -0.3076923 1.16
-0.3846154 -0.4230769 1.32
-0.5384616 -0.5384616 1.4
-0.6923077 -0.6153846 1.4
-0.9230769 -0.7307692 1.32
-0.9230769 -0.7307692 1.32
-0.9615384 -0.7692308 1.32
-0.9615384 -0.7692308 1.24
-0.9615384 -0.7307692 1.12
-0.9615384 -0.7307692 1.04
-0.8846154 -0.6538461 0.92
-0.8076923 -0.5769231 0.84
-0.6538461 -0.4615385 0.72
-0.4615385 -0.3846154 0.64
-0.2307692 -0.3076923 0.52
-0.07692308 -0.2307692 0.48
0.07692308 -0.1538462 0.4
0.2692308 -0.07692308 0.36
0.4230769 -0.03846154 0.4
0.5769231 0.03846154 0.44
0.7692308 0.07692308 0.52
0.9615384 0.1153846 0.56
1.076923 0.1538462 0.56
1.115385 0.1538462 0.6
1.115385 0.1153846 0.68
1.153846 0.07692308 0.72
1.076923 0.03846154 0.76
1.076923 0 0.84
1.076923 -0.03846154 0.88
1.038462 -0.07692308 0.88
1 -0.07692308 0.88
0.9615384 -0.1153846 0.92
0.9230769 -0.1153846 0.92
0.8846154 -0.1153846 0.88
0.8461539 -0.1538462 0.88
0.7692308 -0.1923077 0.84
0.6923077 -0.2307692 0.8
0.6153846 -0.2307692 0.76
0.6153846 -0.1923077 0.68
0.5384616 -0.2307692 0.64
0.5384616 -0.2307692 0.6
0.4615385 -0.2307692 0.52
0.4230769 -0.2307692 0.48
0.3846154 -0.2307692 0.44
0.3076923 -0.1923077 0.4
0.3076923 -0.1923077 0.28
0.3076923 -0.1923077 0.24
0.3076923 -0.1538462 0.16
0.2307692 -0.1923077 0.12
0.1538462 -0.2307692 0.04
0.1538462 -0.1923077 -0.08
0.1538462 -0.1153846 -0.12
0.2307692 -0.03846154 0.08
0.2692308 0.03846154 0.4
0.3076923 0.03846154 0.68
0.1923077 0 0.96
0.1153846 -0.07692308 1.12
0.03846154 -0.1538462 1.2
-0.07692308 -0.1923077 1.24
-0.07692308 -0.2307692 1.32
-0.03846154 -0.2307692 1.4
0 -0.1923077 1.48
0.07692308 -0.1923077 1.56
0.1153846 -0.1923077 1.68
0.1923077 -0.1538462 1.8
0.2307692 -0.1538462 1.84
0.2307692 -0.1538462 1.92
0.2692308 -0.1538462 1.92
0.2692308 -0.1538462 1.84
0.2692308 -0.1538462 1.76
0.3076923 -0.1153846 1.68
0.3461539 -0.07692308 1.56
0.3461539 -0.07692308 1.48
0.3846154 -0.03846154 1.4
0.4230769 -0.03846154 1.32
0.4230769 0 1.24
0.4615385 0.03846154 1.2
0.5 0.07692308 1.16
0.5384616 0.1153846 1.08
0.5769231 0.1538462 1.04
0.5769231 0.1153846 0.96
0.5769231 0.1153846 0.92
0.5384616 0.1153846 0.88
0.5384616 0.1153846 0.8
0.5769231 0.1538462 0.76
0.6153846 0.1923077 0.72
0.6923077 0.2692308 0.68
0.7692308 0.3461539 0.68
0.9230769 0.4615385 0.68
1 0.5384616 0.68
1.076923 0.6153846 0.68
1.038462 0.7307692 0.6
1.038462 0.7307692 0.6
1.038462 0.8076923 0.56
1 0.8846154 0.56
0.9615384 0.9230769 0.6
1 0.9615384 0.64
0.9615384 1 0.68
0.8461539 1 0.8
0.6153846 1.038462 0.92
0.2692308 1 1.08
0 0.8846154 1.24
-0.2692308 0.7692308 1.32
-0.5 0.6153846 1.44
-0.6153846 0.5384616 1.48
-0.6923077 0.3461539 1.56
-0.8076923 0.1923077 1.56
-0.8461539 0.1153846 1.56
-0.8846154 0.03846154 1.56
-0.9230769 -0.07692308 1.52
-0.8846154 -0.07692308 1.44
-0.8461539 -0.1153846 1.36
-0.7692308 -0.1153846 1.28
-0.7307692 -0.1153846 1.2
-0.6538461 -0.1153846 1.16
-0.6153846 -0.1153846 1.12
-0.5384616 -0.07692308 1.08
-0.4230769 -0.03846154 1.08
-0.3076923 0 1.04
-0.2307692 0.03846154 0.96
-0.1153846 0.07692308 0.92
-0.07692308 0.07692308 0.88
