-0.8076923 -0.5384616 0.36
-0.8076923 -0.5384616 0.36
-0.8076923 -0.5384616 0.36
-0.8076923 -0.5384616 0.36
-0.8076923 -0.5384616 0.36
-0.8076923 -0.5384616 0.36
-0.8076923 -0.5384616 0.36
-0.8076923 -0.5384616 0.36
-0.8076923 -0.5384616 0.36
-0.8076923 -0.5384616 0.36
-0.8076923 -0.5384616 0.36
-0.8076923 -0.5384616 0.36
-0.8846154 -0.5769231 0.4
-0.9615384 -0.6153846 0.36
-1.076923 -0.6538461 0.32
-1.115385 -0.6923077 0.28
-1.076923 -0.6538461 0.24
-1 -0.5769231 0.24
-0.9230769 -0.5384616 0.28
-0.8076923 -0.5 0.28
-0.7307692 -0.4230769 0.32
-0.6538461 -0.4230769 0.32
-0.5384616 -0.3076923 0.52
-0.5 -0.2692308 0.68
-0.3461539 -0.1923077 0.8
-0.1923077 -0.07692308 0.92
0.03846154 0.03846154 1
0.2307692 0.1153846 1.12
0.4230769 0.1923077 1.28
0.5384616 0.2307692 1.4
0.6153846 0.2692308 1.44
0.6538461 0.2692308 1.44
0.6153846 0.2692308 1.36
0.6538461 0.3076923 1.32
0.7307692 0.3461539 1.24
0.8076923 0.4230769 1.2
0.9230769 0.5 1.08
1.038462 0.6153846 1.04
1.115385 0.7692308 1.04
1.230769 0.9230769 1.12
1.384615 1.038462 1.12
1.5 1.192308 1
1.576923 1.346154 0.92
1.615385 1.5 0.84
1.653846 1.615385 0.84
1.576923 1.730769 0.96
1.192308 1.730769 1.2
0.5 1.615385 1.6
-0.2692308 1.269231 1.84
-0.9230769 0.7307692 1.96
-1.307692 0.1923077 2.04
-1.461538 -0.2307692 2.08
-1.423077 -0.5 2.08
-1.307692 -0.6538461 2.04
-1.230769 -0.7692308 1.92
-1.230769 -0.8076923 1.72
-1.230769 -0.8461539 1.56
-1.115385 -0.7692308 1.36
-0.9615384 -0.7307692 1.2
-0.7692308 -0.5769231 1.08
-0.5769231 -0.4615385 0.96
-0.3846154 -0.3076923 0.92
-0.1923077 -0.1538462 0.84
-0.07692308 -0.07692308 0.84
0 0 0.84
0 0.03846154 0.92
0.03846154 0.03846154 0.92
0.03846154 0.07692308 1
0 0.03846154 1.08
0 0.03846154 1.12
