0.3461539 0.6153846 1.28
0.3461539 0.6153846 1.28
0.3461539 0.6153846 1.28
0.3461539 0.6153846 1.28
0.3461539 0.6153846 1.28
0.3461539 0.6153846 1.28
0.2692308 0.5769231 1.6
0.2692308 0.5769231 1.6
0.2692308 0.5769231 1.6
0.2692308 0.5769231 1.6
0.2692308 0.5769231 1.6
0.2692308 0.5769231 1.6
0.2692308 0.5769231 1.6
0.2692308 0.5769231 1.6
0.2692308 0.6153846 1.88
0.3461539 0.6538461 2.12
0.4615385 0.6923077 2.32
0.6923077 0.7692308 2.4
0.9230769 0.8461539 2.4
1.153846 0.8846154 2.44
1.269231 0.8461539 2.36
1.269231 0.8076923 2.16
1.115385 0.6923077 1.96
0.9615384 0.5769231 1.76
0.7692308 0.5 1.6
0.6153846 0.3846154 1.52
0.5384616 0.3076923 1.4
0.5384616 0.3076923 1.32
0.5384616 0.2692308 1.2
0.5769231 0.2692308 1.16
0.5384616 0.2307692 1.12
0.5384616 0.1923077 1.08
0.5 0.1923077 1.12
0.5 0.1923077 1.12
0.4615385 0.1538462 1.12
0.4230769 0.1153846 1.12
0.3461539 0.1153846 1.12
0.3461539 0.07692308 1.12
0.3461539 0.1153846 1.16
0.4230769 0.1153846 1.2
0.5 0.1923077 1.28
0.5384616 0.2307692 1.36
0.6153846 0.2692308 1.48
0.6923077 0.3076923 1.56
0.7307692 0.3461539 1.52
0.6923077 0.3076923 1.48
0.6923077 0.2692308 1.4
