0.6153846 0.3846154 2.4
0.6153846 0.3846154 2.4
0.6153846 0.3846154 2.4
0.6153846 0.3846154 2.4
0.6153846 0.3846154 2.4
0.6153846 0.3846154 2.4
0.4230769 0.3076923 2.16
0.4230769 0.3076923 2.16
0.4230769 0.3076923 2.16
0.4230769 0.3076923 2.16
0.1923077 0.2307692 1.96
0.1923077 0.2307692 1.96
0.1923077 0.2307692 1.96
0.07692308 0.1923077 1.72
-0.03846154 0.1923077 1.52
-0.07692308 0.1923077 1.36
-0.07692308 0.1923077 1.16
-0.03846154 0.1923077 0.96
-0.03846154 0.1923077 0.8
0 0.1923077 0.68
-0.03846154 0.1538462 0.56
-0.07692308 0.07692308 0.52
-0.03846154 0.03846154 0.4
0 0 0.28
0 -0.03846154 0.16
0 -0.1153846 0.04
0 -0.1538462 0
0 -0.1923077 -0.04
0 -0.2307692 -0.08
0 -0.2692308 -0.2
-0.03846154 -0.3076923 -0.32
-0.03846154 -0.3076923 -0.44
-0.03846154 -0.3461539 -0.56
-0.07692308 -0.3846154 -0.64
-0.1153846 -0.4230769 -0.64
-0.1538462 -0.5 -0.6
-0.1923077 -0.5384616 -0.56
-0.1923077 -0.5384616 -0.48
-0.1153846 -0.5384616 -0.36
-0.07692308 -0.5384616 -0.36
0 -0.5 -0.4
0.03846154 -0.5 -0.36
0.07692308 -0.5384616 -0.28
0.07692308 -0.5384616 -0.24
0.07692308 -0.5769231 -0.16
0.07692308 -0.5769231 -0.08
