-0.3846154 0.2692308 0.56
-0.3846154 0.2692308 0.56
-0.3846154 0.2692308 0.56
-0.3846154 0.2692308 0.56
-0.3846154 0.2692308 0.56
-0.3846154 0.2692308 0.56
-0.3846154 0.2692308 0.56
-0.3846154 0.2692308 0.56
-0.3846154 0.2692308 0.56
-0.3846154 0.2692308 0.56
-0.3846154 0.2692308 0.56
-0.3846154 0.2692308 0.56
-0.4230769 0.3461539 0.6
-0.3846154 0.4230769 0.72
-0.3846154 0.5 0.84
-0.3846154 0.5384616 1
-0.3846154 0.5384616 1.04
-0.4615385 0.5769231 1.04
-0.5384616 0.5769231 1
-0.5384616 0.5769231 1.04
-0.5384616 0.6153846 1.12
-0.5 0.6538461 1.12
-0.3846154 0.8076923 1.24
-0.3846154 0.8461539 1.28
-0.4230769 0.8461539 1.28
-0.5 0.8076923 1.36
-0.3076923 0.7692308 1.44
0 1.269231 2.04
0.1923077 0.9230769 1.4
-0.03846154 0.6923077 1.2
-0.4615385 0.7307692 1.52
-0.5769231 0.8076923 1.64
-0.2692308 1.038462 1.68
0.07692308 1.153846 1.72
0.2307692 1.153846 1.88
0.2692308 1.153846 2
0.3846154 1.153846 1.96
0.5 1.153846 1.8
0.6153846 1.192308 1.56
0.6923077 1.307692 1.48
0.6923077 1.423077 1.56
0.7307692 1.5 1.68
0.8076923 1.538462 1.84
0.9230769 1.538462 1.92
1 1.5 1.96
1.076923 1.538462 1.92
1.115385 1.5 1.76
1.153846 1.538462 1.56
1.192308 1.538462 1.36
1.192308 1.538462 1.28
1.192308 1.5 1.28
1.230769 1.346154 1.32
1.269231 1.192308 1.36
1.230769 1.076923 1.32
1.115385 1.076923 1.2
1 1.115385 1
0.8461539 1.115385 0.84
0.7692308 1.076923 0.8
0.6923077 1 0.8
0.7307692 0.9230769 0.76
0.7692308 0.8076923 0.76
0.8076923 0.7307692 0.76
0.7692308 0.6923077 0.72
0.6538461 0.7692308 0.6
0.4615385 0.7692308 0.44
0.3461539 0.7692308 0.28
0.2692308 0.7692308 0.2
0.2692308 0.6923077 0.16
0.3076923 0.5384616 0.16
0.3461539 0.4615385 0.16
0.3076923 0.3846154 0.2
0.2307692 0.3461539 0.2
0.1923077 0.3076923 0.16
0.07692308 0.3076923 0.08
-0.07692308 0.3076923 -0.08
-0.2307692 0.3076923 -0.16
-0.3076923 0.2692308 -0.2
-0.3076923 0.1923077 -0.2
-0.2307692 0.1538462 -0.12
-0.2307692 0.1538462 -0.04
-0.2307692 0.07692308 0.04
-0.3076923 0.07692308 0.08
-0.4230769 0.1153846 0.08
-0.7692308 0.1538462 0.04
-0.7692308 0.1538462 0.04
-0.8461539 0.07692308 0
-0.8076923 0.03846154 -0.04
-0.7307692 0 -0.04
-0.6538461 0 0.04
-0.6923077 0 0.2
-0.7307692 0 0.28
-0.7307692 0.03846154 0.32
-0.7692308 0.07692308 0.24
-0.8076923 0.07692308 0.2
-0.8846154 0.07692308 0.2
-0.9230769 0.07692308 0.24
-0.9615384 0.07692308 0.28
-0.9615384 0.07692308 0.32
-0.9230769 0.07692308 0.4
-0.8846154 0.1153846 0.44
-0.8461539 0.1153846 0.48
-0.8076923 0.1538462 0.48
-0.8461539 0.1153846 0.52
-0.8461539 0.1153846 0.6
-0.8461539 0.07692308 0.68
-0.8461539 0.07692308 0.76
-0.9230769 0.03846154 0.8
-0.9615384 0.07692308 0.8
-1 0.1153846 0.76
-0.9230769 0.1538462 0.76
-0.8076923 0.1923077 0.88
-0.6538461 0.1923077 1.08
-0.5769231 0.1923077 1.24
-0.6153846 0.1923077 1.28
-0.6538461 0.1923077 1.2
-0.6538461 0.2692308 1.08
-0.6538461 0.3076923 1.04
-0.5769231 0.3461539 1.16
-0.5 0.3076923 1.44
-0.3461539 0.3461539 1.64
-0.1923077 0.3461539 1.72
-0.03846154 0.4230769 1.72
0.07692308 0.5384616 1.6
0.1153846 0.6153846 1.52
0.1153846 0.6153846 1.44
0.07692308 0.6153846 1.4
0.07692308 0.5769231 1.44
0.07692308 0.5 1.56
0.1153846 0.5 1.68
0.1538462 0.4615385 1.76
0.1923077 0.4230769 1.84
0.2307692 0.4230769 1.76
0.2692308 0.5 1.56
0.3846154 0.5 1.32
0.5384616 0.4615385 1.24
0.7307692 0.4230769 1.28
0.8076923 0.3461539 1.4
0.8461539 0.2692308 1.52
0.8461539 0.2692308 1.6
0.8076923 0.2692308 1.64
0.7307692 0.2692308 1.56
0.6153846 0.2692308 1.52
0.4615385 0.2692308 1.44
0.3461539 0.3076923 1.32
0.2692308 0.3461539 1.16
0.1923077 0.3076923 1.08
0.2307692 0.3076923 1.04
0.2692308 0.2692308 1.04
0.3076923 0.2307692 1.08
0.3461539 0.2307692 1.08
0.3076923 0.2307692 1.04
0.2692308 0.2307692 1
0.1923077 0.2307692 0.92
0.1923077 0.1923077 0.88
