0.1153846 0.1923077 1
0.1153846 0.1923077 1
0.1153846 0.1923077 1
0.1153846 0.1923077 1
0.1153846 0.1923077 1
0.1153846 0.1923077 1
0.1153846 0.1923077 1
0.1153846 0.1923077 1
0.1153846 0.1923077 1
0.1153846 0.1923077 1
0.1153846 0.1923077 1
0.1153846 0.2307692 0.96
0.1153846 0.2307692 0.92
0.1153846 0.2692308 0.92
0.1153846 0.2692308 0.88
0.07692308 0.2307692 0.92
0.07692308 0.1923077 0.96
0.07692308 0.1923077 0.96
0.07692308 0.2307692 0.92
0.07692308 0.2307692 0.92
0.03846154 0.2307692 0.92
0.03846154 0.1923077 0.92
0.03846154 0.1923077 0.96
0.03846154 0.1923077 0.96
0.07692308 0.1923077 1
0.1538462 0.1538462 1.08
0.2307692 0.1538462 1.2
0.2692308 0.1153846 1.4
0.3461539 0.1153846 1.56
0.3461539 0.07692308 1.8
0.3076923 0.1153846 2.04
0.2692308 0.1923077 2.28
0.2307692 0.1923077 2.52
0.2692308 0.2692308 2.72
0.2307692 0.2692308 2.84
0.2307692 0.3461539 2.76
0.2692308 0.4230769 2.56
0.2692308 0.5 2.32
0.3076923 0.5384616 2.08
0.3461539 0.5384616 1.88
0.3846154 0.5384616 1.68
0.3846154 0.5384616 1.52
0.3461539 0.5 1.32
0.2692308 0.5 1.08
0.1923077 0.5 0.84
0.1538462 0.5 0.6
0.07692308 0.4615385 0.4
0.03846154 0.4230769 0.28
-0.03846154 0.3846154 0.16
-0.07692308 0.3461539 0.12
-0.07692308 0.2307692 0.08
-0.1538462 0.1538462 0.08
-0.2307692 0.1153846 0.04
-0.2692308 0.07692308 0
-0.3076923 0 -0.16
-0.3461539 -0.03846154 -0.16
-0.3076923 -0.1153846 -0.08
-0.3076923 -0.1538462 0.04
-0.3076923 -0.1923077 0.08
-0.3461539 -0.2307692 0.2
-0.4230769 -0.2692308 0.28
-0.5384616 -0.2692308 0.4
-0.6538461 -0.3076923 0.52
-0.7692308 -0.3076923 0.64
-0.8846154 -0.3461539 0.76
-0.9615384 -0.3461539 0.88
-1 -0.3846154 1.04
-1.115385 -0.3846154 1.12
-1.192308 -0.3461539 1.12
-1.230769 -0.3461539 1.08
-1.192308 -0.3076923 1
-1.076923 -0.3076923 0.92
-0.9230769 -0.2692308 0.88
-0.7307692 -0.2692308 0.84
-0.5384616 -0.2307692 0.8
-0.4230769 -0.2307692 0.8
-0.3076923 -0.1538462 0.76
-0.1538462 -0.07692308 0.68
0 -0.03846154 0.64
0.2692308 0 0.64
0.5384616 0.03846154 0.68
0.7692308 0.07692308 0.76
0.9230769 0.07692308 0.76
0.9615384 0 0.72
0.9230769 0 0.64
0.8076923 -0.03846154 0.56
0.6923077 -0.07692308 0.48
0.5769231 -0.1153846 0.4
0.5 -0.1538462 0.36
0.4615385 -0.1538462 0.32
0.4230769 -0.1538462 0.28
0.3846154 -0.1538462 0.24
0.3461539 -0.07692308 0.2
0.2692308 -0.07692308 0.16
0.1538462 -0.03846154 0.12
0.07692308 -0.03846154 0.12
-0.03846154 0 0.2
-0.1153846 0 0.24
-0.1538462 0.03846154 0.28
-0.07692308 0.1153846 0.36
-0.03846154 0.1923077 0.44
0 0.2307692 0.56
0 0.1923077 0.68
0.03846154 0.1538462 0.88
0 0.1153846 1
-0.03846154 0.07692308 1.16
-0.03846154 0.1153846 1.28
0.07692308 0.2307692 1.52
0.1538462 0.2307692 1.64
0.1923077 0.1923077 1.76
0.2307692 0.1923077 1.92
0.3076923 0.1538462 2.08
0.3076923 0.1153846 2.16
0.3076923 0.1538462 2.2
0.2692308 0.1538462 2.16
0.2692308 0.1923077 2
0.3461539 0.1923077 1.88
0.5 0.1923077 1.76
0.6538461 0.1923077 1.64
0.7692308 0.1923077 1.52
0.8076923 0.1923077 1.4
0.7692308 0.1923077 1.32
0.7692308 0.1923077 1.2
0.7692308 0.2307692 1.12
0.7692308 0.2692308 1
0.7692308 0.2692308 0.88
0.6923077 0.3076923 0.8
0.6923077 0.3461539 0.76
0.6923077 0.3846154 0.72
0.7307692 0.4230769 0.76
0.6923077 0.4615385 0.8
0.6153846 0.5 0.92
0.5 0.5384616 1.04
0.3846154 0.5769231 1.12
0.2307692 0.5769231 1.12
0.1538462 0.5384616 1.04
0.07692308 0.5384616 0.96
0.1153846 0.5769231 0.84
0.1923077 0.6538461 0.8
0.1923077 0.6923077 0.84
0.1538462 0.7307692 0.92
0.07692308 0.7692308 0.96
0 0.7692308 0.96
-0.1538462 0.7692308 0.96
-0.3076923 0.7692308 0.92
-0.4230769 0.7692308 0.96
-0.5 0.7692308 1.04
-0.6153846 0.6923077 1.12
-0.6538461 0.6923077 1.16
-0.6538461 0.6153846 1.2
-0.6538461 0.5769231 1.24
-0.6538461 0.5769231 1.28
-0.6538461 0.5 1.32
-0.6153846 0.4230769 1.32
-0.6153846 0.3846154 1.24
-0.5769231 0.3846154 1.12
-0.5384616 0.4230769 1.04
-0.4615385 0.4230769 0.96
-0.3461539 0.4230769 0.96
-0.1923077 0.4230769 0.96
-0.1153846 0.3846154 1
-0.07692308 0.3461539 1.04
-0.03846154 0.3461539 1.04
0 0.3461539 1
0 0.3076923 1.04
0.03846154 0.3076923 1.04
0.07692308 0.2692308 1.04
0.1538462 0.2307692 1.04
0.2307692 0.2692308 1.12
