0.4615385 0.8461539 2.8
0.4615385 0.8461539 2.8
0.4615385 0.8461539 2.8
0.4615385 0.8461539 2.8
0.4615385 0.8461539 2.8
0.4615385 0.8461539 2.8
0.4615385 0.8461539 2.8
0.4615385 0.8461539 2.8
0.4615385 0.8461539 2.8
0.4615385 0.8461539 2.8
0.4615385 0.8461539 2.8
0.4615385 0.8461539 2.8
0.5384616 0.8846154 2.72
0.5 0.9230769 2.64
0.4615385 0.9615384 2.44
0.3846154 1.076923 2.16
0.3846154 1.153846 1.88
0.5 1.269231 1.68
0.5384616 1.346154 1.48
0.5769231 1.384615 1.28
0.5 1.346154 1.12
0.3461539 1.307692 0.96
0.1923077 1.269231 0.76
0.03846154 1.230769 0.4
0 1.153846 0.04
0 1 -0.2
0.03846154 0.8076923 -0.28
0 0.6538461 -0.32
-0.1153846 0.5 -0.32
-0.1538462 0.3461539 -0.32
-0.1538462 0.2692308 -0.24
-0.2307692 0.1538462 -0.28
-0.2307692 0.07692308 -0.32
-0.2307692 0 -0.44
-0.1923077 -0.07692308 -0.48
-0.1923077 -0.1538462 -0.48
-0.1538462 -0.2307692 -0.36
-0.07692308 -0.3076923 -0.2
-0.07692308 -0.3846154 -0.12
-0.07692308 -0.4230769 -0.12
-0.03846154 -0.5 -0.2
-0.03846154 -0.5384616 -0.28
-0.03846154 -0.5769231 -0.32
-0.07692308 -0.6153846 -0.32
-0.1153846 -0.6153846 -0.28
-0.1153846 -0.6538461 -0.24
-0.07692308 -0.6923077 -0.12
0 -0.7307692 -0.04
0.07692308 -0.7692308 0
0.07692308 -0.7692308 0
0.03846154 -0.7692308 0
0 -0.7692308 0
-0.03846154 -0.7692308 0.04
-0.07692308 -0.8076923 0.08
-0.1153846 -0.8461539 0.12
-0.07692308 -0.8461539 0.16
-0.03846154 -0.8461539 0.24
0 -0.8461539 0.24
-0.03846154 -0.8461539 0.24
-0.03846154 -0.8461539 0.2
-0.03846154 -0.8461539 0.2
-0.07692308 -0.8461539 0.2
-0.07692308 -0.8846154 0.24
-0.07692308 -0.8846154 0.28
-0.1153846 -0.8846154 0.32
-0.07692308 -0.8846154 0.32
-0.07692308 -0.8461539 0.32
-0.03846154 -0.8461539 0.28
-0.03846154 -0.8461539 0.28
0 -0.8461539 0.24
0.03846154 -0.8076923 0.2
0 -0.7692308 0.2
0.03846154 -0.7307692 0.2
0.03846154 -0.6538461 0.2
0.03846154 -0.6153846 0.24
0.07692308 -0.5769231 0.2
0.1538462 -0.5769231 0.2
0.2307692 -0.5384616 0.16
