-1.076923 0.3846154 1.36
-1.076923 0.3846154 1.36
-1.076923 0.3846154 1.36
-1.076923 0.3846154 1.36
-1.076923 0.3846154 1.36
-1.076923 0.3846154 1.36
-1.076923 0.3846154 1.36
-1.076923 0.3846154 1.36
-1.038462 0.4230769 1.4
-1.038462 0.4230769 1.4
-1 0.5 1.36
-1 0.5 1.36
-0.9615384 0.6923077 1.2
-0.9615384 0.8076923 1.12
-0.8846154 0.9230769 1.04
-0.7307692 1.038462 1.04
-0.5 1.153846 1.08
-0.1538462 1.192308 1.16
0.1923077 1.192308 1.2
0.3846154 1.153846 1.2
0.5 1.076923 1.12
0.4615385 1 1
0.4615385 1.038462 0.84
0.5 1.115385 0.8
0.5769231 1.192308 0.68
0.8076923 1.153846 0.72
1.038462 1.038462 0.84
1.115385 0.8846154 0.92
1.076923 0.7307692 0.96
1.038462 0.6538461 0.88
1.038462 0.6538461 0.8
1.076923 0.6153846 0.68
1.153846 0.5769231 0.64
1.153846 0.5 0.64
1.115385 0.3846154 0.68
1.076923 0.2307692 0.72
1.038462 0.1538462 0.8
1.038462 0.07692308 0.8
1 0.03846154 0.84
0.9230769 0.03846154 0.8
0.8076923 0.03846154 0.76
0.7307692 0.03846154 0.76
0.7307692 0 0.76
0.6538461 -0.03846154 0.8
0.5769231 -0.07692308 0.88
0.5 -0.07692308 1
0.5 -0.07692308 1.08
0.4615385 -0.07692308 1.12
0.4230769 -0.03846154 1.12
0.3846154 -0.03846154 1.08
0.3076923 0 1
0.3076923 0 0.96
0.2692308 0 0.96
0.2692308 0 1
0.3461539 0.03846154 1
0.3846154 0.07692308 1.04
0.4615385 0.1153846 1.08
0.5384616 0.07692308 1.12
0.5384616 0.07692308 1.16
0.5384616 0.07692308 1.16
0.5384616 0.07692308 1.12
0.5 0.07692308 1.04
