0.03846154 1.038462 3.04
0.03846154 1.038462 3.04
0.03846154 1.038462 3.04
0.03846154 1.038462 3.04
0.03846154 1.038462 3.04
0.03846154 1.038462 3.04
0.03846154 1.038462 3.04
0.03846154 1.038462 3.04
0.03846154 1.038462 3.04
0.03846154 1.038462 3.04
0.03846154 1.038462 3.04
0.03846154 1.038462 3.04
0.1153846 1.115385 3.12
0.3076923 1.153846 3.04
0.4230769 1.269231 2.96
0.4230769 1.346154 2.84
0.4230769 1.423077 2.64
0.3461539 1.653846 2.44
0.2307692 2 1.92
0.2692308 1.846154 0.52
0.3461539 1.653846 0.48
0.3846154 1.5 0.56
0.3846154 1.346154 0.6
0.2692308 1.269231 0.56
0.1153846 1.269231 0.44
-0.03846154 1.269231 0.08
-0.1153846 1.115385 -0.32
-0.03846154 0.8461539 -0.4
0.03846154 0.6153846 -0.28
0.03846154 0.4230769 -0.04
0.03846154 0.3076923 0.04
-0.03846154 0.1923077 0
-0.07692308 0.1153846 -0.12
-0.1538462 0.03846154 -0.28
-0.1538462 -0.03846154 -0.44
-0.1538462 -0.1538462 -0.52
-0.1538462 -0.2692308 -0.6
-0.07692308 -0.3461539 -0.6
0 -0.4230769 -0.44
0.03846154 -0.5 -0.24
0 -0.5769231 -0.12
-0.03846154 -0.5769231 -0.16
-0.07692308 -0.6153846 -0.24
-0.07692308 -0.6153846 -0.36
-0.07692308 -0.6538461 -0.4
0 -0.6923077 -0.44
0.07692308 -0.6923077 -0.32
0.1153846 -0.7307692 -0.16
0.07692308 -0.7692308 -0.04
0.03846154 -0.7692308 0
0 -0.7692308 0
-0.03846154 -0.8076923 -0.04
-0.03846154 -0.8076923 0
-0.03846154 -0.8461539 0
0 -0.8461539 0.08
0.03846154 -0.8461539 0.12
0.07692308 -0.8461539 0.16
0.07692308 -0.8846154 0.2
0.03846154 -0.8846154 0.2
0.03846154 -0.8461539 0.24
0 -0.8461539 0.24
0.03846154 -0.8461539 0.28
0.03846154 -0.8076923 0.28
0.03846154 -0.7692308 0.24
0.03846154 -0.7692308 0.24
0.03846154 -0.7307692 0.2
0.03846154 -0.6923077 0.16
0.07692308 -0.6923077 0.08
0.1153846 -0.6538461 0.04
