-0.9230769 0.6153846 0.56
-0.9230769 0.6153846 0.56
-0.9230769 0.6153846 0.56
-0.9230769 0.6153846 0.56
-0.9230769 0.6153846 0.56
-0.9230769 0.6153846 0.56
-0.9230769 0.6153846 0.56
-0.9230769 0.6153846 0.56
-0.9230769 0.6153846 0.56
-0.9230769 0.6153846 0.56
-0.9230769 0.6153846 0.56
-0.9230769 0.6153846 0.56
-0.9230769 0.6153846 0.56
-0.9230769 0.6153846 0.56
-0.5769231 0.7307692 0.56
-0.2307692 0.8076923 0.68
0.07692308 0.9230769 0.8
0.3461539 1 0.92
0.6538461 1.038462 1.08
1.038462 0.9615384 1.28
1.307692 0.8076923 1.56
1.461538 0.6923077 1.8
1.538462 0.5769231 1.84
1.576923 0.5 1.84
1.576923 0.4230769 1.76
1.538462 0.3461539 1.64
1.461538 0.2692308 1.56
1.461538 0.1923077 1.48
1.461538 0.1153846 1.44
1.461538 0.1153846 1.44
1.423077 0.1153846 1.32
1.346154 0.2307692 1.2
1.269231 0.3461539 1.04
1.192308 0.4615385 0.96
1.115385 0.5384616 0.88
1.115385 0.5769231 0.88
1.076923 0.6538461 0.8
1.115385 0.7307692 0.76
1.076923 0.8846154 0.76
0.8846154 0.9615384 0.76
0.6153846 1.076923 0.76
0.3461539 1.115385 0.76
0.07692308 1.076923 0.84
-0.1923077 1.038462 0.96
-0.3461539 1.076923 1.04
-0.4615385 1.076923 1.08
-0.6538461 1.115385 1.16
-0.8461539 1.153846 1.2
-0.9615384 1.115385 1.28
-1.038462 0.9615384 1.28
-1.115385 0.8846154 1.28
-1.153846 0.8461539 1.28
-1.076923 0.8846154 1.32
-1 0.8461539 1.36
-0.9230769 0.8461539 1.4
-0.8461539 0.7692308 1.36
-0.8076923 0.7307692 1.28
-0.7307692 0.7307692 1.2
-0.6538461 0.6538461 1.12
-0.2692308 0.6923077 1.12
-0.1538462 0.6923077 1.16
-0.1153846 0.6923077 1.2
-0.07692308 0.6923077 1.2
-0.03846154 0.6923077 1.2
-0.03846154 0.6923077 1.16
-0.07692308 0.6538461 1.08
-0.03846154 0.6153846 1.04
0 0.6153846 1.04
0.1153846 0.6153846 1.04
0.1923077 0.5769231 1.12
0.2307692 0.5384616 1.2
0.1923077 0.5 1.28
0.1923077 0.5 1.32
