1.423077 0.9230769 0.8
1.423077 0.9230769 0.8
1.423077 0.9230769 0.8
1.423077 0.9230769 0.8
1.423077 0.9230769 0.8
1.423077 0.9230769 0.8
1.423077 0.9230769 0.8
1.423077 0.9230769 0.8
1.423077 0.9230769 0.8
1.423077 0.9230769 0.8
1.230769 1.038462 0.76
1.038462 1.115385 0.8
0.7307692 1.346154 0.96
0.6153846 1.461538 1.08
0.5 1.5 1.2
0.3846154 1.538462 1.28
0.2692308 1.576923 1.32
0.1538462 1.576923 1.28
-0.3076923 1.576923 1.16
-0.5384616 1.5 1.12
-0.6538461 1.384615 1.08
-0.6923077 1.269231 1
-0.6538461 1.153846 0.96
-0.6153846 1.076923 0.96
-0.5769231 1.038462 1
-0.6538461 1.038462 1.08
-0.7307692 1 1.12
-0.7692308 0.9230769 1.16
-0.7692308 0.8076923 1.2
-0.7307692 0.6923077 1.2
-0.7307692 0.5769231 1.2
-0.7307692 0.4615385 1.2
-0.6538461 0.4615385 1.16
-0.5769231 0.5 1.16
-0.4615385 0.5 1.12
-0.3461539 0.5 1.12
-0.3076923 0.4615385 1.16
-0.3076923 0.4230769 1.16
-0.3461539 0.3461539 1.2
-0.3461539 0.3076923 1.2
-0.3461539 0.2307692 1.16
-0.3076923 0.1923077 1.2
-0.2692308 0.1923077 1.2
-0.1538462 0.2307692 1.12
-0.07692308 0.2307692 1.08
0 0.2307692 1.08
0.07692308 0.2307692 1.08
0.07692308 0.2307692 1.08
0.07692308 0.2307692 1.04
0.07692308 0.2307692 1.08
0.1153846 0.2307692 1.08
0.1153846 0.2307692 1.16
0.07692308 0.1923077 1.24
0.07692308 0.2307692 1.28
0.07692308 0.2692308 1.24
0.03846154 0.3076923 1.16
0.03846154 0.3846154 1.16
