-1.307692 0.3076923 -0.12
-1.307692 0.3076923 -0.12
-1.307692 0.3076923 -0.12
-1.307692 0.3076923 -0.12
-1.307692 0.3076923 -0.12
-1.307692 0.3076923 -0.12
-1.307692 0.3076923 -0.12
-1.307692 0.3076923 -0.12
-1.307692 0.3076923 -0.12
-1.269231 0.3076923 0.12
-1.230769 0.3461539 0.32
-1.153846 0.3461539 0.44
-0.9615384 0.3846154 0.48
-0.7307692 0.3846154 0.52
-0.5384616 0.3846154 0.56
-0.3846154 0.4615385 0.68
-0.1923077 0.5769231 0.8
0 0.7307692 0.88
0.3076923 0.8461539 1.04
0.7307692 0.8461539 1.4
1.115385 0.7692308 1.72
1.346154 0.7307692 1.96
1.461538 0.6538461 2
1.5 0.6538461 1.88
1.576923 0.6153846 1.76
1.615385 0.5 1.64
1.692308 0.4230769 1.6
1.769231 0.3076923 1.6
1.884615 0.2307692 1.64
1.884615 0.1923077 1.64
1.846154 0.1923077 1.52
1.692308 0.2692308 1.36
1.538462 0.3461539 1.16
1.346154 0.4230769 1.08
1.192308 0.4615385 1.08
0.9615384 0.4615385 1.2
0.8076923 0.4615385 1.28
0.6923077 0.5 1.28
0.5769231 0.5769231 1.28
0.5 0.6538461 1.2
0.3846154 0.7307692 1.04
0.3076923 0.8076923 0.88
0.2692308 0.8846154 0.8
0.1538462 0.9230769 0.8
0.03846154 0.9230769 0.92
-0.07692308 0.9230769 1
-0.1153846 0.9230769 1
-0.2307692 0.9615384 1
-0.4230769 0.9615384 1.04
-0.6153846 0.9615384 1.12
-0.7692308 0.9230769 1.2
-0.8461539 0.8461539 1.32
-0.8461539 0.7692308 1.36
-0.8076923 0.7307692 1.36
-0.7307692 0.6923077 1.28
-0.6923077 0.7692308 1.24
-0.6923077 0.7692308 1.2
-0.7307692 0.7307692 1.16
-0.6923077 0.6923077 1.16
-0.6153846 0.6538461 1.12
-0.5769231 0.6153846 1.12
-0.5 0.6153846 1.12
-0.4230769 0.5769231 1.12
-0.3076923 0.5769231 1.08
-0.1923077 0.5769231 1.04
-0.07692308 0.5769231 1
0 0.5769231 1
0.07692308 0.5769231 1.04
0.1538462 0.5384616 1.04
0.2307692 0.5 1.08
0.2692308 0.5 1.08
