-1.192308 0.1923077 0.24
-1.192308 0.1923077 0.24
-1.230769 0.1923077 0.36
-1.230769 0.1923077 0.36
-1.230769 0.1923077 0.36
-1.230769 0.1923077 0.36
-1.230769 0.1923077 0.36
-1.269231 0.2307692 0.48
-1.269231 0.2307692 0.48
-1.269231 0.2307692 0.48
-1.269231 0.2307692 0.48
-1.269231 0.2307692 0.48
-1.269231 0.2307692 0.48
-1.230769 0.3461539 0.52
-1.153846 0.4230769 0.52
-1 0.5 0.56
-0.7692308 0.5 0.56
-0.4615385 0.4615385 0.64
-0.1153846 0.4230769 0.72
0.2307692 0.4615385 0.84
0.4615385 0.4615385 0.96
0.6538461 0.5384616 1.04
0.7692308 0.6153846 1.12
0.9615384 0.6538461 1.16
1.192308 0.6153846 1.28
1.461538 0.4615385 1.44
1.730769 0.3461539 1.6
1.884615 0.2307692 1.8
1.923077 0.1538462 1.96
1.923077 0.1153846 2
1.846154 0.1153846 1.96
1.769231 0.1538462 1.8
1.730769 0.1923077 1.6
1.653846 0.1923077 1.44
1.615385 0.2307692 1.32
1.576923 0.2307692 1.2
1.5 0.3076923 1.04
1.384615 0.4230769 0.96
1.153846 0.5384616 0.84
0.9615384 0.6153846 0.8
0.7307692 0.6923077 0.76
0.5384616 0.7307692 0.76
0.4615385 0.7692308 0.84
0.3846154 0.7692308 0.88
0.3846154 0.8076923 1
0.3461539 0.8461539 1.08
0.1538462 0.9230769 1.2
-0.1153846 1.038462 1.32
-0.3846154 1.076923 1.44
-0.6538461 1 1.52
-0.8846154 0.8461539 1.6
-1 0.6923077 1.6
-1 0.5769231 1.56
-0.8461539 0.5769231 1.48
-0.6153846 0.6538461 1.44
-0.4230769 0.6923077 1.36
-0.3076923 0.6923077 1.32
-0.3076923 0.6923077 1.24
-0.3076923 0.6923077 1.2
-0.3461539 0.6538461 1.12
-0.3076923 0.6153846 1.08
-0.3076923 0.5769231 1.08
-0.2692308 0.5384616 1.08
-0.1923077 0.5 1.04
-0.1153846 0.4615385 1
-0.03846154 0.4615385 1
0.07692308 0.4615385 0.96
0.1153846 0.4615385 0.96
0.1153846 0.4230769 0.96
0.07692308 0.3846154 0.96
0.07692308 0.3846154 1
0.07692308 0.3461539 1
0.1153846 0.3846154 1.08
