1384248668506 97909068283851 672611000000 -7.661446 5.209783 3.371036
1384248668619 97909181046302 672721000000 -7.508216 5.822699 3.677494
1384248668728 97909290848548 672831000000 -6.742072 6.282385 3.371036
1384248668840 97909402237708 672941000000 -5.056554 4.443638 1.838747
1384248668951 97909513230140 673051000000 -4.596867 1.991976 -0.153229
1384248669061 97909623154456 673161000000 -0.306458 -1.685518 3.524265
1384248669172 97909734604652 673271000000 3.371036 -4.750096 7.048530
1384248669279 97909841019446 673381000000 8.121132 -9.653421 12.411542
1384248669390 97909952103431 673491000000 9.806650 -6.895301 13.024457
1384248669501 97910063248450 673601000000 8.274362 -3.524265 9.500193
1384248669612 97910174485023 673711000000 7.508216 -2.451663 8.274362
1384248669722 97910284836585 673821000000 7.201759 -4.596867 6.129157
1384248669833 97910395676429 673931000000 7.661446 -4.903325 5.363012
1384248669945 97910506943519 674041000000 6.129157 -8.887277 -11.951855
1384248670056 97910618302161 674151000000 7.661446 -4.903325 6.588843
1384248670169 97910731064612 674261000000 6.588843 -4.903325 4.137181
