1384248696021 97936582993323 700121000000 -8.274362 4.596867 2.911349
1384248696148 97936710099036 700231000000 -7.967903 3.983952 3.371036
1384248696258 97936820877845 700341000000 -7.201759 3.983952 2.758120
1384248696345 97936907273109 700451000000 -5.822699 1.072602 -0.459687
1384248696456 97937018509681 700561000000 -3.217807 0.000000 1.225831
1384248696592 97937154679114 700671000000 2.145205 -2.298434 5.363012
1384248696678 97937240708167 700781000000 7.661446 -5.056554 9.653421
1384248696790 97937352310950 700891000000 10.879252 -6.129157 14.403518
1384248696901 97937463455970 701001000000 9.806650 -4.290410 10.879252
1384248697016 97937578659827 701111000000 8.734048 -3.064578 8.427590
1384248697124 97937686264808 701221000000 7.967903 -5.975927 4.596867
1384248697235 97937797562415 701331000000 8.274362 -5.516241 3.371036
1384248697346 97937908798988 701441000000 8.580819 -5.363012 3.677494
1384248697454 97938016068275 701551000000 10.879252 -3.217807 4.290410
1384248697556 97938118027503 701661000000 7.508216 -5.056554 3.983952
