1384248735847 97976409287269 739951000000 -8.274362 3.677494 4.137181
1384248735965 97976527573402 740061000000 -8.121132 4.137181 3.830723
1384248736076 97976638748939 740171000000 -7.661446 3.830723 3.524265
1384248736188 97976749954993 740281000000 -6.282385 3.217807 4.137181
1384248736299 97976861252601 740391000000 -6.129157 0.612916 2.758120
1384248736410 97976972519691 740501000000 -4.596867 -0.153229 3.217807
1384248736522 97977084915931 740611000000 -0.766145 -1.532289 6.282385
1384248736635 97977197464759 740721000000 4.290410 -3.830723 8.274362
1384248736731 97977293747718 740831000000 8.274362 -7.814674 11.032481
1384248736842 97977404923255 740941000000 9.653421 -7.661446 11.185710
1384248736954 97977516159827 741051000000 8.427590 -5.363012 8.887277
1384248737065 97977627487952 741161000000 7.508216 -5.209783 6.742072
1384248737176 97977737992103 741271000000 9.653421 -3.983952 6.282385
1384248737288 97977850327308 741381000000 7.814674 -5.056554 4.137181
1384248737398 97977960861976 741491000000 8.580819 -5.669470 4.137181
1384248737510 97978072525794 741601000000 7.048530 -6.742072 5.669470
1384248737621 97978183701331 741711000000 5.209783 -7.201759 3.524265
