1384249095005 98335567490394 1099141000000 8.121132 -5.209783 3.217807
1384249095116 98335678757483 1099251000000 8.427590 -4.903325 3.064578
1384249095227 98335789353187 1099361000000 8.734048 -3.677494 5.209783
1384249095339 98335901169593 1099471000000 20.992361 -13.637373 15.935806
1384249095449 98336011887366 1099581000000 19.766529 -12.871228 0.612916
1384249095561 98336123612220 1099691000000 4.290410 -2.604892 -8.580819
1384249095677 98336239273841 1099801000000 0.919373 3.064578 2.451663
1384249095788 98336349961097 1099911000000 4.596867 2.451663 11.338940
1384249095899 98336461350257 1100021000000 0.306458 -1.838747 7.967903
1384249096010 98336572006995 1100131000000 -1.991976 -10.879252 3.830723
1384249096121 98336683640296 1100241000000 -3.217807 -4.903325 2.758120
1384249096218 98336780045325 1100351000000 -0.612916 -1.685518 0.306458
1384249096329 98336891068275 1100461000000 4.903325 -1.991976 4.290410
1384249096441 98337003647620 1100571000000 16.242264 -8.427590 11.951855
1384249096553 98337115067298 1100681000000 11.185710 -9.500193 9.040505
1384249096664 98337226212317 1100791000000 9.040505 -10.113108 0.153229
1384249096775 98337337509925 1100901000000 14.250289 -6.435614 -2.604892
1384249096887 98337448960120 1101011000000 15.935806 0.459687 -0.766145
1384249096983 98337544968421 1101121000000 12.105083 4.137181 1.685518
1384249097094 98337656113440 1101231000000 8.580819 -2.604892 3.983952
1384249097205 98337767441566 1101341000000 7.354988 -5.363012 3.524265
1384249097316 98337878403480 1101451000000 8.580819 -7.508216 1.838747
1384249097428 98337990097816 1101561000000 6.588843 -6.588843 1.072602
1384249097539 98338101395423 1101671000000 6.129157 -8.887277 2.145205
1384249097643 98338205063636 1101781000000 8.274362 -4.903325 3.524265
