1384249117208 98357770127112 1121331000000 8.427590 -5.056554 3.371036
1384249117319 98357881150062 1121441000000 7.967903 -4.903325 3.524265
1384249117421 98357983261878 1121551000000 8.427590 -4.290410 6.895301
1384249117531 98358093674476 1121661000000 26.815060 -16.548723 21.605276
1384249117642 98358204880530 1121771000000 18.081011 -11.492168 -5.975927
1384249117754 98358316117103 1121881000000 0.153229 1.838747 -5.822699
1384249117865 98358427323157 1121991000000 3.830723 5.516241 7.814674
1384249117976 98358538803870 1122101000000 1.225831 0.153229 9.959879
1384249118088 98358650040443 1122211000000 -3.677494 -7.354988 2.911349
1384249118199 98358761093909 1122321000000 -1.838747 -4.290410 -0.919373
1384249118311 98358873581702 1122431000000 1.072602 -1.072602 2.604892
1384249118398 98358960007483 1122541000000 11.185710 -5.056554 11.492168
1384249118534 98359096573646 1122651000000 8.427590 -6.282385 9.500193
1384249118619 98359181870277 1122761000000 10.113108 -11.492168 1.838747
1384249118750 98359312302405 1122871000000 15.016433 -7.661446 -0.612916
1384249118865 98359427262122 1122981000000 18.693928 -0.153229 -0.919373
1384249118951 98359513291175 1123091000000 12.564771 5.363012 0.306458
1384249119063 98359625229652 1123201000000 9.500193 -6.129157 3.371036
1384249119174 98359736252601 1123311000000 7.201759 -6.282385 1.685518
1384249119285 98359847397620 1123421000000 8.427590 -5.822699 2.145205
1384249119396 98359958359534 1123531000000 8.427590 -7.508216 3.830723
1384249119507 98360069535071 1123641000000 7.508216 -5.822699 2.298434
1384249119624 98360186295325 1123751000000 7.661446 -5.975927 3.064578
1384249119737 98360299332435 1123861000000 7.814674 -5.516241 2.911349
1384249119849 98360410965735 1123971000000 7.967903 -4.443638 3.677494
1384249119980 98360542069251 1124081000000 8.121132 -4.903325 3.677494
1384249120067 98360629044349 1124191000000 8.121132 -5.363012 3.677494
1384249120178 98360740280921 1124301000000 7.814674 -5.209783 3.830723
1384249120289 98360851425941 1124411000000 7.508216 -6.282385 4.137181
