1384249121306 98361868820960 1125441000000 8.274362 -4.903325 3.677494
1384249121413 98361975540931 1125551000000 8.121132 -4.750096 3.677494
1384249121525 98362087570960 1125661000000 7.967903 -4.903325 3.524265
1384249121636 98362198715980 1125771000000 9.653421 -5.516241 6.742072
1384249121747 98362309860999 1125881000000 16.089035 -8.580819 14.250289
1384249121860 98362422440345 1125991000000 14.403518 -10.266337 6.282385
1384249121970 98362532761390 1126101000000 5.516241 -6.588843 -2.911349
1384249122082 98362644821937 1126211000000 -1.379060 1.685518 1.991976
1384249122194 98362755966956 1126321000000 4.903325 0.459687 13.330915
1384249122305 98362867203528 1126431000000 3.677494 -1.225831 12.564771
1384249122416 98362977982337 1126541000000 -1.685518 -3.217807 7.048530
1384249122541 98363103562171 1126651000000 -2.911349 -7.661446 -0.459687
1384249122627 98363189865882 1126761000000 -1.379060 -0.459687 0.919373
1384249122739 98363300980384 1126871000000 3.371036 -2.451663 3.830723
1384249122850 98363412552649 1126981000000 12.564771 -4.137181 11.951855
1384249122961 98363523514564 1127091000000 13.024457 -9.193734 10.266337
1384249123072 98363634812171 1127201000000 9.500193 -10.419566 1.532289
1384249123184 98363746079261 1127311000000 13.177687 -7.814674 -1.685518
1384249123295 98363857254798 1127421000000 18.693928 0.000000 -2.451663
1384249123407 98363969559486 1127531000000 12.717999 4.443638 0.459687
1384249123518 98364080918128 1127641000000 9.959879 -3.371036 3.217807
1384249123631 98364192978675 1127751000000 7.354988 -7.814674 2.758120
1384249123741 98364303910071 1127861000000 8.274362 -4.903325 2.758120
1384249123847 98364409043128 1127971000000 8.427590 -7.048530 3.371036
1384249123958 98364520523841 1128081000000 7.814674 -5.209783 1.838747
