1384186739815 79638104530753 2138482000000 0.919373 -1.379060 9.500193
1384186739926 79638215736807 2138592000000 1.072602 -0.919373 9.040505
1384186740039 79638328651846 2138702000000 1.838747 -1.532289 9.959879
1384186740149 79638438698233 2138812000000 -2.145205 -0.919373 22.984337
1384186740261 79638550941885 2138922000000 1.991976 -4.443638 21.605276
1384186740374 79638663551749 2139032000000 3.524265 -1.072602 -3.524265
1384186740496 79638785835684 2139142000000 -3.983952 -2.758120 1.379060
1384186740582 79638872047842 2139252000000 -4.443638 -4.290410 9.959879
1384186740694 79638983528555 2139362000000 1.991976 10.572795 11.032481
1384186740805 79639094765128 2139472000000 -0.766145 6.588843 4.137181
1384186740916 79639205818594 2139582000000 1.225831 -1.225831 1.072602
1384186741027 79639317116202 2139692000000 0.766145 -0.459687 6.282385
1384186741139 79639428352774 2139802000000 2.604892 3.524265 24.363398
1384186741250 79639539864005 2139912000000 5.363012 4.290410 12.258313
1384186741361 79639650886954 2140022000000 7.814674 -1.379060 6.742072
1384186741472 79639762062491 2140132000000 5.363012 -2.604892 8.580819
1384186741584 79639873299063 2140242000000 -0.766145 -12.258313 9.193734
1384186741695 79639984505118 2140352000000 0.612916 -1.991976 9.500193
1384186741806 79640095772208 2140462000000 0.153229 -0.919373 10.419566
1384186741892 79640182075919 2140572000000 0.459687 -0.766145 9.959879
1384186742004 79640293434561 2140682000000 0.612916 -0.612916 9.959879
1384186742115 79640404488028 2140792000000 0.459687 -0.459687 9.653421
1384186742226 79640515755118 2140902000000 0.459687 -1.225831 9.653421
1384186742339 79640628364981 2141012000000 1.072602 -0.766145 10.113108
1384186742450 79640739632071 2141122000000 0.766145 -0.612916 10.113108
