1384186743713 79642002357901 2142392000000 1.072602 -1.379060 9.500193
1384186743838 79642127418936 2142502000000 1.072602 -1.532289 9.500193
1384186743950 79642239784659 2142612000000 0.306458 -0.919373 8.734048
1384186744061 79642350868643 2142722000000 -0.153229 -3.064578 21.298819
1384186744173 79642462318839 2142832000000 2.298434 -3.830723 21.145590
1384186744270 79642559456290 2142942000000 4.137181 -3.217807 1.072602
1384186744390 79642679481924 2143052000000 -5.669470 0.153229 -1.379060
1384186744503 79642792457999 2143162000000 -7.661446 -5.209783 9.040505
1384186744612 79642901924551 2143272000000 -3.677494 -7.508216 7.967903
1384186744723 79643013191641 2143382000000 1.225831 11.492168 10.726024
1384186744835 79643124458731 2143492000000 0.000000 4.903325 4.290410
1384186744929 79643218300284 2143602000000 0.153229 -1.225831 2.145205
1384186745040 79643329353751 2143712000000 -0.306458 -1.991976 8.274362
1384186745158 79643447975577 2143822000000 2.911349 2.451663 22.524651
1384186745264 79643553505362 2143932000000 5.669470 2.911349 12.411542
1384186745375 79643664619864 2144042000000 7.354988 -0.459687 6.435614
1384186745486 79643775795401 2144152000000 2.911349 -3.677494 7.201759
1384186745620 79643909523428 2144262000000 -0.153229 -10.572795 9.959879
1384186745707 79643997017325 2144372000000 0.459687 -2.145205 9.193734
1384186745819 79644108284415 2144482000000 0.459687 -1.532289 9.346964
1384186745931 79644220558585 2144592000000 0.919373 -1.225831 9.806650
1384186746041 79644330727042 2144702000000 1.072602 -1.379060 9.806650
1384186746152 79644441933096 2144812000000 1.072602 -0.766145 10.113108
1384186746263 79644553169669 2144922000000 0.000000 -0.919373 9.193734
1384186746375 79644664497794 2145032000000 0.766145 -0.459687 10.572795
