1384186796988 79695277931632 2195662000000 1.225831 -1.225831 9.346964
1384186797111 79695401009024 2195772000000 1.379060 -1.991976 9.346964
1384186797222 79695511696280 2195882000000 1.532289 -2.451663 11.951855
1384186797334 79695623451651 2195992000000 -0.306458 -1.072602 25.895685
1384186797420 79695709816397 2196102000000 4.596867 -1.838747 12.717999
1384186797531 79695821022452 2196212000000 -1.532289 -2.758120 -4.290410
1384186797642 79695931557120 2196322000000 -6.282385 -7.967903 5.363012
1384186797760 79696049843253 2196432000000 -3.830723 -4.443638 8.121132
1384186797872 79696161415518 2196542000000 0.000000 13.943830 10.266337
1384186797983 79696272530020 2196652000000 -0.919373 0.153229 1.379060
1384186798118 79696407753409 2196762000000 -0.766145 0.612916 1.991976
1384186798194 79696483894766 2196872000000 2.451663 -4.903325 14.250289
1384186798306 79696595222891 2196982000000 2.911349 -1.685518 21.298819
1384186798417 79696706367911 2197092000000 5.822699 0.766145 11.798626
1384186798528 79696817635001 2197202000000 5.975927 0.612916 7.508216
1384186798639 79696928993643 2197312000000 3.064578 -11.798626 11.185710
1384186798751 79697040413321 2197422000000 0.000000 -4.903325 9.653421
1384186798862 79697151436270 2197532000000 0.459687 -2.758120 9.500193
1384186798972 79697262093008 2197642000000 0.459687 -1.225831 9.806650
1384186799084 79697373909415 2197752000000 1.225831 -0.766145 9.959879
1384186799195 79697485176505 2197862000000 0.919373 -1.379060 10.113108
1384186799307 79697596382559 2197972000000 0.306458 -1.379060 10.266337
1384186799424 79697713936270 2198082000000 1.379060 -1.072602 10.266337
1384186799511 79697800239981 2198192000000 0.612916 -1.072602 9.500193
