1387456864588 659085282150021 572960000000 4.137181 -3.371036 9.653421
1387456864698 659085392287961 573070000000 2.758120 -8.734048 19.919758
1387456864801 659085495589963 573180000000 6.588843 -7.354988 15.476120
1387456864911 659085605300655 573290000000 3.677494 -2.298434 2.911349
1387456865067 659085761520138 573400000000 0.153229 -0.306458 -3.524265
1387456865144 659085838454953 573510000000 -1.838747 -4.290410 -1.838747
1387456865245 659085938979856 573620000000 1.685518 -5.056554 5.975927
1387456865367 659086061568968 573730000000 6.435614 -2.604892 16.395493
1387456865462 659086156356564 573840000000 7.201759 -1.532289 16.855181
1387456865579 659086273116817 573950000000 3.677494 -2.298434 10.879252
1387456865691 659086385574095 574060000000 2.758120 -2.604892 8.427590
1387456865801 659086495162717 574170000000 3.371036 -3.064578 9.040505
1387456865905 659086599014035 574280000000 3.677494 -3.830723 8.887277
1387456866007 659086701614134 574390000000 2.911349 -3.064578 9.346964
1387456866125 659086818923704 574500000000 3.524265 -3.217807 9.500193
1387456866245 659086938949338 574610000000 3.524265 -3.524265 8.734048
