1387456870912 659091606216183 579280000000 4.596867 -2.758120 11.492168
1387456871021 659091715438595 579390000000 4.137181 -3.983952 20.072987
1387456871126 659091820480100 579500000000 5.209783 -5.056554 14.097059
1387456871251 659091945327510 579610000000 1.685518 -1.838747 1.991976
1387456871386 659092080672971 579720000000 0.766145 0.000000 -1.072602
1387456871465 659092159133663 579830000000 -0.153229 -1.072602 0.000000
1387456871570 659092264022580 579940000000 3.064578 -2.145205 7.048530
1387456871671 659092365585079 580050000000 6.282385 -1.991976 17.468096
1387456871794 659092487899532 580160000000 5.516241 -3.064578 15.016433
1387456871889 659092583022824 580270000000 3.983952 -3.217807 10.113108
1387456872005 659092699203242 580380000000 3.983952 -3.677494 8.580819
1387456872115 659092809127559 580490000000 4.290410 -3.677494 8.887277
1387456872230 659092924178830 580600000000 3.830723 -3.217807 8.734048
1387456872334 659093028030146 580710000000 3.524265 -2.911349 8.734048
1387456872438 659093131881467 580820000000 4.443638 -2.145205 8.580819
1387456872578 659093272781125 580930000000 4.137181 -3.371036 8.121132
