1387456910070 659130764755003 618430000000 4.290410 -2.911349 8.580819
1387456910182 659130875869504 618540000000 3.524265 -1.532289 10.879252
1387456910286 659130980788937 618650000000 3.524265 -6.282385 16.242264
1387456910391 659131085433712 618760000000 4.443638 -7.661446 17.621325
1387456910491 659131185378778 618870000000 3.217807 -1.685518 5.669470
1387456910614 659131308334103 618980000000 -0.612916 0.919373 -0.306458
1387456910710 659131404037227 619090000000 -0.153229 -0.919373 -1.072602
1387456910825 659131519729366 619200000000 -0.153229 -3.830723 3.524265
1387456910939 659131632980099 619310000000 4.290410 -7.508216 13.943830
1387456911049 659131742965450 619420000000 5.822699 -4.596867 16.242264
1387456911154 659131847915401 619530000000 4.443638 -5.056554 10.572795
1387456911278 659131972549192 619640000000 3.830723 -4.750096 8.274362
1387456911375 659132069167843 619750000000 3.524265 -4.443638 8.121132
1387456911490 659132184158078 619860000000 3.524265 -5.209783 8.427590
1387456911598 659132292037716 619970000000 3.983952 -5.209783 8.121132
1387456911710 659132404159297 620080000000 2.911349 -4.290410 8.427590
