1384268010999 114884923001321 5060676000000 8.121132 -2.911349 5.363012
1384268011085 114885008572610 5060786000000 8.427590 -1.991976 5.516241
1384268011236 114885159146341 5060896000000 8.121132 -3.371036 5.209783
1384268011307 114885230038674 5061006000000 13.790602 -1.532289 26.508602
1384268011418 114885341488870 5061116000000 16.089035 -3.677494 10.113108
1384268011528 114885451443704 5061226000000 6.742072 -2.604892 -2.298434
1384268011644 114885567288430 5061336000000 -2.604892 -6.588843 0.000000
1384268011742 114885665677102 5061446000000 2.298434 -9.959879 9.806650
1384268011859 114885782193216 5061556000000 4.137181 4.903325 10.572795
1384268011984 114885907712014 5061666000000 1.379060 5.363012 9.193734
1384268012075 114885998684915 5061776000000 -0.306458 2.758120 9.959879
1384268012201 114886124997170 5061886000000 -0.153229 1.532289 10.419566
1384268012306 114886229519876 5061996000000 0.153229 0.766145 8.274362
1384268012409 114886332730325 5062106000000 -5.822699 5.209783 10.726024
1384268012516 114886439663919 5062216000000 -0.153229 0.153229 9.806650
