-0.4615385 -0.2307692 0.36
-0.4615385 -0.2307692 0.36
-0.4615385 -0.2307692 0.36
-0.4615385 -0.2307692 0.36
-0.4615385 -0.2307692 0.36
-0.4615385 -0.2307692 0.36
-0.4615385 -0.2307692 0.36
-0.4615385 -0.2307692 0.36
-0.4615385 -0.2307692 0.36
-0.4615385 -0.2307692 0.36
-0.4615385 -0.2307692 0.36
-0.4615385 -0.2307692 0.36
-0.4615385 -0.2307692 0.36
-0.5384616 -0.1923077 0.36
-0.5769231 -0.1538462 0.32
-0.5384616 -0.07692308 0.32
-0.5 -0.03846154 0.36
-0.5 0 0.4
-0.4230769 0 0.4
-0.3461539 0 0.44
-0.3846154 -0.03846154 0.48
-0.3846154 0 0.56
-0.3846154 0.07692308 0.64
-0.4230769 0.1153846 0.76
-0.3076923 0.1923077 0.72
-0.1923077 0.2692308 0.72
0 0.2692308 0.76
0 0.2307692 0.92
0.03846154 0.1923077 1.08
0.03846154 0.1923077 1.16
-0.03846154 0.1923077 1.28
-0.1153846 0.1923077 1.48
-0.07692308 0.1923077 1.6
0 0.2307692 1.68
0.07692308 0.3076923 1.72
0.1923077 0.3846154 1.72
0.3076923 0.4230769 1.72
0.3846154 0.4615385 1.72
0.4230769 0.5 1.72
0.4230769 0.5 1.64
0.4615385 0.5 1.6
0.4615385 0.5 1.6
0.5 0.5384616 1.6
0.5384616 0.5384616 1.56
0.5384616 0.5384616 1.52
0.4615385 0.4615385 1.44
0.4615385 0.4230769 1.36
0.4615385 0.3846154 1.28
0.4230769 0.3461539 1.24
0.3461539 0.3461539 1.2
0.3461539 0.3461539 1.16
0.3076923 0.3461539 1.12
0.3076923 0.3461539 1.12
0.2692308 0.3461539 1.08
0.2692308 0.3076923 1
0.2692308 0.3076923 0.96
0.2692308 0.3461539 0.88
0.3076923 0.3461539 0.76
0.3461539 0.3461539 0.68
0.4230769 0.3846154 0.6
0.4615385 0.4230769 0.56
0.5 0.4230769 0.48
0.5 0.4615385 0.4
0.5 0.4615385 0.36
0.5 0.5 0.32
0.4615385 0.5 0.36
0.4230769 0.5 0.4
0.4615385 0.5384616 0.44
0.5 0.5384616 0.44
0.5 0.5769231 0.44
0.5384616 0.5769231 0.4
0.5384616 0.5769231 0.44
0.5 0.6153846 0.48
0.3846154 0.6153846 0.52
0.2692308 0.6153846 0.6
0.1153846 0.6153846 0.68
-0.03846154 0.6153846 0.68
-0.1153846 0.6153846 0.72
-0.1538462 0.6153846 0.68
-0.2692308 0.6153846 0.76
-0.3846154 0.6153846 0.84
-0.4615385 0.6538461 0.92
-0.5769231 0.6923077 1
-0.7307692 0.6923077 1.12
-0.9230769 0.6538461 1.2
-1.076923 0.6153846 1.28
-1.153846 0.6153846 1.24
-1.192308 0.6538461 1.2
-1.153846 0.7307692 1.12
-1.076923 0.7692308 1.08
-1.115385 0.7692308 1.08
-1.115385 0.7692308 1.04
-1.038462 0.8076923 1.04
-1 0.8076923 1.04
-0.9230769 0.8461539 0.96
-0.8846154 0.8076923 0.96
-0.8846154 0.8076923 0.96
-0.9230769 0.7692308 0.96
-1 0.6923077 1
-1 0.6538461 1.08
-1.038462 0.6153846 1.16
-1 0.6153846 1.2
-0.9615384 0.6538461 1.24
-0.9230769 0.6538461 1.28
-0.8461539 0.6538461 1.28
-0.7692308 0.6923077 1.32
-0.7307692 0.6538461 1.28
-0.7307692 0.6538461 1.28
-0.6923077 0.6538461 1.2
-0.6538461 0.6538461 1.2
-0.6153846 0.6538461 1.24
-0.5769231 0.6538461 1.28
-0.5 0.6538461 1.28
-0.4615385 0.6538461 1.32
-0.4615385 0.6923077 1.36
