0.6153846 0.3846154 0.88
0.6153846 0.3846154 0.88
0.6153846 0.3846154 0.88
0.6153846 0.3846154 0.88
0.6153846 0.3846154 0.88
0.6153846 0.3846154 0.88
0.7307692 0.4230769 0.84
0.7307692 0.4230769 0.84
0.7307692 0.4230769 0.84
0.7307692 0.4230769 0.84
0.7307692 0.4230769 0.84
0.7307692 0.4230769 0.84
0.8461539 0.5 0.84
0.8846154 0.6153846 0.92
1.038462 0.6923077 0.92
1.115385 0.7692308 0.92
1.076923 0.7692308 0.96
1.038462 0.7692308 1.04
0.9615384 0.7307692 1.08
0.7692308 0.6538461 1.16
0.6153846 0.6153846 1.2
0.5 0.6153846 1.24
0.5 0.6538461 1.32
0.4230769 0.6153846 1.4
0.3846154 0.6153846 1.36
0.4230769 0.6538461 1.2
0.4230769 0.6153846 1.08
0.3461539 0.5 1.04
0.3076923 0.4615385 1
0.3076923 0.4230769 0.92
0.2692308 0.4230769 0.92
0.5 0.5384616 0.96
0.6538461 0.5769231 1
0.5384616 0.5384616 0.96
0.4230769 0.5384616 0.76
0.4230769 0.5 0.68
0.3461539 0.5384616 0.88
0.4615385 0.6538461 0.92
0.5384616 0.6923077 0.96
0.3846154 0.6923077 1.08
0.2307692 0.6923077 1.08
0.1153846 0.6538461 1.04
-0.1153846 0.5769231 1.04
-0.3076923 0.4615385 1.04
-0.3076923 0.4615385 1
-0.1923077 0.4615385 1
-0.1923077 0.4615385 1
-0.1923077 0.4615385 0.88
-0.3076923 0.4230769 0.8
-0.4230769 0.3076923 0.8
-0.5769231 0.2692308 0.8
-0.7307692 0.2307692 0.84
-0.8461539 0.1923077 0.92
-0.7692308 0.2307692 0.96
-0.6153846 0.3461539 0.96
-0.4230769 0.4230769 0.92
-0.4615385 0.4230769 0.92
-0.6153846 0.3846154 0.88
-0.8846154 0.3076923 0.84
-1.076923 0.2692308 0.8
-1.076923 0.2692308 0.84
-1 0.3076923 0.88
-0.9230769 0.3461539 0.92
-0.8461539 0.4230769 1
-0.6923077 0.4230769 1
-0.6923077 0.3461539 1
-0.8846154 0.3846154 1.08
-0.9615384 0.3461539 1.04
-0.9615384 0.3461539 1
-0.9615384 0.3076923 1.04
-0.9230769 0.3076923 1.04
-0.7692308 0.3846154 1
-0.6538461 0.3846154 1
-0.6153846 0.3846154 1
-1 0.3076923 1.2
-1.153846 0.1923077 1.2
-0.9230769 0.2307692 1.24
-0.6538461 0.1923077 1.36
-0.5 0.1923077 1.48
-0.5384616 0.1538462 1.48
-0.6153846 0.1538462 1.36
-0.5769231 0.2307692 1.24
-0.4615385 0.2692308 1.12
-0.3846154 0.2692308 0.96
