-0.5 0.5769231 1
-0.6153846 0.5769231 1.16
-0.6153846 0.5769231 1.16
-0.6153846 0.5769231 1.16
-0.6153846 0.5769231 1.16
-0.6153846 0.5769231 1.16
-0.6153846 0.5769231 1.16
-0.6153846 0.5769231 1.16
-0.6153846 0.5769231 1.16
-0.7692308 0.5384616 1.28
-0.7692308 0.5384616 1.28
-0.7692308 0.5384616 1.28
-0.9230769 0.4615385 1.36
-1 0.4615385 1.48
-1 0.4615385 1.56
-1.038462 0.4230769 1.68
-1.115385 0.3846154 1.84
-1.115385 0.3461539 1.96
-1.076923 0.3461539 2.04
-0.9615384 0.3846154 2.12
-0.8461539 0.4230769 2.16
-0.7307692 0.4615385 2.12
-0.6153846 0.5384616 2.12
-0.5 0.6153846 2.16
-0.3461539 0.7307692 2.24
-0.07692308 0.8846154 2.32
0.1923077 1.038462 2.36
0.5384616 1.192308 2.4
0.7307692 1.269231 2.44
0.8846154 1.269231 2.48
0.9230769 1.192308 2.52
0.9615384 1.115385 2.48
1 1.076923 2.48
1.076923 1.038462 2.44
1.153846 1.076923 2.4
1.307692 1.153846 2.28
1.423077 1.269231 2.12
1.538462 1.307692 1.96
1.615385 1.346154 1.72
1.692308 1.346154 1.48
1.692308 1.307692 1.2
1.653846 1.269231 0.92
1.576923 1.153846 0.64
1.538462 1.038462 0.48
1.423077 0.9615384 0.32
1.384615 0.8461539 0.16
1.384615 0.7307692 0.04
1.384615 0.6923077 -0.04
1.346154 0.6153846 -0.12
1.307692 0.5769231 -0.2
1.192308 0.5 -0.32
1.115385 0.4615385 -0.36
0.9615384 0.3846154 -0.32
0.7692308 0.3461539 -0.32
0.6538461 0.2692308 -0.32
0.5769231 0.2692308 -0.36
0.5769231 0.3076923 -0.4
0.5384616 0.3076923 -0.44
0.5384616 0.3076923 -0.48
0.5 0.3461539 -0.52
0.4230769 0.3461539 -0.6
0.3461539 0.3461539 -0.64
0.2692308 0.3461539 -0.68
0.1538462 0.3076923 -0.68
0 0.2692308 -0.68
-0.07692308 0.2692308 -0.64
-0.1153846 0.2307692 -0.6
-0.1153846 0.2692308 -0.6
-0.1538462 0.3076923 -0.6
-0.2307692 0.3076923 -0.6
-0.3076923 0.3076923 -0.56
-0.3461539 0.3076923 -0.56
-0.4230769 0.3461539 -0.48
-0.5 0.3461539 -0.44
-0.5384616 0.3461539 -0.36
-0.5384616 0.3846154 -0.28
-0.5769231 0.4230769 -0.2
-0.6153846 0.5 -0.04
-0.6538461 0.5384616 0.04
-0.7692308 0.5384616 0.16
-0.9230769 0.5 0.24
-1 0.5384616 0.28
-0.9615384 0.6153846 0.32
-0.8846154 0.7307692 0.36
-0.8461539 0.8076923 0.4
-0.8461539 0.9230769 0.52
-0.9615384 0.9230769 0.72
-1.076923 0.8846154 0.92
-1.307692 0.7692308 1.12
-1.5 0.6923077 1.2
-1.576923 0.6538461 1.08
-1.461538 0.6538461 0.96
-1.307692 0.7307692 1
-1.192308 0.7692308 1.28
-1.153846 0.7692308 1.68
-1.192308 0.7307692 2.04
-1.269231 0.6538461 2.24
-1.269231 0.6153846 2.36
-1.230769 0.5384616 2.4
-1.076923 0.6153846 2.52
-0.7692308 0.7692308 2.64
-0.4615385 0.9615384 2.88
-0.1538462 1.076923 2.96
0.1153846 1.153846 2.84
0.3461539 1.076923 2.6
0.4615385 1.038462 2.36
0.5384616 1 2.2
0.6538461 0.9615384 2.12
0.7692308 0.9230769 2.12
0.8461539 0.8846154 2.12
0.8076923 0.8076923 2.04
0.6923077 0.6538461 1.92
0.5769231 0.6153846 1.76
0.5 0.5384616 1.6
0.3846154 0.4615385 1.6
0.3461539 0.4230769 1.6
0.3846154 0.3846154 1.52
0.4230769 0.4230769 1.4
0.5 0.4615385 1.32
0.5384616 0.4615385 1.2
0.5 0.4230769 0.92
0.4615385 0.4230769 0.8
0.4230769 0.4230769 0.72
0.3846154 0.3846154 0.68
0.3846154 0.3846154 0.72
0.3846154 0.3846154 0.68
0.3846154 0.4230769 0.68
0.3846154 0.4230769 0.72
0.3461539 0.4230769 0.76
0.3461539 0.4230769 0.8
0.3461539 0.4230769 0.8
0.2692308 0.4615385 0.76
0.2307692 0.4230769 0.72
0.2307692 0.4230769 0.76
0.2307692 0.4615385 0.84
0.2307692 0.4230769 0.88
0.2692308 0.4615385 0.92
0.2307692 0.4230769 0.84
0.1923077 0.4230769 0.88
0.1153846 0.3846154 0.88
