-0.1153846 -0.3076923 -0.32
-0.1153846 -0.3076923 -0.32
-0.1153846 -0.3076923 -0.32
-0.1153846 -0.3076923 -0.32
-0.1153846 -0.3076923 -0.32
-0.1153846 -0.3076923 -0.32
-0.1153846 -0.3076923 -0.32
-0.1153846 -0.2692308 -0.36
-0.1153846 -0.2692308 -0.36
-0.07692308 -0.1923077 -0.44
-0.07692308 -0.1923077 -0.44
-0.07692308 -0.1923077 -0.44
-0.07692308 -0.1923077 -0.44
-0.07692308 -0.1923077 -0.44
-0.1153846 -0.1153846 -0.52
-0.07692308 -0.07692308 -0.6
-0.07692308 0 -0.64
-0.07692308 0.1153846 -0.64
-0.03846154 0.1923077 -0.64
0.03846154 0.2692308 -0.56
0.1153846 0.3846154 -0.52
0.1538462 0.5 -0.48
0.1923077 0.5769231 -0.48
0.2307692 0.6538461 -0.44
0.2307692 0.6538461 -0.36
0.1538462 0.6538461 -0.24
0.03846154 0.6153846 -0.12
-0.1538462 0.6153846 0.04
-0.1923077 0.5769231 0.16
-0.1923077 0.6153846 0.32
-0.1153846 0.7307692 0.52
-0.03846154 0.8461539 0.76
-0.07692308 0.8846154 1.08
-0.1923077 0.8461539 1.44
-0.4230769 0.8076923 1.8
-0.5769231 0.8076923 2.08
-0.6153846 0.8076923 2.32
-0.5769231 0.8461539 2.48
-0.5 0.9230769 2.68
-0.3461539 1 2.76
-0.1538462 1.076923 2.8
0 1.115385 2.76
0.03846154 1.076923 2.68
0 1.038462 2.52
-0.03846154 1 2.36
-0.1153846 0.9615384 2.24
-0.1153846 0.9615384 2.08
-0.1538462 0.8461539 2.12
-0.1538462 0.7692308 2.4
-0.1538462 0.7692308 2.8
-0.1153846 0.7692308 3.08
-0.07692308 0.7307692 3
-0.2307692 0.6923077 2.92
-0.3076923 0.6538461 2.8
-0.3846154 0.6538461 2.56
-0.3846154 0.6538461 2.32
-0.3461539 0.6923077 2.12
-0.3461539 0.6923077 1.96
-0.3076923 0.7307692 1.72
-0.2692308 0.7307692 1.44
-0.2692308 0.7692308 1.28
-0.2692308 0.7692308 1.16
