-0.5769231 0.2692308 1.2
-0.5769231 0.2692308 1.2
-0.5769231 0.2692308 1.2
-0.5769231 0.2692308 1.2
-0.5769231 0.2692308 1.2
-0.5769231 0.2692308 1.2
-0.5769231 0.2692308 1.2
-0.5384616 0.3076923 1.16
-0.5384616 0.3076923 1.16
-0.5384616 0.3076923 1.16
-0.5384616 0.3076923 1.16
-0.5384616 0.3076923 1.16
-0.5384616 0.3076923 1.16
-0.4615385 0.3846154 1.16
-0.4615385 0.4230769 1.2
-0.5 0.4230769 1.24
-0.4615385 0.4615385 1.28
-0.4230769 0.4615385 1.24
-0.4615385 0.4615385 1.28
-0.5384616 0.4615385 1.32
-0.5769231 0.4615385 1.36
-0.5384616 0.4615385 1.36
-0.5384616 0.4230769 1.36
-0.5384616 0.4230769 1.32
-0.5 0.3846154 1.28
-0.4615385 0.3461539 1.28
-0.5 0.2692308 1.24
-0.5384616 0.1923077 1.2
-0.5384616 0.1153846 1.16
-0.5769231 0.07692308 1.12
-0.5769231 0.03846154 1.12
-0.5769231 0.03846154 1.08
-0.5769231 0 1.04
-0.5384616 0 1.04
-0.5 0 1
-0.5 -0.03846154 1
-0.5 0 1
-0.4230769 0.07692308 0.92
-0.3076923 0.1153846 0.88
-0.2307692 0.1538462 0.88
-0.1153846 0.1923077 0.84
-0.07692308 0.1923077 0.84
-0.1538462 0.1538462 0.84
-0.2307692 0.1153846 0.88
-0.3076923 0.03846154 0.88
-0.3076923 0.03846154 0.84
-0.2692308 0.03846154 0.8
-0.1923077 0.07692308 0.76
-0.07692308 0.1538462 0.64
0.03846154 0.1923077 0.56
0.1153846 0.2692308 0.56
0.2307692 0.2692308 0.56
0.2692308 0.2692308 0.56
0.2307692 0.2307692 0.64
0.07692308 0.07692308 0.76
0 -0.03846154 0.84
-0.03846154 0 0.76
0.07692308 0.03846154 0.56
0.1923077 0.1538462 0.36
0.2692308 0.1923077 0.28
0.2692308 0.2692308 0.28
0.3076923 0.3076923 0.32
0.3461539 0.4230769 0.4
0.3846154 0.5384616 0.56
0.3461539 0.5769231 0.76
0.2307692 0.4615385 0.96
0.1923077 0.4230769 0.96
0.1923077 0.4615385 0.84
0.2307692 0.5384616 0.84
0.2307692 0.6538461 0.92
0.2307692 0.6923077 1.04
0.2307692 0.6923077 1.2
0.2692308 0.7307692 1.44
0.2692308 0.7307692 1.64
0.2307692 0.6923077 1.84
0.1538462 0.5769231 1.88
0 0.4615385 1.92
-0.1153846 0.3076923 1.88
-0.1923077 0.2692308 1.84
-0.1538462 0.2307692 1.8
-0.1153846 0.2307692 1.72
-0.07692308 0.2307692 1.6
-0.03846154 0.2307692 1.44
0 0.1923077 1.32
0.03846154 0.2307692 1.24
0.07692308 0.2307692 1.24
0.07692308 0.2307692 1.28
0.03846154 0.2307692 1.32
0 0.2307692 1.4
-0.07692308 0.2307692 1.48
-0.1153846 0.2692308 1.52
-0.1153846 0.3076923 1.48
-0.1153846 0.3461539 1.4
-0.07692308 0.3846154 1.28
