-0.2307692 0.3076923 1
-0.2307692 0.3076923 1
-0.2307692 0.3076923 1
-0.2307692 0.3076923 1
-0.2307692 0.3076923 1
-0.2307692 0.3076923 1
-0.2307692 0.3076923 1
-0.2307692 0.3461539 1.12
-0.2307692 0.3461539 1.12
-0.2307692 0.3461539 1.12
-0.2307692 0.3461539 1.12
-0.3076923 0.3846154 1.24
-0.3076923 0.3846154 1.24
-0.3846154 0.3846154 1.32
-0.4615385 0.4230769 1.36
-0.4615385 0.5 1.44
-0.3846154 0.5384616 1.52
-0.3076923 0.5769231 1.56
-0.3076923 0.5384616 1.6
-0.3846154 0.5 1.56
-0.5 0.4615385 1.52
-0.5769231 0.4230769 1.48
-0.6153846 0.3461539 1.44
-0.6538461 0.2692308 1.44
-0.6923077 0.2307692 1.44
-0.6538461 0.2307692 1.36
-0.6153846 0.1923077 1.32
-0.6153846 0.2307692 1.28
-0.5769231 0.1923077 1.24
-0.5769231 0.1923077 1.2
-0.6153846 0.1923077 1.16
-0.5769231 0.1923077 1.08
-0.5769231 0.2692308 1.04
-0.5 0.3076923 0.96
-0.4615385 0.3461539 0.92
-0.3846154 0.3461539 0.84
-0.3461539 0.3461539 0.76
-0.2692308 0.3461539 0.72
-0.2307692 0.3846154 0.68
-0.1923077 0.3846154 0.72
-0.2692308 0.3076923 0.8
-0.3076923 0.2307692 0.76
-0.3461539 0.1923077 0.76
-0.3076923 0.1923077 0.68
-0.2307692 0.2307692 0.56
-0.2307692 0.2692308 0.48
-0.1923077 0.2692308 0.48
-0.1153846 0.3076923 0.52
-0.07692308 0.3076923 0.56
-0.03846154 0.2692308 0.56
-0.2307692 0.1153846 0.56
-0.5384616 -0.2307692 0.56
-0.6538461 -0.2692308 0.4
-0.6153846 -0.1538462 0.12
-0.4230769 0.03846154 -0.08
-0.1923077 0.1923077 -0.12
0 0.3846154 0.04
0.1153846 0.5769231 0.24
0.1538462 0.6923077 0.44
0.1538462 0.8846154 0.6
0.1538462 1.076923 0.72
0.1153846 1.230769 0.96
0.07692308 1.423077 1.24
0.1153846 1.653846 1.56
0.1923077 1.846154 2.04
0.3846154 1.884615 2.56
0.5 1.730769 2.96
0.5384616 1.423077 3.04
0.5 1.038462 2.76
0.5 0.6923077 2.24
0.5769231 0.5 1.72
0.6153846 0.4615385 1.28
0.6153846 0.4230769 0.96
0.5 0.3461539 0.76
0.2692308 0.1923077 0.56
0.03846154 0.1538462 0.52
-0.1153846 0.07692308 0.6
-0.2307692 -0.03846154 0.8
-0.2692308 0 1.12
-0.2307692 0.07692308 1.48
-0.1538462 0.1153846 1.72
-0.1153846 0.1538462 1.88
-0.03846154 0.2307692 1.84
