0 -0.2307692 -0.08
0 -0.2307692 -0.08
0 -0.2307692 -0.08
0 -0.2307692 -0.08
0 -0.2307692 -0.08
0 -0.2307692 -0.08
0 -0.2307692 -0.08
0 -0.2307692 -0.08
0.07692308 -0.1538462 -0.08
0.07692308 -0.1538462 -0.08
0.1153846 -0.03846154 -0.12
0.1153846 -0.03846154 -0.12
0.1153846 -0.03846154 -0.12
0.1153846 0 -0.16
0.07692308 0.03846154 -0.2
0.07692308 0.07692308 -0.24
0 0.07692308 -0.24
-0.07692308 0.07692308 -0.28
-0.07692308 0.03846154 -0.28
0 0.07692308 -0.28
0.07692308 0.1153846 -0.28
0.07692308 0.1923077 -0.2
0.07692308 0.2307692 -0.12
0.03846154 0.2307692 -0.04
-0.1153846 0.2307692 0.12
-0.2307692 0.2307692 0.24
-0.1923077 0.3076923 0.28
-0.1153846 0.4230769 0.32
-0.07692308 0.5 0.4
0.03846154 0.6153846 0.56
0.1153846 0.7307692 0.76
0.1538462 0.7692308 0.96
0.07692308 0.8076923 1.24
-0.1923077 0.6923077 1.52
-0.5769231 0.5 1.88
-0.8076923 0.3461539 2.12
-0.7307692 0.3846154 2.2
-0.5384616 0.5 2.28
-0.4230769 0.6153846 2.4
-0.3846154 0.6153846 2.48
-0.3461539 0.6153846 2.44
-0.3076923 0.6538461 2.32
-0.2307692 0.6538461 2.2
-0.1923077 0.6923077 2.12
-0.1923077 0.6538461 2.08
-0.2307692 0.6538461 2.04
-0.2692308 0.6538461 2
-0.2692308 0.6153846 1.96
-0.2307692 0.6538461 1.92
-0.1923077 0.6538461 1.92
-0.1923077 0.6153846 1.88
-0.1923077 0.6153846 1.8
-0.2307692 0.5769231 1.8
-0.2692308 0.5 1.76
-0.3076923 0.4615385 1.72
-0.3076923 0.4615385 1.64
-0.3076923 0.4615385 1.56
-0.2307692 0.4615385 1.52
-0.2307692 0.4615385 1.48
-0.1538462 0.5 1.48
-0.1538462 0.5 1.48
-0.1538462 0.5384616 1.52
-0.1538462 0.5 1.52
-0.1923077 0.5 1.52
-0.1923077 0.5 1.48
-0.2307692 0.4615385 1.44
-0.2307692 0.5 1.44
-0.1923077 0.5 1.4
-0.1538462 0.5384616 1.44
-0.1153846 0.5769231 1.48
-0.07692308 0.5769231 1.56
-0.07692308 0.6153846 1.64
-0.07692308 0.6538461 1.68
-0.07692308 0.6538461 1.76
-0.07692308 0.6538461 1.84
-0.07692308 0.6153846 1.92
-0.07692308 0.5769231 1.92
-0.1153846 0.5769231 1.84
