1384355779929 146208331864255 1486754000000 -0.919373 2.298434 9.806650
1384355780040 146208443039792 1486864000000 -1.379060 2.298434 9.346964
1384355780153 146208555802243 1486974000000 -0.766145 2.298434 7.661446
1384355780252 146208654618161 1487084000000 -0.459687 2.911349 2.145205
1384355780364 146208767258542 1487194000000 3.830723 0.459687 0.000000
1384355780478 146208881028073 1487304000000 13.484144 -5.516241 8.427590
1384355780595 146208998398679 1487414000000 18.234240 -7.967903 12.871228
1384355780683 146209085892575 1487524000000 12.871228 -2.758120 18.693928
1384355780799 146209202347653 1487634000000 14.556746 -3.064578 12.871228
1384355780914 146209316666501 1487744000000 14.863204 -2.604892 8.580819
1384355781027 146209429978269 1487854000000 10.266337 -5.975927 4.290410
1384355781138 146209541031735 1487964000000 3.983952 -3.371036 2.145205
1384355781250 146209653366940 1488074000000 -1.225831 -0.153229 3.064578
1384355781361 146209764481442 1488184000000 -2.758120 -0.306458 5.822699
1384355781482 146209885117429 1488294000000 -3.217807 0.000000 8.274362
1384355781569 146209972367185 1488404000000 -2.604892 -0.919373 9.959879
1384355781681 146210084488766 1488514000000 -3.064578 0.306458 9.653421
1384355781784 146210186997311 1488624000000 -3.677494 -0.306458 9.040505
1384355781895 146210298325437 1488734000000 -2.604892 -0.153229 9.653421
1384355782018 146210420761960 1488844000000 -2.298434 -0.459687 9.500193
