1384355856452 146284854843991 1563284000000 -1.379060 0.612916 9.806650
1384355856575 146284978165524 1563394000000 -0.919373 0.612916 10.419566
1384355856685 146285088486569 1563504000000 -1.225831 1.072602 11.951855
1384355856797 146285199936765 1563614000000 -3.371036 0.306458 7.661446
1384355856894 146285297165769 1563724000000 -3.217807 0.306458 0.766145
1384355857005 146285408188718 1563834000000 1.072602 -2.911349 -1.072602
1384355857118 146285521073239 1563944000000 9.959879 -8.580819 2.298434
1384355857229 146285632309811 1564054000000 18.234240 -9.653421 9.653421
1384355857340 146285743088620 1564164000000 15.322891 -5.669470 10.419566
1384355857453 146285855912106 1564274000000 14.403518 -5.209783 13.177687
1384355857543 146285946579831 1564384000000 13.330915 -8.580819 7.967903
1384355857655 146286058518308 1564494000000 14.709975 -5.516241 5.822699
1384355857767 146286169754880 1564604000000 7.354988 0.766145 6.895301
1384355857878 146286281174557 1564714000000 3.371036 0.612916 3.064578
1384355857990 146286392807858 1564824000000 1.379060 3.524265 5.209783
1384355858103 146286506546872 1564934000000 -0.766145 4.290410 4.596867
1384355858214 146286617020505 1565044000000 -1.225831 3.983952 8.121132
1384355858318 146286721360104 1565154000000 -1.532289 3.983952 8.887277
1384355858429 146286832169431 1565264000000 -0.919373 3.677494 14.709975
1384355858540 146286942734616 1565374000000 -1.379060 4.443638 9.806650
1384355858652 146287054917233 1565484000000 -1.685518 3.524265 9.346964
