1384355915142 146343545548337 1621974000000 -2.145205 -0.919373 10.113108
1384355915254 146343656906980 1622084000000 -2.145205 -0.153229 9.500193
1384355915371 146343773819821 1622194000000 -2.758120 -1.379060 8.580819
1384355915484 146343887497800 1622304000000 -3.064578 -2.758120 5.363012
1384355915598 146344000779050 1622414000000 -1.685518 -1.072602 1.532289
1384355915710 146344112748044 1622524000000 4.137181 -1.072602 1.072602
1384355915797 146344200211423 1622634000000 15.016433 -7.201759 5.056554
1384355915908 146344311478513 1622744000000 19.306843 -12.564771 9.653421
1384355916021 146344424301999 1622854000000 12.717999 -7.201759 14.250289
1384355916145 146344547989743 1622964000000 13.484144 -6.895301 8.121132
1384355916254 146344656754392 1623074000000 14.709975 -4.596867 6.588843
1384355916356 146344759446042 1623184000000 10.879252 -1.991976 6.742072
1384355916466 146344869004147 1623294000000 5.056554 0.306458 0.766145
1384355916583 146344986283200 1623404000000 -1.532289 3.524265 7.508216
1384355916672 146345074906247 1623514000000 -1.685518 2.911349 4.903325
1384355916785 146345188279050 1623624000000 -1.991976 4.290410 7.354988
1384355916897 146345300187009 1623734000000 -2.298434 3.524265 9.806650
1384355917008 146345411484616 1623844000000 -1.532289 1.838747 10.113108
1384355917120 146345522751706 1623954000000 -1.225831 1.991976 10.266337
1384355917250 146345652726071 1624064000000 -2.758120 1.379060 8.887277
1384355917351 146345754410642 1624174000000 -1.379060 1.379060 10.113108
