1384355923564 146351967118161 1630394000000 -1.532289 0.459687 9.806650
1384355923681 146352083664792 1630504000000 -1.532289 0.766145 9.959879
1384355923792 146352194840329 1630614000000 -2.604892 -0.306458 9.346964
1384355923904 146352307541745 1630724000000 -2.451663 -0.306458 6.282385
1384355924014 146352417405026 1630834000000 -2.604892 0.000000 3.371036
1384355924126 146352529587643 1630944000000 1.532289 -2.145205 1.379060
1384355924212 146352614884274 1631054000000 11.338940 -4.596867 1.072602
1384355924324 146352726853269 1631164000000 20.992361 -2.145205 9.959879
1384355924459 146352862320798 1631274000000 15.629349 0.919373 11.645397
1384355924546 146352949234860 1631384000000 15.782578 0.612916 12.105083
1384355924658 146353060624020 1631494000000 19.306843 -3.217807 7.048530
1384355924775 146353177933591 1631604000000 14.863204 -2.298434 4.596867
1384355924908 146353311234372 1631714000000 9.193734 0.000000 5.056554
1384355924995 146353397904294 1631824000000 1.838747 0.306458 0.459687
1384355925106 146353508622067 1631934000000 -1.072602 3.064578 3.524265
1384355925217 146353619889157 1632044000000 -1.225831 1.991976 7.354988
1384355925330 146353733322995 1632154000000 -1.072602 4.750096 9.806650
1384355925441 146353844376462 1632264000000 -2.451663 5.056554 7.967903
1384355925552 146353955490964 1632374000000 -1.225831 4.443638 8.427590
1384355925664 146354066727536 1632484000000 -0.612916 3.983952 9.500193
1384355925754 146354156998532 1632594000000 0.153229 3.371036 8.887277
