1384356602523 147030926010983 2309354000000 4.903325 -0.306458 7.814674
1384356602636 147031039261716 2309464000000 5.516241 -0.766145 8.274362
1384356602749 147031152420895 2309574000000 5.056554 2.298434 11.338940
1384356602850 147031253434079 2309684000000 4.750096 -3.983952 10.726024
1384356602950 147031353012937 2309794000000 3.064578 -6.435614 9.346964
1384356603057 147031459854977 2309904000000 4.596867 -5.363012 7.967903
1384356603176 147031578751462 2310014000000 5.516241 -3.983952 3.217807
1384356603286 147031688980954 2310124000000 9.346964 -3.064578 8.427590
1384356603399 147031802445309 2310234000000 12.411542 1.838747 14.403518
1384356603509 147031912094968 2310344000000 10.419566 5.975927 15.016433
1384356603610 147032013291257 2310454000000 5.822699 3.830723 8.580819
1384356603724 147032126725095 2310564000000 3.830723 0.459687 6.435614
1384356603834 147032237046140 2310674000000 2.145205 -1.379060 5.669470
1384356603945 147032348130124 2310784000000 0.919373 -3.524265 7.508216
1384356604057 147032459946530 2310894000000 0.766145 -6.129157 12.717999
1384356604168 147032571244138 2311004000000 1.838747 -7.967903 13.330915
1384356604280 147032682846921 2311114000000 1.379060 -9.193734 13.024457
1384356604392 147032794846432 2311224000000 -1.072602 -7.354988 8.427590
1384356604502 147032905350583 2311334000000 -2.451663 -2.911349 7.967903
1384356604614 147033017228024 2311444000000 -1.379060 0.153229 9.346964
1384356604725 147033127732175 2311554000000 -0.919373 3.217807 7.508216
1384356604842 147033245011228 2311664000000 -0.612916 8.427590 8.887277
1384356604940 147033343308346 2311774000000 -0.919373 9.193734 1.225831
1384356605051 147033453659909 2311884000000 -3.983952 10.266337 0.919373
1384356605151 147033553910153 2311994000000 -3.983952 8.274362 3.217807
1384356605263 147033666245358 2312104000000 -3.983952 7.508216 4.290410
1384356605375 147033778366940 2312214000000 -4.903325 7.354988 4.137181
1384356605486 147033889267819 2312324000000 -3.830723 6.742072 4.903325
1384356605598 147034001145261 2312434000000 -3.830723 7.354988 4.443638
1384356605722 147034125473874 2312544000000 -3.217807 7.201759 5.516241
