1384356608044 147036447434323 2314874000000 6.282385 -1.379060 8.427590
1384356608155 147036557999509 2314984000000 5.975927 -1.225831 8.274362
1384356608267 147036670334714 2315094000000 5.056554 -3.677494 7.048530
1384356608379 147036782517331 2315204000000 5.363012 -4.750096 8.121132
1384356608477 147036880020993 2315314000000 8.427590 -4.596867 9.806650
1384356608588 147036991410153 2315424000000 11.185710 -3.524265 7.967903
1384356608730 147037132950681 2315534000000 13.790602 0.919373 11.032481
1384356608817 147037219925778 2315644000000 10.726024 2.451663 10.113108
1384356608913 147037316300290 2315754000000 6.129157 1.379060 7.201759
1384356609026 147037428666013 2315864000000 3.677494 0.306458 5.975927
1384356609136 147037539597409 2315974000000 1.991976 -1.991976 5.822699
1384356609249 147037652268308 2316084000000 2.911349 -5.669470 8.274362
1384356609361 147037763810056 2316194000000 3.830723 -7.508216 13.177687
1384356609471 147037874436276 2316304000000 4.750096 -9.040505 15.322891
1384356609583 147037986405271 2316414000000 2.911349 -7.201759 13.177687
1384356609676 147038079483884 2316524000000 0.919373 -5.209783 8.580819
1384356609789 147038191697018 2316634000000 -3.217807 -1.532289 5.669470
1384356609901 147038304276364 2316744000000 -2.298434 -0.612916 6.129157
1384356610011 147038414383786 2316854000000 -1.072602 4.596867 10.879252
1384356610154 147038557022946 2316964000000 0.459687 6.895301 7.814674
1384356610245 147038647690671 2317074000000 -0.306458 7.967903 4.443638
1384356610356 147038759079831 2317184000000 -1.225831 9.500193 4.290410
1384356610455 147038858048337 2317294000000 -1.379060 9.500193 4.137181
1384356610556 147038959397214 2317404000000 -3.064578 7.661446 4.137181
1384356610668 147039071457761 2317514000000 -2.911349 7.354988 5.209783
1384356610794 147039196854489 2317624000000 -3.064578 6.435614 5.669470
1384356610892 147039295548337 2317734000000 -3.830723 5.363012 6.129157
1384356611022 147039424973386 2317844000000 -2.604892 7.508216 5.363012
1384356611124 147039527451413 2317954000000 -4.290410 6.742072 6.435614
