1384267447332 114321255276711 4496986000000 7.661446 -2.911349 6.129157
1384267447462 114321385342630 4497096000000 7.508216 -2.758120 5.975927
1384267447572 114321495266946 4497206000000 8.427590 -0.306458 5.822699
1384267447673 114321596402200 4497316000000 14.403518 9.346964 13.484144
1384267447774 114321697873147 4497426000000 18.847157 -5.056554 17.927782
1384267447899 114321822537454 4497536000000 13.943830 -19.000385 6.742072
1384267448001 114321924069436 4497646000000 5.209783 -9.040505 -3.524265
1384267448111 114322034420999 4497756000000 2.911349 -1.685518 -4.137181
1384267448238 114322161618264 4497866000000 8.580819 3.677494 1.685518
1384267448341 114322264279397 4497976000000 7.814674 4.443638 7.048530
1384267448436 114322359066995 4498086000000 12.411542 -1.685518 16.855181
1384267448563 114322486630471 4498196000000 9.653421 -6.435614 11.185710
1384267448666 114322589108499 4498306000000 9.653421 -3.830723 12.105083
1384267448776 114322699124368 4498416000000 8.887277 -3.677494 5.822699
1384267448881 114322804135354 4498526000000 7.967903 -2.911349 4.596867
1384267449008 114322931149514 4498636000000 7.661446 -3.371036 5.975927
1384267449104 114323027829202 4498746000000 6.742072 -3.064578 7.048530
1384267449216 114323139920266 4498856000000 7.814674 -2.911349 4.903325
