1384267462400 114336323910745 4512056000000 8.121132 -2.758120 5.669470
1384267462523 114336446530374 4512166000000 7.661446 -2.758120 5.209783
1384267462633 114336556088479 4512276000000 8.734048 0.919373 5.209783
1384267462744 114336667538674 4512386000000 16.242264 9.653421 14.403518
1384267462856 114336779110940 4512496000000 20.685904 -7.048530 16.855181
1384267462965 114336889004739 4512606000000 14.709975 -18.847157 4.443638
1384267463081 114337004391702 4512716000000 5.209783 -7.354988 -5.975927
1384267463172 114337095761331 4512826000000 2.911349 -0.153229 -5.975927
1384267463294 114337217251809 4512936000000 6.129157 1.685518 -1.685518
1384267463396 114337319638284 4513046000000 13.330915 -1.685518 9.653421
1384267463522 114337445950540 4513156000000 15.629349 0.153229 17.927782
1384267463623 114337546780618 4513266000000 8.887277 -5.822699 11.492168
1384267463724 114337647336038 4513376000000 8.580819 -5.056554 9.653421
1384267463843 114337766110452 4513486000000 8.121132 -3.524265 5.516241
1384267463946 114337869748147 4513596000000 7.814674 -3.064578 5.516241
1384267464051 114337974209817 4513706000000 8.427590 -3.217807 6.129157
1384267464180 114338103756936 4513816000000 8.427590 -3.371036 5.056554
