1384351125238 142199416581061 928807000000 3.064578 -1.532289 9.346964
1384351125344 142199522690681 928917000000 3.064578 -1.532289 9.346964
1384351125457 142199635666755 929027000000 1.991976 -1.532289 10.266337
1384351125570 142199748185065 929137000000 6.742072 1.379060 26.968288
1384351125682 142199860245612 929247000000 7.354988 -7.048530 6.588843
1384351125779 142199956955817 929357000000 1.532289 -0.153229 -2.451663
1384351125903 142200080948737 929467000000 2.911349 3.217807 8.121132
1384351125989 142200167618659 929577000000 2.298434 6.588843 12.717999
1384351126102 142200279953864 929687000000 -6.282385 -9.346964 7.661446
1384351126213 142200390763190 929797000000 -2.758120 -5.822699 10.266337
1384351126352 142200530045417 929907000000 -2.145205 -0.612916 10.113108
1384351126451 142200628769782 930017000000 -1.225831 -0.459687 10.113108
1384351126562 142200740494636 930127000000 -0.766145 0.153229 10.266337
1384351126670 142200848130134 930237000000 -7.967903 23.597252 -38.000771
1384351126779 142200957657722 930347000000 -0.306458 0.000000 10.266337
1384351126881 142201058701423 930457000000 -1.685518 0.153229 10.266337
1384351126985 142201163102058 930567000000 -0.612916 0.153229 9.806650
1384351127090 142201268204597 930677000000 -0.612916 0.306458 10.113108
1384351127204 142201382401374 930787000000 -0.459687 0.153229 9.806650
1384351127324 142201502213386 930897000000 -0.459687 0.306458 9.959879
1384351127421 142201599533942 931007000000 -4.443638 -0.919373 4.443638
1384351127545 142201723160651 931117000000 0.459687 5.056554 10.113108
