1384351151558 142225736161140 955127000000 3.524265 -2.145205 9.193734
1384351151669 142225847397712 955237000000 3.371036 -1.991976 9.346964
1384351151778 142225956528571 955347000000 2.451663 0.306458 12.105083
1384351151891 142226069107917 955457000000 8.121132 0.459687 24.516626
1384351152002 142226179825690 955567000000 6.742072 -9.040505 3.217807
1384351152112 142226290299323 955677000000 1.532289 0.153229 -2.758120
1384351152212 142226390366462 955787000000 4.903325 2.758120 9.653421
1384351152324 142226501816657 955897000000 3.677494 2.604892 11.032481
1384351152422 142226600113776 956007000000 -4.750096 -11.492168 3.983952
1384351152534 142226712113288 956117000000 -4.290410 -5.516241 10.419566
1384351152645 142226823288825 956227000000 -2.911349 -0.919373 9.346964
1384351152756 142226934647468 956337000000 -1.685518 -0.459687 10.113108
1384351152880 142227058335212 956447000000 -0.919373 -0.153229 10.113108
1384351152976 142227154557136 956557000000 -5.363012 5.975927 -11.798626
1384351153087 142227265274909 956667000000 -3.524265 1.991976 11.338940
1384351153210 142227388047126 956777000000 -0.459687 0.612916 9.959879
