0.9230769 0.3076923 0.8
0.9230769 0.3076923 0.8
0.9230769 0.3076923 0.8
0.9230769 0.3076923 0.8
0.9230769 0.3076923 0.8
0.9230769 0.3076923 0.8
0.9615384 0.3461539 0.8
0.9615384 0.3461539 0.8
0.9615384 0.3461539 0.8
1 0.3846154 0.8
1 0.3846154 0.8
1 0.3846154 0.8
1 0.4230769 0.8
1 0.4230769 0.8
0.9615384 0.4230769 0.76
0.9230769 0.4230769 0.76
0.8461539 0.4230769 0.76
0.8076923 0.3846154 0.76
0.7307692 0.3846154 0.76
0.6538461 0.3461539 0.76
0.6153846 0.3461539 0.76
0.5384616 0.3076923 0.8
0.4615385 0.2692308 0.84
0.3846154 0.2307692 0.84
0.3076923 0.2307692 0.84
0.2692308 0.1923077 0.8
0.2692308 0.1923077 0.84
0.2307692 0.1538462 0.88
0.1538462 0.1538462 0.92
0.07692308 0.1153846 0.92
0.03846154 0.03846154 0.92
0.03846154 0 0.92
-0.07692308 0 0.96
-0.1538462 -0.07692308 0.96
-0.1923077 -0.1153846 0.96
-0.1923077 -0.1538462 0.92
-0.1538462 -0.1153846 0.88
-0.1538462 -0.07692308 0.92
-0.1538462 -0.03846154 0.96
-0.1538462 0 0.96
-0.2307692 0 1
-0.2692308 0 1.04
-0.3461539 -0.07692308 1.04
-0.4230769 -0.07692308 1.08
-0.4615385 -0.1538462 1.12
-0.4615385 -0.1923077 1.12
-0.4230769 -0.1923077 1.08
-0.3461539 -0.1923077 1.04
-0.3076923 -0.1538462 1
-0.1923077 -0.07692308 1
-0.1538462 -0.03846154 1
-0.1538462 0 1.04
-0.1923077 0 1.08
-0.2692308 -0.03846154 1.16
-0.4230769 -0.1153846 1.28
-0.6153846 -0.2307692 1.32
-0.7307692 -0.3076923 1.36
-0.7692308 -0.3461539 1.36
-0.7307692 -0.3461539 1.32
-0.7307692 -0.3076923 1.32
-0.6538461 -0.3076923 1.32
-0.6538461 -0.2692308 1.28
-0.6153846 -0.2307692 1.28
-0.5769231 -0.2307692 1.24
-0.5769231 -0.2307692 1.24
-0.6153846 -0.2307692 1.2
