0.8461539 0.3076923 0.68
0.8461539 0.3076923 0.68
0.8461539 0.3076923 0.68
0.8461539 0.3076923 0.68
0.8461539 0.3076923 0.68
0.8461539 0.3076923 0.68
0.8461539 0.3076923 0.68
0.8461539 0.3076923 0.68
0.8461539 0.3076923 0.68
0.8461539 0.3076923 0.68
0.8461539 0.3076923 0.68
0.8461539 0.3076923 0.68
0.8461539 0.3076923 0.68
0.8076923 0.2692308 0.68
0.7692308 0.2692308 0.68
0.7307692 0.2692308 0.68
0.6538461 0.2692308 0.72
0.6538461 0.2692308 0.72
0.5769231 0.2692308 0.76
0.5384616 0.2692308 0.8
0.4615385 0.2307692 0.8
0.4230769 0.2307692 0.84
0.3846154 0.2307692 0.88
0.3846154 0.2307692 0.88
0.3461539 0.2307692 0.92
0.2692308 0.2307692 0.96
0.1923077 0.1923077 1
0.1538462 0.2307692 1.04
0.07692308 0.1923077 1.12
0 0.1538462 1.12
-0.1153846 0.07692308 1.2
-0.2307692 -0.03846154 1.24
-0.3461539 -0.1923077 1.28
-0.4230769 -0.3076923 1.28
-0.4230769 -0.3461539 1.28
-0.3846154 -0.3461539 1.24
-0.2692308 -0.3076923 1.2
-0.1538462 -0.2307692 1.2
-0.07692308 -0.1538462 1.16
0 -0.07692308 1.2
-0.03846154 -0.07692308 1.24
-0.1153846 -0.07692308 1.28
-0.1538462 -0.1153846 1.24
-0.1923077 -0.1538462 1.2
-0.2692308 -0.1923077 1.2
-0.3461539 -0.2307692 1.24
-0.3846154 -0.3076923 1.24
-0.4615385 -0.3461539 1.2
-0.5 -0.3846154 1.24
-0.5384616 -0.4230769 1.24
