0.03846154 0.9230769 1.84
0.03846154 0.9230769 1.84
0.03846154 0.9230769 1.84
0.03846154 0.9230769 1.84
0.03846154 0.9230769 1.84
0.03846154 0.9230769 1.84
0.03846154 0.9230769 1.84
0.03846154 0.9230769 1.84
0.03846154 0.9230769 1.84
0.03846154 0.9230769 1.84
0.03846154 0.8846154 1.8
0.03846154 0.8846154 1.8
0.03846154 0.8846154 1.8
0 0.8461539 1.72
-0.03846154 0.8076923 1.68
-0.07692308 0.7692308 1.6
-0.07692308 0.7692308 1.56
-0.03846154 0.7307692 1.52
-0.03846154 0.6923077 1.44
-0.03846154 0.6538461 1.4
-0.03846154 0.6153846 1.28
-0.03846154 0.5769231 1.2
-0.03846154 0.5384616 1.08
-0.07692308 0.4615385 1
-0.07692308 0.4230769 0.88
-0.07692308 0.3461539 0.8
-0.1153846 0.2692308 0.68
-0.1538462 0.1923077 0.64
-0.1538462 0.1153846 0.6
-0.1538462 0.07692308 0.56
-0.1153846 0.07692308 0.48
-0.07692308 0.03846154 0.4
-0.03846154 0 0.32
-0.1153846 -0.07692308 0.24
-0.1538462 -0.1538462 0.12
-0.1538462 -0.2307692 -0.04
-0.1538462 -0.2692308 -0.16
-0.07692308 -0.3076923 -0.28
-0.03846154 -0.3461539 -0.4
0.03846154 -0.3461539 -0.36
0.1153846 -0.3461539 -0.28
0.1153846 -0.3461539 -0.2
0.07692308 -0.3846154 -0.2
0.03846154 -0.4230769 -0.2
-0.03846154 -0.5 -0.24
-0.1153846 -0.5384616 -0.32
-0.1538462 -0.5769231 -0.36
-0.1538462 -0.6153846 -0.52
-0.1153846 -0.6538461 -0.68
-0.07692308 -0.6923077 -0.88
-0.07692308 -0.6923077 -0.92
-0.07692308 -0.6538461 -0.8
-0.07692308 -0.6538461 -0.68
-0.07692308 -0.6153846 -0.6
-0.03846154 -0.5769231 -0.56
-0.03846154 -0.5769231 -0.52
