-0.9230769 -0.5384616 1.08
-0.9230769 -0.5384616 1.08
-0.9230769 -0.5384616 1.08
-0.9230769 -0.5384616 1.08
-0.9230769 -0.5384616 1.08
-0.9230769 -0.5384616 1.08
-0.9230769 -0.5384616 1.08
-0.9230769 -0.5384616 1.08
-0.9230769 -0.5384616 1.08
-0.9230769 -0.5384616 1.08
-0.9230769 -0.5384616 1.08
-0.9230769 -0.5384616 1.08
-1.038462 -0.5769231 1.08
-1.038462 -0.5384616 1.04
-0.9615384 -0.4230769 1
-0.8461539 -0.3461539 0.96
-0.7307692 -0.2692308 0.96
-0.6153846 -0.1923077 0.96
-0.5384616 -0.1923077 0.92
-0.4615385 -0.1923077 0.92
-0.4615385 -0.2307692 0.92
-0.4230769 -0.3076923 0.96
-0.4615385 -0.3461539 0.96
-0.4615385 -0.3461539 0.96
-0.4615385 -0.3461539 0.96
-0.3846154 -0.2692308 0.96
-0.3076923 -0.1538462 1
-0.1538462 -0.07692308 1
-0.07692308 0 1
0.03846154 0.03846154 1.08
0.07692308 0.03846154 1.08
0.1153846 0.07692308 1.08
0.1923077 0.1153846 1
0.3076923 0.07692308 0.88
0.3846154 0.07692308 0.84
0.4615385 0.1153846 0.88
0.5384616 0.1153846 0.92
0.6153846 0.1538462 0.96
0.6538461 0.1153846 0.96
0.6923077 0.1153846 0.96
0.6923077 0.07692308 0.96
0.7307692 0.03846154 0.92
0.7692308 0.03846154 0.88
0.7692308 0 0.84
0.8461539 -0.03846154 0.84
0.8461539 -0.03846154 0.84
0.7692308 -0.1153846 0.8
0.6923077 -0.1923077 0.8
0.6153846 -0.2307692 0.8
0.5769231 -0.2307692 0.8
0.5384616 -0.2692308 0.8
0.5384616 -0.2692308 0.8
0.5 -0.2692308 0.8
0.5384616 -0.2692308 0.76
0.5769231 -0.2692308 0.76
0.6153846 -0.2307692 0.76
0.6923077 -0.1923077 0.8
