-0.5769231 -0.4615385 -0.04
-0.5769231 -0.4615385 -0.04
-0.5769231 -0.4615385 -0.04
-0.5769231 -0.4615385 -0.04
-0.5769231 -0.4615385 -0.04
-0.5769231 -0.4615385 -0.04
-0.5769231 -0.4615385 -0.04
-0.5769231 -0.4615385 -0.04
-0.5769231 -0.4615385 -0.04
-0.5769231 -0.4615385 -0.04
-0.5769231 -0.4615385 -0.04
-0.5769231 -0.4615385 0
-0.5384616 -0.4230769 0.04
-0.5769231 -0.4230769 0.08
-0.5769231 -0.4230769 0.08
-0.5769231 -0.4230769 0.12
-0.5769231 -0.4230769 0.12
-0.5769231 -0.4230769 0.12
-0.5769231 -0.4230769 0.16
-0.6153846 -0.4230769 0.24
-0.6153846 -0.4615385 0.28
-0.6538461 -0.4615385 0.28
-0.6538461 -0.4615385 0.36
-0.6923077 -0.4615385 0.44
-0.6923077 -0.5 0.56
-0.6923077 -0.5 0.6
-0.6538461 -0.5384616 0.68
-0.6538461 -0.5384616 0.72
-0.6538461 -0.5384616 0.8
-0.6538461 -0.5384616 0.84
-0.6538461 -0.5384616 0.84
-0.6538461 -0.5384616 0.84
-0.6538461 -0.5384616 0.84
-0.6153846 -0.5 0.88
-0.6153846 -0.5 0.92
-0.5769231 -0.5 0.92
-0.5384616 -0.4615385 0.92
-0.5 -0.4230769 0.92
-0.4230769 -0.4230769 0.92
-0.3461539 -0.3846154 0.84
-0.3076923 -0.3846154 0.8
-0.2307692 -0.3461539 0.72
-0.1538462 -0.3076923 0.68
-0.07692308 -0.2692308 0.64
0 -0.1923077 0.68
-0.03846154 -0.1538462 0.72
-0.07692308 -0.1538462 0.8
-0.2307692 -0.1923077 0.96
-0.4230769 -0.2307692 1.08
-0.5 -0.2692308 1.16
-0.5 -0.3076923 1.2
-0.4230769 -0.2692308 1.24
-0.3076923 -0.1923077 1.32
-0.1923077 -0.1153846 1.36
-0.07692308 0 1.36
0.03846154 0.07692308 1.36
0.07692308 0.1923077 1.32
0.1538462 0.3076923 1.24
0.1538462 0.4230769 1.16
0 0.5 1.08
-0.1923077 0.5384616 0.96
-0.4615385 0.5 0.88
-0.7307692 0.4615385 0.84
-0.9230769 0.4230769 0.8
-1.038462 0.4230769 0.8
-1.076923 0.5 0.76
-1.115385 0.5769231 0.76
-1.115385 0.5769231 0.72
-1.192308 0.5769231 0.64
-1.307692 0.5769231 0.56
-1.423077 0.5769231 0.56
-1.5 0.5384616 0.52
-1.538462 0.5 0.44
-1.5 0.5 0.32
-1.461538 0.4230769 0.36
-1.423077 0.4230769 0.48
-1.769231 0.3846154 0.28
-2.384615 0.2692308 -0.08
-2.307692 0.3076923 0.08
-1.307692 0.5384616 0.68
-1.153846 0.5 0.8
