1384355180505 145608907853024 887244000000 7.661446 -2.451663 6.588843
1384355180616 145609018937009 887354000000 7.354988 -2.145205 6.435614
1384355180712 145609115616696 887464000000 8.887277 0.000000 11.032481
1384355180835 145609237931149 887574000000 12.258313 -1.685518 16.701952
1384355180935 145609338456052 887684000000 11.185710 -4.137181 13.177687
1384355181049 145609451676266 887794000000 8.121132 -2.604892 6.129157
1384355181159 145609562241452 887904000000 -0.153229 -0.153229 -0.459687
1384355181270 145609673569577 888014000000 -2.451663 2.604892 3.983952
1384355181382 145609785477536 888124000000 -3.217807 6.129157 6.895301
1384355181494 145609896622556 888234000000 -1.072602 6.435614 8.887277
1384355181605 145610008286374 888344000000 -1.838747 5.822699 9.040505
1384355181718 145610121537106 888454000000 -1.991976 1.379060 8.734048
1384355181829 145610232224362 888564000000 -0.766145 -1.532289 11.185710
1384355181943 145610345719235 888674000000 -2.911349 0.153229 10.113108
1384355182039 145610442246335 888784000000 -2.145205 0.612916 9.806650
1384355182152 145610555252927 888894000000 -2.451663 2.145205 9.806650
1384355182267 145610669815915 889004000000 -2.145205 1.838747 10.266337
1384355182368 145610771073239 889114000000 -2.451663 2.145205 9.193734
1384355182490 145610893448728 889224000000 -2.451663 2.604892 9.040505
1384355182591 145610994278806 889334000000 -0.459687 -0.153229 8.274362
1384355182707 145611109635251 889444000000 -2.451663 3.524265 9.806650
1384355182810 145611213547604 889554000000 -2.298434 2.451663 9.806650
