1384355212975 145641377671140 919714000000 9.346964 -1.991976 4.137181
1384355213082 145641484909909 919824000000 8.580819 -2.145205 4.750096
1384355213198 145641600693600 919934000000 10.419566 -0.766145 8.887277
1384355213307 145641710160153 920044000000 15.322891 0.612916 14.403518
1384355213406 145641809250729 920154000000 12.717999 -1.838747 9.653421
1384355213517 145641920578854 920264000000 8.274362 -1.838747 6.129157
1384355213641 145642044358151 920374000000 1.838747 -1.532289 2.758120
1384355213741 145642144364255 920484000000 -2.145205 1.685518 1.838747
1384355213852 145642254654782 920594000000 -2.911349 6.588843 5.975927
1384355213974 145642376847165 920704000000 -2.298434 6.435614 8.274362
1384355214060 145642463456052 920814000000 -0.766145 4.290410 9.959879
1384355214182 145642585007565 920924000000 0.000000 1.838747 12.411542
1384355214292 145642694840329 921034000000 -1.532289 3.064578 10.572795
1384355214408 145642811051266 921144000000 -1.685518 1.685518 9.959879
1384355214534 145642936966794 921254000000 -2.298434 3.830723 9.806650
1384355214619 145643022477048 921364000000 -2.604892 4.137181 8.734048
1384355214735 145643137833493 921474000000 -2.911349 3.983952 9.040505
1384355214830 145643233414548 921584000000 -2.451663 4.443638 8.427590
1384355214942 145643345414060 921694000000 -1.991976 3.983952 9.040505
1384355215054 145643457444089 921804000000 -2.298434 4.137181 8.887277
1384355215165 145643568192380 921914000000 -1.838747 4.137181 9.346964
