1384355229940 145658343155759 936684000000 8.427590 -2.145205 5.669470
1384355230051 145658454544919 936794000000 8.121132 -1.532289 5.975927
1384355230163 145658565689938 936904000000 9.500193 -0.459687 8.580819
1384355230278 145658680649655 937014000000 12.105083 -1.685518 12.717999
1384355230372 145658775071042 937124000000 11.185710 -2.298434 11.798626
1384355230484 145658886856931 937234000000 7.508216 -2.298434 7.661446
1384355230609 145659011765378 937344000000 3.524265 0.000000 3.524265
1384355230720 145659123368161 937454000000 -0.459687 1.225831 2.911349
1384355230831 145659234604733 937564000000 0.000000 4.137181 5.669470
1384355230928 145659330887692 937674000000 -1.685518 7.048530 8.887277
1384355231041 145659443985837 937784000000 0.000000 7.201759 9.193734
1384355231152 145659555283444 937894000000 0.919373 3.830723 9.500193
1384355231264 145659667160886 938004000000 0.306458 1.532289 11.032481
1384355231375 145659778336423 938114000000 -0.459687 -2.604892 10.266337
1384355231486 145659889542477 938224000000 -2.451663 1.991976 10.113108
1384355231598 145660000809567 938334000000 -2.145205 2.911349 9.806650
1384355231709 145660112412351 938444000000 -2.298434 1.991976 9.040505
1384355231805 145660208298581 938554000000 -1.991976 3.217807 9.040505
1384355231917 145660320114987 938664000000 -2.451663 3.064578 9.959879
1384355232032 145660435379880 938774000000 -2.604892 3.064578 9.040505
1384355232158 145660561539548 938884000000 -3.217807 2.451663 9.193734
1384355232240 145660643357175 938994000000 -2.451663 2.758120 9.193734
1384355232352 145660755204099 939104000000 -2.145205 2.145205 9.040505
1384355232463 145660866562741 939214000000 -2.604892 2.604892 9.500193
1384355232575 145660978165524 939324000000 -2.145205 3.064578 9.500193
1384355232697 145661099869626 939434000000 -1.685518 3.217807 9.806650
1384355232811 145661214218991 939544000000 -1.991976 3.983952 9.500193
1384355232903 145661306260007 939654000000 -1.225831 3.371036 9.040505
1384355233015 145661418259518 939764000000 -1.685518 2.758120 8.734048
1384355233128 145661530686276 939874000000 -2.145205 2.604892 9.040505
