1384855997982 28741107936796 1268200000000 8.580819 -3.983952 4.137181
1384855998094 28741220088896 1268310000000 8.734048 -3.677494 3.830723
1384855998181 28741307582793 1268420000000 8.427590 -4.443638 7.048530
1384855998305 28741430782256 1268530000000 16.242264 -10.113108 17.161638
1384855998417 28741542781767 1268640000000 15.782578 -9.346964 9.193734
1384855998512 28741637782988 1268750000000 6.435614 -6.282385 1.225831
1384855998626 28741752101836 1268860000000 -0.612916 -1.225831 -3.064578
1384855998750 28741876003203 1268970000000 -5.056554 1.225831 1.991976
1384855998845 28741971614775 1269080000000 -7.661446 -4.903325 8.734048
1384855998968 28742093929228 1269190000000 -2.911349 -5.516241 12.258313
1384855999067 28742192775664 1269300000000 5.209783 2.298434 9.500193
1384855999189 28742315486845 1269410000000 4.137181 5.822699 8.121132
1384855999286 28742412715849 1269520000000 1.685518 5.056554 9.500193
1384855999409 28742535457548 1269630000000 0.000000 3.830723 9.959879
1384855999507 28742633693633 1269740000000 -0.766145 3.064578 9.653421
1384855999629 28742754909453 1269850000000 -1.225831 2.604892 9.653421
1384855999726 28742853084502 1269960000000 -1.072602 2.298434 9.806650
1384855999851 28742977107939 1270070000000 -0.919373 1.991976 9.653421
1384855999958 28743084621367 1270180000000 -4.137181 -0.919373 5.975927
1384856000055 28743181056914 1270290000000 0.000000 2.451663 11.951855
1384856000182 28743308467802 1270400000000 -0.919373 2.145205 9.500193
