1384856042800 28785926113066 1313030000000 8.427590 -4.443638 4.290410
1384856042899 28786025020537 1313140000000 8.887277 -3.371036 3.983952
1384856043013 28786139705595 1313250000000 9.653421 -2.451663 6.742072
1384856043126 28786252651152 1313360000000 14.556746 -8.274362 16.395493
1384856043239 28786364772734 1313470000000 14.250289 -8.580819 10.419566
1384856043351 28786476894316 1313580000000 3.217807 -7.048530 0.766145
1384856043448 28786574428496 1313690000000 -4.290410 -3.830723 -0.766145
1384856043566 28786692439970 1313800000000 -5.822699 -4.596867 7.967903
1384856043685 28786811336455 1313910000000 3.371036 -0.612916 9.959879
1384856043781 28786907436308 1314020000000 5.822699 2.758120 10.113108
1384856043905 28787030879912 1314130000000 4.290410 5.363012 9.500193
1384856044014 28787140499052 1314240000000 1.838747 3.217807 9.193734
1384856044127 28787253261504 1314350000000 0.153229 1.838747 9.806650
1384856044224 28787350490507 1314460000000 -0.306458 2.298434 9.959879
1384856044339 28787465724882 1314570000000 0.459687 1.991976 10.572795
1384856044451 28787577114042 1314680000000 0.000000 1.225831 10.726024
1384856044567 28787693508085 1314790000000 0.766145 -0.919373 10.113108
1384856044680 28787806056914 1314900000000 0.306458 1.379060 10.572795
