1384187208116 80106405800284 2606792000000 -5.209783 2.911349 7.814674
1384187208228 80106517250479 2606902000000 -4.290410 3.217807 7.354988
1384187208339 80106628273428 2607012000000 0.000000 1.072602 3.983952
1384187208450 80106739479483 2607122000000 1.225831 -1.072602 0.306458
1384187208561 80106850746573 2607232000000 3.371036 -4.903325 14.097059
1384187208672 80106962105216 2607342000000 8.887277 -7.661446 26.508602
1384187208780 80107069557608 2607452000000 7.661446 -3.217807 18.540699
1384187208891 80107180824698 2607562000000 6.895301 -4.290410 13.484144
1384187209002 80107292061270 2607672000000 1.991976 -6.588843 2.604892
1384187209114 80107403267325 2607782000000 -3.677494 -3.371036 -2.758120
1384187209241 80107530708731 2607892000000 -6.129157 -0.306458 4.903325
1384187209327 80107617042960 2608002000000 -7.967903 -1.838747 6.129157
1384187209442 80107732002676 2608112000000 -7.354988 -0.766145 6.588843
1384187209554 80107843208731 2608222000000 -7.354988 -0.766145 6.742072
1384187209665 80107954597891 2608332000000 -7.201759 -0.919373 7.354988
1384187209776 80108065864981 2608442000000 -7.967903 -0.612916 6.435614
