1384187220806 80119095741690 2619482000000 -4.137181 2.911349 7.508216
1384187220918 80119207374991 2619592000000 -3.371036 3.064578 7.508216
1384187221029 80119318489493 2619702000000 0.919373 2.145205 3.983952
1384187221140 80119429634512 2619812000000 3.217807 -1.838747 1.225831
1384187221251 80119540779532 2619922000000 4.750096 -8.734048 12.871228
1384187221370 80119659645499 2620032000000 7.661446 -9.653421 21.911734
1384187221481 80119770912589 2620142000000 7.354988 -5.669470 13.330915
1384187221592 80119882179678 2620252000000 3.983952 -6.282385 9.346964
1384187221703 80119992989005 2620362000000 -1.225831 -4.903325 3.064578
1384187221815 80120104652823 2620472000000 -3.983952 -0.459687 1.532289
1384187221926 80120215889395 2620582000000 -5.516241 0.612916 5.516241
1384187222024 80120313454093 2620692000000 -7.201759 0.000000 7.048530
1384187222140 80120429817618 2620802000000 -6.282385 0.153229 7.814674
1384187222252 80120541267813 2620912000000 6.129157 22.831108 36.162022
1384187222385 80120674599112 2621022000000 -7.048530 -0.919373 7.814674
1384187222458 80120747841299 2621132000000 -5.669470 0.000000 8.274362
1384187222578 80120867561759 2621242000000 -6.588843 0.153229 7.201759
1384187222689 80120978554190 2621352000000 -6.282385 0.306458 7.661446
1384187222800 80121089516104 2621462000000 -6.742072 -0.919373 7.048530
1384187222898 80121187263907 2621572000000 -7.967903 -0.459687 6.742072
1384187223020 80121309578360 2621682000000 -5.516241 -0.153229 7.814674
1384187223131 80121420906485 2621792000000 -5.975927 0.153229 8.734048
1384187223262 80121552132071 2621902000000 -5.975927 -0.612916 7.814674
1384187223349 80121638405264 2622012000000 -6.588843 -0.919373 7.661446
1384187223460 80121749458731 2622122000000 -6.129157 -0.919373 7.814674
1384187223571 80121860939444 2622232000000 -6.895301 -0.306458 7.814674
1384187223682 80121972114981 2622342000000 -6.588843 -1.072602 7.508216
1384187223786 80122075630606 2622452000000 -5.822699 -0.306458 7.661446
