1384187241354 80139643501700 2640022000000 -5.363012 1.991976 8.121132
1384187241470 80139759590567 2640132000000 -5.669470 2.604892 8.121132
1384187241581 80139870644034 2640242000000 -4.903325 2.451663 7.354988
1384187241692 80139981819571 2640352000000 -1.379060 0.000000 3.983952
1384187241803 80140093147696 2640462000000 -0.153229 0.459687 1.991976
1384187241915 80140204475821 2640572000000 7.354988 0.153229 5.516241
1384187242026 80140315803946 2640682000000 13.177687 -13.943830 25.129541
1384187242137 80140426887930 2640792000000 6.588843 -1.685518 16.855181
1384187242223 80140513161124 2640902000000 9.500193 -4.903325 13.943830
1384187242335 80140624367178 2641012000000 2.298434 -7.354988 4.750096
1384187242465 80140754311026 2641122000000 -4.137181 -0.306458 -3.677494
1384187242577 80140867012442 2641232000000 -4.137181 -1.991976 4.137181
1384187242664 80140953316153 2641342000000 -5.975927 -2.145205 7.967903
1384187242775 80141064644278 2641452000000 -5.669470 -1.225831 8.427590
1384187242911 80141200722159 2641562000000 -5.363012 -1.072602 8.580819
1384187242997 80141286995352 2641672000000 -12.258313 -4.137181 12.564771
1384187243108 80141397835196 2641782000000 -5.363012 -1.685518 9.040505
1384187243224 80141514137686 2641892000000 -5.056554 -1.072602 8.427590
