1384187244915 80143205055655 2643582000000 -4.443638 1.685518 8.427590
1384187245025 80143314979971 2643692000000 -3.983952 2.145205 8.580819
1384187245136 80143426186026 2643802000000 -1.379060 2.451663 7.048530
1384187245248 80143537331046 2643912000000 0.612916 0.000000 1.532289
1384187245359 80143648292960 2644022000000 2.911349 -2.451663 5.975927
1384187245470 80143759895743 2644132000000 10.266337 -10.419566 22.524651
1384187245581 80143871162833 2644242000000 8.734048 -5.516241 19.153614
1384187245693 80143982643546 2644352000000 9.040505 -5.056554 13.790602
1384187245804 80144093880118 2644462000000 3.217807 -8.580819 3.064578
1384187245915 80144205086173 2644572000000 -2.451663 -3.830723 -1.838747
1384187246026 80144316200675 2644682000000 -5.209783 -2.604892 3.983952
1384187246138 80144427315176 2644792000000 -5.975927 -2.451663 7.661446
1384187246231 80144520637930 2644902000000 -5.669470 -2.911349 7.508216
1384187246356 80144645485342 2645012000000 -5.669470 -2.911349 7.661446
1384187246467 80144756630362 2645122000000 8.734048 10.726024 -5.669470
1384187246578 80144867989005 2645232000000 -5.822699 -2.911349 7.661446
1384187246668 80144958046378 2645342000000 -5.056554 -1.991976 7.967903
