1384187248412 80146701729239 2647082000000 -4.596867 2.145205 8.580819
1384187248533 80146822304190 2647192000000 -4.290410 2.145205 8.427590
1384187248644 80146933418692 2647302000000 -3.371036 2.298434 7.508216
1384187248755 80147044685782 2647412000000 0.919373 1.225831 3.371036
1384187248872 80147162117422 2647522000000 1.685518 -2.298434 0.919373
1384187248958 80147247871817 2647632000000 4.290410 -5.363012 10.419566
1384187249070 80147359749259 2647742000000 8.887277 -11.798626 20.072987
1384187249181 80147470924796 2647852000000 8.121132 -7.661446 15.169662
1384187249292 80147582100333 2647962000000 4.903325 -7.967903 10.572795
1384187249404 80147693397940 2648072000000 0.306458 -4.903325 0.919373
1384187249515 80147804634513 2648182000000 -4.290410 -2.145205 0.306458
1384187249626 80147915901602 2648292000000 -6.129157 -1.991976 5.822699
1384187249737 80148027138175 2648402000000 -6.282385 -2.604892 7.201759
1384187249848 80148138039053 2648512000000 -5.822699 -1.532289 7.661446
1384187249960 80148249702872 2648622000000 -3.983952 -4.137181 6.282385
1384187250074 80148363472403 2648732000000 -7.048530 -0.919373 8.734048
1384187250182 80148471748770 2648842000000 -5.669470 -1.379060 7.967903
