1384351237319 142311497300056 1040907000000 3.064578 -2.758120 9.346964
1384351237445 142311623612312 1041017000000 2.451663 -2.911349 9.193734
1384351237557 142311735611824 1041127000000 2.145205 -2.145205 8.427590
1384351237668 142311846177009 1041237000000 0.919373 -2.451663 13.943830
1384351237766 142311944352058 1041347000000 6.282385 -4.290410 26.048914
1384351237877 142312055008797 1041457000000 4.750096 -3.371036 5.975927
1384351238014 142312191880134 1041567000000 -0.612916 -0.919373 -3.064578
1384351238099 142312277329353 1041677000000 -6.435614 -8.887277 8.734048
1384351238211 142312389237312 1041787000000 4.290410 -3.371036 10.879252
1384351238322 142312500595955 1041897000000 3.677494 6.129157 11.185710
1384351238434 142312612473396 1042007000000 0.459687 0.000000 9.500193
1384351238531 142312708695320 1042117000000 -1.072602 0.766145 10.879252
1384351238649 142312826920417 1042227000000 -0.766145 -0.612916 10.419566
1384351238760 142312938675789 1042337000000 -1.685518 -0.306458 10.113108
1384351238873 142313050888923 1042447000000 3.217807 -5.822699 9.959879
1384351238985 142313163590339 1042557000000 0.000000 2.145205 10.266337
