1384351240795 142314973069099 1044367000000 3.677494 -1.838747 9.653421
1384351240906 142315084336189 1044477000000 3.064578 -2.145205 9.040505
1384351241018 142315196061043 1044587000000 3.064578 -0.766145 10.572795
1384351241129 142315307267097 1044697000000 2.911349 -2.604892 20.839132
1384351241241 142315418961433 1044807000000 5.822699 -6.742072 11.032481
1384351241338 142315515976814 1044917000000 0.766145 -2.451663 -1.225831
1384351241463 142315641098885 1045027000000 -5.975927 -2.451663 5.516241
1384351241550 142315728684334 1045137000000 -1.991976 -9.959879 8.887277
1384351241675 142315853073982 1045247000000 5.822699 2.758120 10.726024
1384351241771 142315948777107 1045357000000 3.677494 3.983952 9.040505
1384351241882 142316059983162 1045467000000 -0.766145 0.766145 9.346964
1384351242027 142316204880623 1045577000000 -0.766145 -0.153229 10.726024
1384351242099 142316277604011 1045687000000 -1.225831 0.000000 10.266337
1384351242222 142316400010017 1045797000000 -0.612916 0.153229 10.879252
1384351242319 142316497330574 1045907000000 -0.766145 0.766145 10.572795
1384351242442 142316619889168 1046017000000 -1.379060 -0.153229 10.113108
