1384351258006 142332184006599 1061587000000 4.137181 -2.298434 8.887277
1384351258117 142332295639900 1061697000000 4.443638 -2.145205 8.887277
1384351258230 142332407944588 1061807000000 3.524265 -0.306458 11.951855
1384351258340 142332517899422 1061917000000 9.500193 -5.363012 22.831108
1384351258463 142332640946297 1062027000000 4.290410 -3.677494 5.975927
1384351258565 142332742752937 1062137000000 -1.991976 -1.379060 -1.532289
1384351258697 142332874955085 1062247000000 -4.443638 -9.806650 9.959879
1384351258770 142332948655037 1062357000000 1.685518 -3.064578 8.121132
1384351258881 142333058731941 1062467000000 6.129157 5.363012 11.032481
1384351259007 142333184983162 1062577000000 1.532289 0.612916 9.959879
1384351259110 142333287888435 1062687000000 -0.919373 -0.306458 10.113108
1384351259210 142333388047127 1062797000000 -0.919373 -0.459687 10.726024
1384351259322 142333499955085 1062907000000 -0.766145 -0.766145 10.419566
1384351259432 142333609787849 1063017000000 -1.225831 0.919373 9.653421
1384351259544 142333722519783 1063127000000 0.766145 1.532289 10.726024
1384351259666 142333844132332 1063237000000 -0.612916 -0.459687 10.113108
1384351259787 142333965287117 1063347000000 -0.459687 -0.153229 10.266337
1384351259885 142334063156990 1063457000000 -0.459687 -0.306458 9.959879
1384351259996 142334174057869 1063567000000 -0.153229 0.000000 10.113108
1384351260093 142334271012214 1063677000000 -0.766145 -0.306458 10.266337
1384351260212 142334390366462 1063787000000 1.532289 -0.919373 9.806650
1384351260324 142334502213386 1063897000000 -1.685518 -0.459687 9.806650
