1384248386623 97627185807044 390701000000 1.225831 -1.072602 9.959879
1384248386740 97627302750403 390811000000 0.919373 -0.459687 9.806650
1384248386852 97627413986976 390921000000 0.919373 -0.919373 9.653421
1384248386963 97627525803382 391031000000 1.379060 -2.758120 10.113108
1384248387074 97627636399085 391141000000 5.209783 -8.580819 10.572795
1384248387185 97627747757728 391251000000 8.734048 -5.363012 8.887277
1384248387298 97627860184486 391361000000 9.040505 6.435614 8.734048
1384248387412 97627974106605 391471000000 3.830723 7.201759 9.346964
1384248387522 97628084946448 391581000000 1.532289 1.685518 9.500193
1384248387633 97628194992835 391691000000 0.459687 -0.153229 9.500193
1384248387719 97628281357581 391801000000 0.766145 -0.306458 9.959879
1384248387830 97628392655189 391911000000 1.072602 0.000000 9.806650
1384248387941 97628503800208 392021000000 0.766145 -0.153229 10.419566
1384248388053 97628614945228 392131000000 -1.838747 1.838747 9.806650
1384248388164 97628726273353 392241000000 -1.072602 -1.379060 12.258313
1384248388285 97628846939857 392351000000 -0.153229 -1.685518 8.734048
