1384356546061 146974464524167 2252904000000 5.822699 -5.209783 6.895301
1384356546170 146974572800534 2253014000000 5.516241 -4.596867 6.895301
1384356546292 146974694931882 2253124000000 5.516241 -4.290410 6.435614
1384356546404 146974806717771 2253234000000 6.895301 -1.991976 5.822699
1384356546515 146974917832272 2253344000000 9.500193 -3.217807 6.895301
1384356546626 146975029160397 2253454000000 9.806650 -4.137181 9.193734
1384356546737 146975140061276 2253564000000 9.653421 -5.669470 9.959879
1384356546855 146975257920163 2253674000000 8.274362 -6.129157 8.734048
1384356546942 146975345291989 2253784000000 5.975927 -5.363012 8.887277
1384356547065 146975467667477 2253894000000 2.911349 -4.137181 8.121132
1384356547177 146975580460446 2254004000000 2.604892 -3.217807 7.508216
1384356547290 146975693192380 2254114000000 3.524265 -0.306458 8.887277
1384356547379 146975782303708 2254224000000 4.596867 4.903325 10.419566
1384356547499 146975902054685 2254334000000 4.137181 7.661446 10.726024
1384356547608 146976011032956 2254444000000 3.064578 6.895301 10.419566
1384356547719 146976122177975 2254554000000 1.072602 5.516241 9.040505
1384356547816 146976219101804 2254664000000 -0.919373 3.064578 7.967903
1384356547926 146976329331296 2254774000000 -2.604892 0.459687 7.967903
1384356548053 146976456375974 2254884000000 -5.056554 -2.911349 5.516241
1384356548165 146976568375485 2254994000000 -6.129157 -3.677494 5.669470
1384356548256 146976659348386 2255104000000 -6.435614 -1.379060 7.354988
1384356548383 146976785752194 2255214000000 -5.822699 -0.612916 8.121132
1384356548497 146976900071042 2255324000000 -6.282385 0.000000 8.121132
1384356548600 146977003159421 2255434000000 -5.975927 0.000000 8.580819
1384356548698 146977100968259 2255544000000 -5.669470 -0.459687 7.814674
1384356548818 146977221390622 2255654000000 -5.822699 0.459687 8.121132
1384356548928 146977331528561 2255764000000 -5.669470 0.612916 7.814674
1384356549032 146977435227292 2255874000000 -7.201759 1.685518 7.814674
1384356549148 146977550766843 2255984000000 -5.975927 0.306458 7.814674
