1385110334014 90408467797709 1123822000000 8.887277 -0.306458 5.209783
1385110334128 90408581872416 1123932000000 9.040505 -0.919373 4.596867
1385110334241 90408694756937 1124042000000 9.040505 -0.153229 5.669470
1385110334329 90408782983256 1124152000000 8.427590 -1.072602 5.516241
1385110334447 90408900475931 1124262000000 8.580819 -3.217807 4.750096
1385110334558 90409011865091 1124372000000 9.040505 -4.290410 4.137181
1385110334671 90409124169779 1124482000000 11.338940 -6.435614 3.217807
1385110334805 90409258172465 1124592000000 15.322891 -6.742072 3.524265
1385110334892 90409346002054 1124702000000 16.701952 -4.903325 7.508216
1385110335003 90409456292582 1124812000000 16.089035 -1.072602 6.129157
1385110335116 90409569299173 1124922000000 10.113108 0.153229 5.363012
1385110335229 90409682458353 1125032000000 6.129157 -2.145205 5.669470
1385110335317 90409770501566 1125142000000 6.435614 -5.669470 5.209783
1385110335450 90409903283549 1125252000000 7.201759 -10.879252 5.516241
1385110335538 90409991845560 1125362000000 6.895301 -16.548723 5.516241
1385110335651 90410104333353 1125472000000 1.838747 -20.226215 3.371036
1385110335765 90410218041849 1125582000000 -1.532289 -13.330915 3.830723
1385110335878 90410331902933 1125692000000 -1.225831 -8.274362 6.129157
1385110335993 90410446343851 1125802000000 1.991976 -3.064578 8.427590
1385110336114 90410567712259 1125912000000 2.758120 3.217807 8.580819
1385110336199 90410652276468 1126022000000 1.072602 6.588843 11.185710
1385110336311 90410764886332 1126132000000 -1.225831 5.669470 10.266337
1385110336425 90410879052591 1126242000000 -2.298434 3.371036 10.113108
1385110336539 90410992516947 1126352000000 -2.604892 2.298434 9.500193
1385110336652 90411105462504 1126462000000 -2.911349 1.838747 9.193734
1385110336765 90411218621683 1126572000000 -3.524265 1.225831 9.346964
1385110336879 90411332330179 1126682000000 -3.217807 -1.532289 8.887277
1385110336972 90411425561381 1126792000000 -3.064578 1.225831 10.266337
1385110337100 90411554009867 1126902000000 -3.217807 1.072602 9.806650
