1385110424557 90499010430765 1214372000000 8.887277 -1.379060 4.443638
1385110424670 90499123773050 1214482000000 9.500193 -0.919373 4.903325
1385110424784 90499237725687 1214592000000 9.040505 -1.072602 6.129157
1385110424898 90499351495218 1214702000000 8.274362 -2.758120 5.209783
1385110424984 90499437402201 1214812000000 8.580819 -5.669470 3.677494
1385110425097 90499550958109 1214922000000 10.726024 -7.201759 0.919373
1385110425212 90499665124369 1215032000000 16.701952 -7.048530 0.612916
1385110425322 90499776025248 1215142000000 19.000385 -4.290410 4.596867
1385110425436 90499889306498 1215252000000 15.935806 -3.217807 7.201759
1385110425551 90500004052591 1215362000000 10.879252 -0.766145 6.588843
1385110425664 90500117181253 1215472000000 7.048530 -1.225831 3.983952
1385110425771 90500224389506 1215582000000 4.903325 -5.516241 4.903325
1385110425887 90500340630961 1215692000000 4.903325 -10.266337 5.669470
1385110426004 90500457391215 1215802000000 5.056554 -15.169662 3.983952
1385110426094 90500547662211 1215912000000 0.919373 -18.540699 0.000000
1385110426207 90500660455179 1216022000000 -2.758120 -13.484144 -1.685518
1385110426321 90500774133158 1216132000000 -4.137181 -9.040505 0.766145
1385110426422 90500875268412 1216242000000 -2.911349 -4.596867 3.064578
1385110426535 90500988915873 1216352000000 -3.064578 -0.919373 6.129157
1385110426652 90501105798197 1216462000000 -2.604892 2.145205 9.653421
1385110426764 90501217309427 1216572000000 -3.371036 4.137181 10.879252
1385110426877 90501330377054 1216682000000 -4.596867 2.911349 9.653421
1385110427001 90501454186869 1216792000000 -4.137181 1.685518 8.427590
1385110427081 90501534203959 1216902000000 -4.443638 1.379060 8.887277
1385110427195 90501648187113 1217012000000 -4.903325 1.225831 8.887277
1385110427308 90501761529398 1217122000000 -5.363012 -0.306458 9.346964
1385110427422 90501875390482 1217232000000 -4.443638 1.685518 10.113108
1385110427518 90501971551371 1217342000000 -4.596867 1.225831 9.193734
