1385110429826 90504279504252 1219632000000 9.500193 -0.919373 3.830723
1385110429939 90504392785502 1219742000000 9.653421 -0.459687 3.677494
1385110430051 90504504357767 1219852000000 8.887277 -1.072602 4.137181
1385110430138 90504591241312 1219962000000 8.427590 -4.137181 4.137181
1385110430256 90504709100199 1220072000000 9.346964 -6.129157 1.838747
1385110430370 90504823083353 1220182000000 12.871228 -7.201759 0.766145
1385110430479 90504932977152 1220292000000 14.709975 -5.975927 2.604892
1385110430593 90505046410990 1220402000000 17.468096 -5.056554 5.975927
1385110430706 90505159051371 1220512000000 12.105083 -1.838747 5.822699
1385110430842 90505295068216 1220622000000 8.887277 -2.758120 4.750096
1385110430930 90505383508158 1220732000000 7.814674 -4.903325 3.217807
1385110431021 90505474084330 1220842000000 8.274362 -10.113108 2.298434
1385110431136 90505589074564 1220952000000 9.040505 -15.476120 1.991976
1385110431252 90505705407572 1221062000000 4.750096 -16.548723 -0.766145
1385110431361 90505814111185 1221172000000 0.153229 -16.395493 -0.153229
1385110431475 90505928460550 1221282000000 -1.072602 -11.951855 2.145205
1385110431588 90506041558695 1221392000000 -0.612916 -6.282385 3.371036
1385110431705 90506158257914 1221502000000 0.306458 -0.153229 5.516241
1385110431791 90506244073344 1221612000000 0.306458 2.604892 9.959879
1385110431904 90506357812357 1221722000000 -1.072602 5.363012 12.105083
1385110432018 90506471612406 1221832000000 -2.604892 2.758120 10.113108
1385110432121 90506575005961 1221942000000 -2.911349 2.298434 9.653421
1385110432235 90506688775492 1222052000000 -3.677494 1.991976 9.500193
1385110432354 90506807794047 1222162000000 -3.677494 1.838747 9.806650
1385110432461 90506914910746 1222272000000 -3.371036 1.838747 9.346964
1385110432576 90507029473734 1222382000000 -3.830723 1.532289 9.500193
