1385110434738 90509191430521 1224542000000 9.040505 -0.612916 4.596867
1385110434855 90509308953715 1224652000000 9.346964 -0.306458 4.443638
1385110434944 90509397759867 1224762000000 8.887277 -0.919373 5.056554
1385110435056 90509509759379 1224872000000 8.274362 -3.371036 4.750096
1385110435171 90509624658060 1224982000000 9.040505 -7.048530 2.451663
1385110435285 90509738275004 1225092000000 12.871228 -7.354988 -1.379060
1385110435405 90509858209086 1225202000000 18.387468 -5.822699 0.000000
1385110435511 90509964959574 1225312000000 19.766529 -3.677494 4.596867
1385110435600 90510053521586 1225422000000 13.484144 -2.451663 6.129157
1385110435719 90510172723246 1225532000000 9.653421 -1.991976 3.983952
1385110435827 90510280755472 1225642000000 6.895301 -3.371036 2.451663
1385110435965 90510418359232 1225752000000 6.742072 -9.193734 4.137181
1385110436054 90510507745218 1225862000000 6.895301 -15.629349 4.443638
1385110436167 90510620995951 1225972000000 5.516241 -16.855181 2.604892
1385110436282 90510735253763 1226082000000 0.153229 -15.476120 -0.306458
1385110436369 90510822900248 1226192000000 -2.604892 -11.185710 -0.612916
1385110436483 90510936028910 1226302000000 -2.298434 -5.669470 2.298434
1385110436595 90511048791361 1226412000000 0.306458 -1.225831 5.822699
1385110436708 90511161340189 1226522000000 0.306458 1.532289 9.959879
1385110436823 90511276086283 1226632000000 -1.225831 4.290410 12.258313
1385110436933 90511386620951 1226742000000 -2.604892 3.217807 10.879252
1385110437046 90511499993753 1226852000000 -2.911349 2.604892 10.113108
1385110437160 90511613580179 1226962000000 -3.217807 1.991976 9.193734
1385110437273 90511726495218 1227072000000 -3.371036 1.225831 9.040505
1385110437383 90511836663676 1227182000000 -3.064578 -1.225831 8.734048
1385110437470 90511923547220 1227292000000 -2.911349 0.459687 9.959879
1385110437605 90512058618021 1227402000000 -3.524265 1.532289 9.040505
