1387383289617 599573637312795 2166626000000 4.750096 -4.290410 6.895301
1387383289728 599573748518850 2166736000000 4.137181 -6.895301 9.653421
1387383289841 599573861494924 2166846000000 6.742072 0.612916 13.943830
1387383289948 599573968001272 2166956000000 6.435614 -7.814674 16.548723
1387383290069 599574089003469 2167066000000 3.524265 -14.863204 9.346964
1387383290181 599574200575735 2167176000000 1.072602 -7.048530 3.371036
1387383290292 599574311781789 2167286000000 -1.072602 -1.532289 0.306458
1387383290389 599574408797170 2167396000000 1.991976 2.145205 1.532289
1387383290500 599574520552541 2167506000000 4.596867 6.129157 7.201759
1387383290598 599574617720510 2167616000000 6.129157 1.379060 13.790602
1387383290709 599574729018118 2167726000000 3.983952 -3.524265 16.242264
1387383290820 599574840224172 2167836000000 0.000000 -6.895301 12.871228
1387383290954 599574973830129 2167946000000 0.612916 -3.677494 10.113108
1387383291044 599575063918020 2168056000000 1.225831 -2.145205 9.500193
1387383291148 599575167647268 2168166000000 1.838747 -1.685518 9.653421
1387383291259 599575278944875 2168276000000 7.354988 -11.798626 -10.572795
1387383291371 599575391524221 2168386000000 2.145205 -2.145205 9.500193
1387383291483 599575502669241 2168496000000 2.451663 -2.604892 9.346964
1387383291609 599575628981497 2168606000000 2.298434 -2.451663 9.193734
