1387383347656 599631675673391 2224666000000 2.451663 -0.612916 7.508216
1387383347767 599631787093069 2224776000000 5.056554 1.225831 9.193734
1387383347878 599631897688772 2224886000000 8.427590 1.838747 14.556746
1387383347992 599632011793997 2224996000000 10.572795 -7.048530 17.314867
1387383348103 599632122969534 2225106000000 6.282385 -13.484144 10.113108
1387383348214 599632234206106 2225216000000 1.072602 -6.895301 1.072602
1387383348311 599632330580618 2225326000000 -0.306458 -0.919373 -0.766145
1387383348422 599632441695120 2225436000000 0.459687 2.451663 2.451663
1387383348545 599632565535452 2225546000000 1.838747 5.209783 8.274362
1387383348658 599632677718069 2225656000000 1.225831 1.838747 13.943830
1387383348756 599632775801565 2225766000000 1.685518 -2.604892 16.242264
1387383348866 599632886336233 2225876000000 1.072602 -4.750096 12.105083
1387383348978 599632997572805 2225986000000 3.064578 -3.677494 5.822699
1387383349089 599633109358694 2226096000000 2.604892 -2.604892 9.653421
1387383349200 599633220503713 2226206000000 2.604892 0.000000 10.419566
1387383349312 599633332533743 2226316000000 1.991976 -1.685518 9.193734
1387383349423 599633442976858 2226426000000 2.758120 -2.145205 9.653421
1387383349534 599633554274465 2226536000000 1.991976 -1.379060 9.653421
