1384186326246 79224536079825 1724852000000 5.363012 -3.371036 7.661446
1384186326319 79224609016837 1724962000000 5.669470 -3.677494 7.814674
1384186326431 79224720344962 1725072000000 5.822699 -3.524265 8.427590
1384186326544 79224833717764 1725182000000 5.363012 -1.379060 15.782578
1384186326660 79224949287833 1725292000000 7.814674 -4.750096 17.927782
1384186326762 79225052101553 1725402000000 6.435614 -3.830723 11.798626
1384186326888 79225177650870 1725512000000 0.612916 -1.072602 1.838747
1384186326985 79225274696768 1725622000000 -4.903325 0.612916 -1.532289
1384186327107 79225396889151 1725732000000 -7.354988 2.298434 1.225831
1384186327212 79225502174796 1725842000000 -8.887277 2.911349 3.677494
1384186327309 79225598305167 1725952000000 -8.427590 3.371036 4.596867
1384186327421 79225710487784 1726062000000 -7.967903 3.677494 4.596867
1384186327536 79225825478018 1726172000000 -7.814674 3.677494 5.056554
1384186327646 79225935524405 1726282000000 -8.580819 2.451663 5.363012
1384186327755 79226044502676 1726392000000 -7.967903 3.524265 5.363012
1384186327869 79226158546866 1726502000000 -7.967903 3.524265 4.750096
1384186327986 79226275764884 1726612000000 -7.661446 3.064578 4.137181
1384186328088 79226377602042 1726722000000 -7.661446 3.371036 4.750096
1384186328194 79226483864249 1726832000000 -7.814674 3.371036 5.363012
1384186328296 79226586128653 1726942000000 -7.967903 3.217807 5.516241
1384186328422 79226712196768 1727052000000 -7.814674 3.371036 5.516241
1384186328524 79226813942374 1727162000000 -7.201759 3.524265 5.056554
1384186328624 79226913734854 1727272000000 -7.661446 3.524265 5.363012
1384186328747 79227036873282 1727382000000 -6.895301 4.750096 5.363012
1384186328853 79227142555655 1727492000000 -7.814674 3.371036 5.209783
