1387383259030 599543049879934 2136036000000 3.064578 -6.588843 9.653421
1387383259131 599543150710012 2136146000000 1.991976 -7.508216 14.709975
1387383259243 599543263258840 2136256000000 6.282385 -16.701952 15.629349
1387383259364 599543384566213 2136366000000 7.661446 -5.669470 9.959879
1387383259473 599543493147756 2136476000000 2.145205 -0.459687 5.056554
1387383259571 599543591200735 2136586000000 0.459687 1.072602 -0.153229
1387383259697 599543717421438 2136696000000 -1.685518 -0.153229 -3.371036
1387383259799 599543818861868 2136806000000 -1.838747 -4.443638 -1.838747
1387383259901 599543920699026 2136916000000 1.838747 -12.411542 1.991976
1387383260025 599544045302297 2137026000000 5.669470 -17.008410 9.346964
1387383260142 599544161726858 2137136000000 7.201759 -9.040505 14.556746
1387383260228 599544247786428 2137246000000 5.056554 -0.459687 11.951855
1387383260362 599544381575491 2137356000000 3.371036 -3.524265 7.967903
1387383260459 599544479048635 2137466000000 2.451663 -4.903325 7.967903
1387383260570 599544590346243 2137576000000 1.991976 -5.209783 8.580819
1387383260682 599544701582815 2137686000000 3.524265 -13.484144 7.048530
1387383260794 599544814192678 2137796000000 2.604892 -4.443638 8.734048
1387383260893 599544913161184 2137906000000 1.225831 -3.524265 8.887277
1387383261002 599545021681692 2138016000000 2.451663 -4.290410 8.580819
