1.692308 0.07692308 0.92
1.692308 0.07692308 0.92
1.692308 0.07692308 0.92
1.692308 0.07692308 0.92
1.692308 0.07692308 0.92
1.692308 0.07692308 0.92
1.692308 0.07692308 0.92
1.692308 0.07692308 0.92
1.692308 0.07692308 0.92
1.692308 0.07692308 0.92
1.692308 0.1923077 0.88
1.692308 0.1923077 0.88
1.692308 0.4230769 0.8
1.692308 0.6538461 0.76
1.653846 0.7692308 0.84
1.653846 0.9230769 1.08
1.615385 1 1.12
1.5 1.076923 1.16
1.307692 1.192308 1.16
1.076923 1.346154 1.08
0.8461539 1.461538 0.96
0.6538461 1.576923 0.96
0.5384616 1.615385 1.04
0.4615385 1.615385 1.16
0.3846154 1.615385 1.28
0.1923077 1.576923 1.36
0 1.538462 1.32
-0.1538462 1.5 1.2
-0.1538462 1.5 1
-0.1153846 1.5 0.84
-0.1538462 1.5 0.76
-0.2307692 1.5 0.76
-0.3076923 1.461538 0.84
-0.3846154 1.384615 0.88
-0.5 1.307692 0.92
-0.6538461 1.230769 0.96
-0.7307692 1.115385 1
-0.7692308 1 1.04
-0.8076923 0.9230769 1.04
-0.9230769 0.7692308 1
-1 0.6538461 1.04
-0.9615384 0.5384616 1.04
-0.8461539 0.4615385 1
-0.7307692 0.4230769 0.96
-0.6538461 0.4230769 0.96
-0.6923077 0.4230769 0.96
-0.8846154 0.4230769 0.96
-1.076923 0.4230769 1.04
-1.269231 0.4230769 1.04
-1.346154 0.3846154 1
-1.192308 0.3461539 1.08
-0.9230769 0.3076923 1.16
-0.5769231 0.2692308 1.24
-0.3076923 0.2307692 1.28
-0.03846154 0.2307692 1.24
0.1153846 0.2307692 1.16
0.2307692 0.2307692 1.12
0.2692308 0.1923077 1.04
0.2307692 0.1923077 1.04
0.1923077 0.1538462 1.08
0.1923077 0.1153846 1.08
0.1153846 0.1153846 1.08
0.07692308 0.07692308 1.08
0.07692308 0.07692308 1.04
0.07692308 0.1153846 0.96
0.07692308 0.1153846 0.92
0.07692308 0.1153846 0.96
0.03846154 0.07692308 1
0 0.03846154 1.04
0 0.03846154 1.04
0 0.03846154 1.04
-0.03846154 0.07692308 1
-0.07692308 0.1153846 1
-0.07692308 0.1538462 1
-0.1153846 0.1538462 0.96
-0.1538462 0.1923077 0.96
-0.1538462 0.1923077 1
-0.1538462 0.1923077 1.04
-0.1538462 0.1923077 1.08
-0.1923077 0.2307692 1.08
-0.1923077 0.2692308 1.04
-0.1923077 0.2692308 1.08
-0.2307692 0.3076923 1.08
