0.4615385 0.5769231 2.84
0.4615385 0.5769231 2.84
0.4615385 0.5769231 2.84
0.4615385 0.5769231 2.84
0.4615385 0.5769231 2.84
0.4615385 0.5769231 2.84
0.4615385 0.5769231 2.84
0.4615385 0.5769231 2.84
0.4615385 0.5769231 2.84
0.4615385 0.5769231 2.84
0.4615385 0.5769231 2.84
0.3846154 0.6538461 2.72
0.4230769 0.6923077 2.76
0.5769231 0.7307692 2.76
0.7307692 0.7692308 2.64
0.8076923 0.8461539 2.48
0.8461539 0.8846154 2.24
0.7307692 0.9615384 1.96
0.5384616 1 1.64
0.4615385 1 1.36
0.5 0.9615384 1.12
0.5384616 0.8846154 1
0.5384616 0.8076923 0.84
0.5384616 0.7692308 0.68
0.5 0.7307692 0.48
0.4615385 0.6923077 0.36
0.3461539 0.6538461 0.2
0.1923077 0.6153846 0.04
0.1153846 0.5384616 -0.12
0.07692308 0.4615385 -0.16
0 0.3461539 -0.16
-0.07692308 0.2692308 -0.2
-0.1923077 0.1923077 -0.2
-0.3076923 0.1153846 -0.16
-0.4230769 0.07692308 -0.12
-0.5384616 0.03846154 -0.08
-0.6153846 0 -0.04
-0.6923077 0 0
-0.7692308 -0.03846154 0.08
-0.8076923 -0.03846154 0.16
-0.8461539 -0.07692308 0.24
-0.8846154 -0.1153846 0.28
-1 -0.1538462 0.32
-1.076923 -0.1923077 0.32
-1.115385 -0.2307692 0.32
-1.153846 -0.2692308 0.4
-1.192308 -0.2307692 0.48
-1.269231 -0.1923077 0.56
-1.269231 -0.1923077 0.68
-1.230769 -0.2307692 0.72
-1.153846 -0.2307692 0.76
-1.038462 -0.2307692 0.8
-0.9230769 -0.1923077 0.84
-0.7692308 -0.1538462 0.84
-0.6153846 -0.1153846 0.8
-0.4230769 -0.07692308 0.76
-0.2307692 -0.03846154 0.72
0 0 0.72
0.1923077 0 0.72
0.3461539 -0.03846154 0.72
0.4230769 -0.07692308 0.68
0.5 -0.07692308 0.6
0.5384616 -0.1153846 0.52
0.5384616 -0.1153846 0.4
0.5769231 -0.1538462 0.36
0.5384616 -0.1538462 0.4
0.5384616 -0.1538462 0.44
0.5 -0.1538462 0.44
0.4230769 -0.1153846 0.44
0.3846154 -0.07692308 0.4
0.3076923 -0.07692308 0.36
0.3076923 -0.07692308 0.24
0.3076923 -0.03846154 0.2
0.2692308 0 0.16
0.2307692 0.03846154 0.12
0.2307692 0.07692308 0.16
0.2307692 0.1153846 0.2
0.1923077 0.07692308 0.24
0.1923077 0.03846154 0.24
0.2307692 0 0.28
0.1538462 -0.03846154 0.32
0.07692308 -0.03846154 0.36
-0.03846154 0 0.44
-0.1923077 0.07692308 0.52
-0.3076923 0.1538462 0.64
-0.3461539 0.1923077 0.68
-0.3076923 0.1538462 0.72
-0.1923077 0.1538462 0.84
-0.1153846 0.1538462 1.08
-0.1153846 0.1538462 1.32
-0.07692308 0.1923077 1.48
-0.03846154 0.2692308 1.52
0.03846154 0.3461539 1.52
0.03846154 0.3846154 1.56
0.07692308 0.3846154 1.64
0.1538462 0.3076923 1.8
0.1923077 0.1923077 1.96
0.1923077 0.1153846 2.08
0.1923077 0.07692308 2.16
0.2307692 0.07692308 2.2
0.3076923 0.1153846 2.2
0.3461539 0.1538462 2.16
0.3846154 0.1538462 2.04
0.4615385 0.1153846 2
0.6153846 0.03846154 1.84
0.6153846 0.03846154 1.84
0.6923077 0.07692308 1.72
0.7692308 0.1153846 1.6
0.8461539 0.1538462 1.52
0.9230769 0.2307692 1.36
1 0.2692308 1.24
1.038462 0.3076923 1.08
1 0.3461539 0.96
0.9615384 0.3846154 0.84
0.9230769 0.4230769 0.76
0.9230769 0.5384616 0.72
0.8846154 0.5769231 0.68
0.8461539 0.6538461 0.72
0.7692308 0.7307692 0.68
0.6923077 0.8076923 0.72
0.5769231 0.8846154 0.72
0.4230769 0.9230769 0.72
0.3076923 1 0.76
0.1923077 1 0.76
0.1923077 1.038462 0.8
0.1153846 1.076923 0.84
-0.1538462 1.115385 1.04
-0.3461539 1.115385 1.12
-0.5384616 1.076923 1.2
-0.6923077 1.038462 1.28
-0.8076923 0.9615384 1.24
-0.8076923 0.9230769 1.2
-0.7692308 0.8461539 1.12
-0.5769231 0.8461539 1.04
-0.4615385 0.8461539 1.04
-0.4230769 0.8076923 1.04
-0.4615385 0.8076923 1.08
-0.5384616 0.7692308 1.08
-0.6153846 0.6923077 1.08
-0.6153846 0.6153846 1.08
-0.6153846 0.5384616 1.12
-0.5384616 0.5 1.12
-0.4615385 0.5 1.08
-0.3461539 0.4615385 1.04
-0.2307692 0.4615385 0.92
-0.1153846 0.4615385 0.84
-0.03846154 0.4615385 0.8
0 0.4230769 0.8
-0.03846154 0.4230769 0.84
0 0.3846154 0.84
0 0.3461539 0.88
0 0.3461539 0.96
0 0.3076923 0.96
