0.07692308 1.076923 2.08
0.07692308 1.076923 2.08
0.07692308 1.076923 2.08
0.07692308 1.076923 2.08
0.07692308 1.076923 2.08
0.07692308 1.076923 2.08
0.07692308 1.076923 2.08
0.07692308 1.076923 2.08
0 1.307692 2.16
0 1.307692 2.16
0 1.307692 2.16
0 1.307692 2.16
0 1.307692 2.16
0 1.461538 2.28
0.07692308 1.615385 2.48
0.07692308 1.615385 2.8
0.07692308 1.538462 3.08
0.1153846 1.461538 3.2
0.1923077 1.384615 3.12
0.2307692 1.346154 2.92
0.3076923 1.346154 2.64
0.3461539 1.423077 2.32
0.3461539 1.461538 2
0.3461539 1.5 1.8
0.4230769 1.461538 1.72
0.4615385 1.384615 1.64
0.5384616 1.269231 1.6
0.5384616 1.192308 1.52
0.5384616 1.115385 1.4
0.5384616 1.153846 1.12
0.4615385 1.153846 0.72
0.3461539 1.115385 0.44
0.2307692 1.038462 0.4
0.1923077 1 0.48
0.1538462 0.8846154 0.56
0.1538462 0.8461539 0.64
0.1923077 0.7692308 0.6
0.1923077 0.8076923 0.52
0.1538462 0.8461539 0.36
0.07692308 0.8461539 0.16
-0.03846154 0.6923077 -0.16
0.03846154 0.5769231 -0.12
0.07692308 0.5 -0.08
0.1538462 0.4230769 -0.08
0.1923077 0.3076923 -0.12
0.1538462 0.2307692 -0.12
0.1153846 0.1538462 -0.16
0.07692308 0.07692308 -0.2
0.03846154 0 -0.16
0.07692308 -0.1538462 -0.12
0 -0.2692308 -0.08
-0.07692308 -0.3846154 -0.04
-0.1538462 -0.4615385 0.04
-0.1923077 -0.5 0.12
-0.1538462 -0.5384616 0.12
-0.1538462 -0.5384616 0.12
-0.1153846 -0.5384616 0.12
-0.07692308 -0.5384616 0.2
0 -0.5384616 0.12
0 -0.5769231 0.12
0 -0.5769231 0.12
0 -0.6153846 0.16
0.03846154 -0.6538461 0.24
0.03846154 -0.6923077 0.28
0 -0.6923077 0.32
0 -0.6923077 0.36
-0.03846154 -0.6923077 0.36
-0.07692308 -0.7307692 0.36
-0.07692308 -0.7307692 0.32
-0.07692308 -0.7307692 0.36
-0.1153846 -0.7307692 0.4
-0.1153846 -0.7307692 0.44
-0.1153846 -0.6923077 0.48
-0.1153846 -0.6923077 0.52
-0.1153846 -0.6923077 0.56
-0.1153846 -0.6923077 0.6
-0.07692308 -0.6923077 0.6
-0.03846154 -0.6538461 0.6
-0.03846154 -0.6153846 0.56
0 -0.5384616 0.6
0 -0.5 0.64
0 -0.4230769 0.64
0 -0.4230769 0.6
