-1.230769 0.5769231 1.28
-1.230769 0.5769231 1.28
-1.230769 0.5769231 1.28
-1.230769 0.5769231 1.28
-1.230769 0.5769231 1.28
-1.230769 0.5769231 1.28
-1.230769 0.5769231 1.28
-1.230769 0.5769231 1.28
-1.230769 0.5769231 1.28
-1.230769 0.5769231 1.28
-1.230769 0.5769231 1.28
-1.230769 0.5769231 1.28
-1.230769 0.6538461 1.32
-1.153846 0.7307692 1.32
-1.038462 0.7307692 1.32
-0.9230769 0.7692308 1.32
-0.8846154 0.8461539 1.28
-0.8846154 0.9230769 1.2
-0.8461539 1.038462 1.2
-0.7692308 1.115385 1.32
-0.6153846 1.115385 1.4
-0.4615385 1.115385 1.48
-0.3461539 1.115385 1.44
-0.3076923 1.076923 1.36
-0.2307692 1.115385 1.24
-0.1923077 1.115385 1.08
-0.1538462 1.153846 1
-0.03846154 1.153846 0.92
0.1538462 1.115385 0.8
0.3461539 1.115385 0.76
0.4615385 1 0.84
0.5 1 0.8
0.5384616 1.038462 0.68
0.6923077 1.115385 0.56
0.8846154 1.076923 0.56
1.038462 1 0.64
1.153846 0.8461539 0.84
1.230769 0.6923077 0.92
1.307692 0.6153846 0.92
1.346154 0.5 0.88
1.269231 0.4230769 0.84
1.230769 0.3846154 0.76
1.115385 0.2692308 0.8
1.038462 0.1538462 0.84
1 0.03846154 0.8
0.9615384 -0.03846154 0.8
0.8461539 -0.07692308 0.8
0.6923077 -0.1538462 0.8
0.5384616 -0.1923077 0.84
0.3846154 -0.1923077 0.88
0.3076923 -0.2307692 0.88
0.2692308 -0.2307692 0.84
0.2692308 -0.2307692 0.88
0.2307692 -0.2307692 0.88
0.2692308 -0.2307692 0.88
0.2692308 -0.2307692 0.88
0.3461539 -0.2307692 0.92
0.3461539 -0.1923077 0.92
0.3461539 -0.2307692 0.96
0.2692308 -0.1923077 0.96
0.2692308 -0.1923077 0.96
0.1923077 -0.1923077 0.96
0.1538462 -0.1923077 0.96
0.1538462 -0.2307692 0.96
0.1538462 -0.1923077 0.96
0.1923077 -0.1923077 0.96
0.2307692 -0.1923077 0.96
0.2307692 -0.1538462 0.96
0.2307692 -0.1538462 0.96
0.1923077 -0.1538462 1
0.1538462 -0.1538462 0.96
0.1538462 -0.1538462 0.96
0.1923077 -0.1538462 0.96
0.2307692 -0.1538462 1
0.2692308 -0.1538462 1.08
0.2692308 -0.1153846 1.12
