0.2692308 0.3461539 -0.96
0.2692308 0.3461539 -0.96
0.2692308 0.3461539 -0.96
0.2692308 0.3461539 -0.96
0.2692308 0.3461539 -0.96
0.2692308 0.3461539 -0.96
0.2692308 0.3461539 -0.96
0.2692308 0.4615385 -0.84
0.2692308 0.4615385 -0.84
0.2692308 0.4615385 -0.84
0.2692308 0.4615385 -0.84
0.2692308 0.4615385 -0.84
0.2692308 0.4615385 -0.84
0.3461539 0.5384616 -0.76
0.4230769 0.6153846 -0.56
0.4230769 0.7307692 -0.36
0.4230769 0.8076923 -0.12
0.3461539 0.9230769 0.12
0.3076923 1.115385 0.36
0.2307692 1.269231 0.6
0.07692308 1.346154 0.84
0.03846154 1.461538 0.92
0.07692308 1.423077 1.04
0.07692308 1.384615 1.36
-0.03846154 1.346154 1.64
-0.1923077 1.384615 1.8
-0.3076923 1.5 1.8
-0.3461539 1.615385 1.68
-0.2692308 1.730769 1.56
-0.1153846 1.807692 1.48
0.07692308 1.884615 1.48
0.2307692 1.923077 1.48
0.4230769 1.923077 1.8
0.3846154 1.846154 2.2
0.1923077 1.846154 2.36
0 1.884615 2.2
-0.1923077 1.884615 1.92
-0.3846154 1.884615 1.8
-0.4230769 1.846154 1.84
-0.3461539 1.730769 1.96
-0.1923077 1.615385 2.16
-0.1153846 1.461538 2.48
-0.1153846 1.346154 2.4
-0.1153846 1.307692 2.16
-0.1538462 1.269231 1.88
-0.1923077 1.230769 1.6
-0.1923077 1.192308 1.32
-0.1153846 1.153846 1.16
-0.03846154 1.115385 1.08
0.03846154 1.076923 1.04
0.1153846 1.038462 1.08
0.1538462 1.038462 1.08
0.1538462 1 1.04
0.1153846 0.9615384 0.96
0.03846154 0.9230769 0.84
-0.03846154 0.9230769 0.8
-0.07692308 0.9230769 0.68
-0.1153846 0.9230769 0.68
-0.1538462 0.8846154 0.68
-0.1153846 0.8846154 0.68
-0.07692308 0.8461539 0.68
0 0.8461539 0.64
0.03846154 0.8461539 0.64
0.07692308 0.8461539 0.64
0.1153846 0.8461539 0.6
