0.5 0.5769231 1.16
0.5 0.5769231 1.16
0.5 0.5769231 1.16
0.5 0.5769231 1.16
0.5 0.5769231 1.16
0.5 0.5769231 1.16
0.5 0.5769231 1.16
0.5 0.7307692 1.24
0.5 0.7307692 1.24
0.5 0.7307692 1.24
0.5 0.7307692 1.24
0.5 0.7307692 1.24
0.4615385 0.8461539 1.4
0.3846154 0.9615384 1.68
0.3461539 1.038462 2.04
0.1923077 1.115385 2.44
0 1.230769 2.84
-0.1923077 1.307692 3.16
-0.3076923 1.346154 3.4
-0.3076923 1.307692 3.48
-0.2307692 1.269231 3.4
-0.1923077 1.192308 3.32
-0.1153846 1.192308 3.2
0.07692308 1.192308 3.04
0.1923077 1.192308 2.92
0.2307692 1.307692 2.76
0.2692308 1.384615 2.52
0.3846154 1.423077 2.28
0.5 1.384615 2.04
0.5384616 1.384615 1.88
0.5384616 1.307692 1.8
0.5384616 1.230769 1.68
0.4615385 1.230769 1.56
0.4230769 1.230769 1.28
0.2692308 1.269231 0.96
0.1153846 1.307692 0.68
0.03846154 1.269231 0.52
0 1.230769 0.52
0.03846154 1.153846 0.56
0.1153846 1.115385 0.52
0.1538462 1.076923 0.44
0.07692308 1.038462 0.32
-0.07692308 1.038462 0.08
-0.1538462 1 -0.16
-0.1538462 0.9615384 -0.24
-0.07692308 0.8461539 -0.2
0 0.7692308 -0.2
0.1153846 0.6153846 -0.2
0.1538462 0.4615385 -0.16
0.1538462 0.3461539 -0.24
0.1538462 0.2692308 -0.36
0.1153846 0.1923077 -0.48
0.07692308 0.1153846 -0.6
0.03846154 0 -0.56
0.03846154 -0.1538462 -0.48
0.03846154 -0.3076923 -0.36
0.03846154 -0.4230769 -0.28
0.03846154 -0.5 -0.32
0 -0.5384616 -0.4
0 -0.5384616 -0.44
0 -0.6153846 -0.44
-0.07692308 -0.6538461 -0.32
-0.07692308 -0.6923077 -0.16
-0.07692308 -0.7307692 -0.12
-0.07692308 -0.7307692 -0.04
-0.07692308 -0.7307692 0
-0.1153846 -0.7307692 0.04
-0.1153846 -0.7692308 0.08
-0.07692308 -0.7692308 0.08
-0.07692308 -0.7307692 0.12
-0.1153846 -0.7307692 0.16
-0.1538462 -0.7692308 0.2
-0.1538462 -0.7692308 0.2
-0.1923077 -0.7692308 0.16
-0.1923077 -0.7692308 0.16
-0.1538462 -0.7692308 0.16
-0.1538462 -0.7307692 0.16
-0.1538462 -0.6923077 0.12
-0.1153846 -0.6153846 0.08
-0.03846154 -0.5 0.04
0 -0.3846154 0
0.03846154 -0.3461539 0.04
0.07692308 -0.2692308 0.04
0.07692308 -0.2307692 0.12
0.03846154 -0.2692308 0.2
0 -0.3461539 0.24
-0.07692308 -0.3461539 0.28
-0.1538462 -0.3461539 0.36
-0.1923077 -0.3461539 0.4
-0.1538462 -0.3076923 0.36
