-1.5 0.4615385 1.8
-1.5 0.4615385 1.8
-1.5 0.4615385 1.8
-1.5 0.4615385 1.8
-1.5 0.4615385 1.8
-1.5 0.4615385 1.8
-1.5 0.4615385 1.8
-1.5 0.4615385 1.8
-1.5 0.4615385 1.8
-1.5 0.4615385 1.8
-1.5 0.4615385 1.8
-1.576923 0.5384616 1.8
-1.576923 0.6153846 1.76
-1.346154 0.8076923 1.64
-1.192308 0.8846154 1.56
-1 1 1.48
-0.8076923 1.115385 1.36
-0.6538461 1.153846 1.28
-0.5384616 1.192308 1.24
-0.4230769 1.192308 1.24
-0.3846154 1.192308 1.24
-0.3461539 1.230769 1.28
-0.2692308 1.269231 1.24
-0.1923077 1.346154 1.12
-0.07692308 1.423077 1
0.07692308 1.5 1
0.2307692 1.5 1.08
0.4230769 1.5 1.16
0.5384616 1.461538 1.12
0.5769231 1.346154 1.08
0.5769231 1.230769 1.04
0.5384616 1.192308 0.96
0.5384616 1.153846 0.76
0.5769231 1.192308 0.6
0.7692308 1.192308 0.56
1 1.115385 0.6
1.192308 1 0.68
1.346154 0.8076923 0.76
1.384615 0.6153846 0.76
1.307692 0.5 0.68
1.192308 0.4230769 0.56
1.038462 0.3846154 0.44
1.038462 0.3461539 0.44
1.038462 0.2307692 0.44
1.038462 0.1153846 0.52
1.038462 0.03846154 0.6
0.9615384 -0.03846154 0.72
0.8461539 -0.07692308 0.8
0.7692308 -0.07692308 0.8
0.6923077 -0.07692308 0.8
0.5769231 -0.07692308 0.8
0.5 -0.07692308 0.84
0.5 -0.1153846 0.84
0.5 -0.1538462 0.84
0.5 -0.1538462 0.88
0.4615385 -0.1538462 0.96
0.3846154 -0.1923077 1
0.3846154 -0.1538462 1
0.3461539 -0.1923077 0.96
0.3076923 -0.1923077 0.92
0.3076923 -0.1923077 0.88
0.3461539 -0.1923077 0.88
0.3076923 -0.1923077 0.92
0.2692308 -0.2307692 0.96
0.1923077 -0.2307692 1
0.1538462 -0.2307692 1.04
0.1538462 -0.1923077 1.04
0.1923077 -0.1923077 1.04
0.1923077 -0.2307692 1
0.2307692 -0.1923077 1
0.2692308 -0.1923077 1
0.2692308 -0.1538462 0.96
0.2692308 -0.1153846 1
0.3076923 -0.07692308 1
0.2692308 -0.1153846 1
