-1.230769 -0.1153846 0.16
-1.230769 -0.1153846 0.16
-1.230769 -0.1153846 0.16
-1.230769 -0.1153846 0.16
-1.230769 -0.1153846 0.16
-1.230769 -0.1153846 0.16
-1.230769 -0.1153846 0.16
-1.230769 -0.1153846 0.16
-1.346154 -0.07692308 0.08
-1.346154 -0.07692308 0.08
-1.346154 -0.07692308 0.08
-1.307692 -0.07692308 0
-1.115385 -0.07692308 -0.04
-0.9230769 -0.07692308 0.12
-0.8076923 -0.1153846 0.32
-0.7692308 -0.07692308 0.48
-0.8461539 0 0.48
-0.9230769 0.03846154 0.4
-0.9615384 0.07692308 0.36
-0.9230769 0.07692308 0.4
-0.8076923 0.07692308 0.48
-0.6923077 0.07692308 0.56
-0.5769231 0.07692308 0.6
-0.4615385 0.07692308 0.6
-0.3846154 0.07692308 0.6
-0.3461539 0.03846154 0.64
-0.2692308 0 0.64
-0.1538462 -0.03846154 0.68
-0.03846154 -0.03846154 0.72
0.07692308 0 0.76
0.1538462 0.07692308 0.88
0.1923077 0.07692308 1
0.1923077 0.07692308 1.12
0.3461539 0.1153846 1.28
0.5384616 0.1538462 1.36
0.6923077 0.1923077 1.44
0.8461539 0.2307692 1.48
0.9615384 0.2307692 1.44
1.115385 0.2307692 1.36
1.307692 0.1538462 1.32
1.461538 0.1153846 1.28
1.5 0.03846154 1.2
1.538462 0 1.16
1.538462 0 1.04
1.538462 0 1
1.461538 -0.03846154 0.96
1.384615 -0.07692308 0.96
1.307692 -0.07692308 1
1.192308 -0.07692308 1.04
1.076923 -0.07692308 1.04
0.9615384 -0.07692308 1
0.9230769 -0.07692308 1
0.8846154 0 0.96
0.9230769 0 0.88
0.9615384 0.03846154 0.8
1 0.07692308 0.76
0.9615384 0.1153846 0.72
0.8461539 0.1923077 0.68
0.6923077 0.2692308 0.64
0.5769231 0.3461539 0.6
0.5 0.4230769 0.64
0.5 0.4615385 0.68
0.4615385 0.4615385 0.68
0.4230769 0.4615385 0.72
0.3461539 0.4615385 0.8
0.1923077 0.4615385 0.96
0.07692308 0.5384616 1.04
0.07692308 0.5769231 1
0.07692308 0.6538461 0.96
0.1153846 0.6923077 0.96
0.1538462 0.7692308 0.96
0.1538462 0.7692308 1.04
0.07692308 0.8076923 1.12
-0.03846154 0.8076923 1.2
-0.1538462 0.8461539 1.24
-0.2307692 0.8461539 1.2
-0.2692308 0.8846154 1.16
-0.3076923 0.8846154 1.12
-0.2307692 0.9230769 1.08
-0.2307692 0.9230769 1.12
-0.3076923 0.9230769 1.24
-0.3846154 0.8846154 1.36
-0.4230769 0.8846154 1.36
-0.4615385 0.8461539 1.28
-0.5 0.8461539 1.24
-0.5 0.8076923 1.2
-0.4615385 0.7692308 1.16
-0.3846154 0.7692308 1.12
-0.3076923 0.7692308 1.08
-0.3076923 0.7692308 1.12
-0.3076923 0.7307692 1.12
-0.3076923 0.6923077 1.16
-0.2692308 0.6923077 1.12
-0.3076923 0.6538461 1.08
-0.3076923 0.6538461 1.04
-0.2692308 0.6153846 1.04
-0.2307692 0.6153846 1
-0.1923077 0.6153846 1
-0.1923077 0.6153846 1.04
-0.1923077 0.6153846 1.04
-0.1538462 0.5769231 1.04
-0.1538462 0.5769231 1.04
-0.1153846 0.5384616 1.04
-0.07692308 0.5384616 1
-0.03846154 0.5384616 1
0 0.5384616 0.96
0.07692308 0.5769231 0.92
0.1153846 0.5769231 0.92
0.1923077 0.5769231 0.92
0.1923077 0.5384616 0.92
0.2307692 0.5384616 0.96
0.2307692 0.5 0.96
0.2307692 0.5384616 0.92
0.2307692 0.5384616 0.92
0.1923077 0.5 0.92
0.1923077 0.5 0.92
0.1923077 0.5384616 0.92
0.2307692 0.5769231 0.84
