-0.8461539 -0.1538462 0
-0.8461539 -0.1538462 0
-0.8461539 -0.1538462 0
-0.8461539 -0.1538462 0
-0.8461539 -0.1538462 0
-0.8461539 -0.1538462 0
-0.8461539 -0.1538462 0
-0.8461539 -0.1538462 0
-0.8461539 -0.1538462 0
-1.038462 -0.07692308 0.04
-1.038462 -0.07692308 0.04
-1.038462 -0.07692308 0.04
-1.192308 -0.03846154 0.04
-1.192308 0 0.08
-1.115385 0.03846154 0.12
-1 0.1153846 0.24
-0.8846154 0.1538462 0.4
-0.8076923 0.1923077 0.56
-0.7307692 0.1538462 0.64
-0.6153846 0.1538462 0.68
-0.5384616 0.1153846 0.68
-0.4230769 0.1153846 0.68
-0.3076923 0.1153846 0.76
-0.2307692 0.1923077 0.84
-0.2307692 0.2692308 0.92
-0.2307692 0.3076923 0.96
-0.1923077 0.2307692 1.04
-0.03846154 0.1538462 1.12
0.1538462 0.1153846 1.2
0.3076923 0.1153846 1.2
0.3461539 0.1538462 1.2
0.3076923 0.2307692 1.2
0.2692308 0.1923077 1.24
0.3846154 0.1538462 1.28
0.6153846 0.1153846 1.28
0.8461539 0.07692308 1.28
1.038462 0.03846154 1.28
1.153846 0.03846154 1.28
1.230769 0.07692308 1.32
1.230769 0.07692308 1.32
1.269231 0.03846154 1.28
1.269231 0 1.28
1.307692 -0.03846154 1.28
1.269231 -0.07692308 1.32
1.269231 -0.1153846 1.32
1.230769 -0.07692308 1.32
1.192308 -0.07692308 1.32
1.192308 -0.03846154 1.24
1.153846 -0.03846154 1.16
1.192308 -0.03846154 1
1.269231 0 0.92
1.346154 0.03846154 0.84
1.346154 0.07692308 0.8
1.384615 0.1923077 0.8
1.384615 0.2692308 0.76
1.346154 0.3076923 0.76
1.269231 0.3076923 0.76
1.153846 0.3076923 0.76
1.038462 0.3461539 0.72
0.8846154 0.3846154 0.72
0.8076923 0.4230769 0.68
0.6923077 0.5 0.64
0.6538461 0.5384616 0.56
0.6538461 0.6153846 0.52
0.6153846 0.6538461 0.52
0.5769231 0.6923077 0.56
0.4615385 0.7307692 0.64
0.2692308 0.8076923 0.68
0.1153846 0.8461539 0.72
-0.03846154 0.9615384 0.68
-0.07692308 1 0.76
-0.1153846 1.038462 0.88
-0.1923077 1.076923 1.04
-0.3461539 1.076923 1.2
-0.4615385 1.076923 1.32
-0.5384616 1.038462 1.32
-0.5384616 1.038462 1.24
-0.5 1 1.16
-0.4230769 1.038462 1.12
-0.3461539 1.115385 1.16
-0.3461539 1.115385 1.28
-0.4615385 1.076923 1.4
-0.5769231 1.038462 1.48
-0.6538461 0.9615384 1.48
-0.6923077 0.8846154 1.4
-0.7307692 0.8461539 1.36
-0.6923077 0.7692308 1.28
-0.5384616 0.7692308 1.24
-0.3846154 0.7307692 1.2
-0.1923077 0.7692308 1.12
-0.07692308 0.7692308 1.04
0 0.7692308 1
0 0.7307692 1
0 0.7307692 1
0 0.6923077 1.04
0 0.6538461 1.08
-0.03846154 0.6153846 1.08
-0.03846154 0.5769231 1.08
0 0.5769231 1.08
0.03846154 0.5769231 1.04
0.07692308 0.5769231 1
0.1153846 0.6153846 0.92
0.1153846 0.5769231 0.88
0.1538462 0.5769231 0.88
0.1538462 0.5384616 0.84
0.1923077 0.5 0.88
0.1923077 0.5 0.88
0.1923077 0.5 0.92
0.1538462 0.5 0.84
