-0.6538461 0.8461539 0.68
-0.6538461 0.8461539 0.68
-0.6538461 0.8461539 0.68
-0.6538461 0.8461539 0.68
-0.6538461 0.8461539 0.68
-0.6538461 0.8461539 0.68
-0.6538461 0.8461539 0.68
-0.6538461 0.8461539 0.68
-0.6538461 0.8461539 0.68
-0.6538461 0.8461539 0.68
-0.6538461 0.8461539 0.68
-0.6538461 0.8461539 0.68
-0.6538461 0.8461539 0.68
-0.6538461 0.9615384 0.76
-0.6923077 1.076923 0.96
-0.7307692 1.192308 1.24
-0.6923077 1.230769 1.48
-0.5769231 1.269231 1.6
-0.4615385 1.346154 1.72
-0.3461539 1.384615 1.76
-0.3076923 1.461538 1.68
-0.2692308 1.538462 1.52
-0.2692308 1.576923 1.32
-0.2307692 1.615385 1.2
-0.1153846 1.615385 1.24
-0.03846154 1.615385 1.36
0 1.615385 1.36
0 1.615385 1.32
-0.1153846 1.615385 1.2
-0.1923077 1.692308 1.12
-0.1538462 1.730769 1.2
-0.07692308 1.807692 1.44
0 1.884615 1.76
0 2.038461 1.96
0 2.192308 2.04
0.07692308 2.307692 2.04
0.2307692 2.384615 2.12
0.4230769 2.538461 2.12
0.6538461 2.692308 2
0.9230769 2.807692 1.76
1.115385 2.769231 1.64
1.307692 2.615385 1.6
1.461538 2.423077 1.68
1.538462 2.307692 1.56
1.5 2.153846 1.24
1.346154 2.038461 0.84
1.115385 1.846154 0.64
1 1.615385 0.6
1 1.269231 0.64
1 1.192308 0.72
1 1.115385 0.76
1 1.153846 0.72
0.9615384 1.153846 0.48
0.8076923 1.192308 0.24
0.5769231 1.153846 0.08
0.4230769 1.038462 0.08
0.3846154 0.9230769 0.16
0.4230769 0.7692308 0.28
0.3846154 0.6923077 0.36
0.3461539 0.6538461 0.32
0.2307692 0.6538461 0.16
0.1153846 0.6538461 -0.04
0.03846154 0.6153846 -0.2
-0.07692308 0.5769231 -0.2
-0.1538462 0.5 -0.24
-0.2307692 0.4615385 -0.24
-0.2307692 0.4230769 -0.28
-0.1923077 0.4230769 -0.32
-0.1923077 0.3846154 -0.28
-0.1923077 0.3076923 -0.28
-0.2307692 0.2692308 -0.24
-0.2692308 0.3076923 -0.2
-0.3461539 0.3461539 -0.12
-0.4615385 0.4230769 -0.08
-0.5384616 0.4615385 -0.04
-0.5769231 0.4230769 0
-0.5769231 0.3461539 -0.12
-0.5 0.3076923 -0.16
-0.4615385 0.3461539 -0.16
-0.5384616 0.4230769 -0.04
-0.5769231 0.5384616 0.08
-0.6538461 0.6153846 0.16
-0.7307692 0.6538461 0.24
-0.8846154 0.5384616 0.2
-0.9230769 0.5 0.12
-1.076923 0.4615385 0.08
-1.153846 0.4615385 0.16
-1.230769 0.5 0.28
-1.230769 0.5384616 0.48
-1.153846 0.5384616 0.6
-1.076923 0.5 0.64
-0.9230769 0.5 0.64
-0.8846154 0.5384616 0.64
-0.9615384 0.5384616 0.68
-0.9615384 0.6153846 0.72
-0.8846154 0.6923077 0.72
-0.8461539 0.7307692 0.8
-0.8461539 0.7692308 0.92
-0.8461539 0.6923077 1.08
-0.8461539 0.6538461 1.24
-0.8076923 0.6538461 1.44
-0.7692308 0.6153846 1.56
-0.7692308 0.6538461 1.6
-0.7692308 0.6923077 1.56
-0.7307692 0.7692308 1.48
-0.5769231 0.8461539 1.32
-0.3846154 0.9615384 1.16
-0.1538462 1 1.04
0.07692308 1.038462 1.04
0.2307692 1 1.08
0.3461539 0.9615384 1.16
0.3461539 0.9230769 1.24
0.1923077 0.9615384 1.32
0.07692308 1 1.36
0.03846154 1.076923 1.32
0.07692308 1.115385 1.28
0.3461539 1.115385 1.28
0.6538461 1.076923 1.4
0.9230769 1 1.56
1.115385 0.9230769 1.64
1.153846 0.8461539 1.68
1.153846 0.8076923 1.68
1.076923 0.7307692 1.72
0.9230769 0.6538461 1.68
0.8076923 0.6538461 1.56
0.8076923 0.5769231 1.32
0.7692308 0.5384616 1.16
0.7692308 0.5 1.08
0.8076923 0.4615385 1.12
0.8461539 0.4230769 1.12
0.8461539 0.3846154 1.12
0.8076923 0.3846154 1.12
0.7692308 0.3461539 1.04
0.6538461 0.3461539 1
0.5769231 0.3846154 0.92
0.5384616 0.3846154 0.84
0.4615385 0.4230769 0.76
