1385109456445 89530898919535 246242000000 -1.991976 0.153229 9.806650
1385109456532 89530986932230 246352000000 -2.145205 0.306458 10.113108
1385109456645 89531098199320 246462000000 -1.838747 0.459687 10.266337
1385109456760 89531213159037 246572000000 -2.451663 -1.838747 9.806650
1385109456871 89531324670267 246682000000 -1.379060 -5.363012 10.879252
1385109456983 89531436974955 246792000000 -0.459687 -5.056554 10.419566
1385109457098 89531551171732 246902000000 1.838747 -0.459687 10.419566
1385109457211 89531664391947 247012000000 1.072602 4.596867 10.113108
1385109457325 89531778314066 247122000000 -0.459687 4.596867 7.814674
1385109457412 89531865533304 247232000000 -1.379060 3.064578 3.983952
1385109457525 89531978509379 247342000000 0.153229 1.379060 0.919373
1385109457662 89532115655375 247452000000 8.427590 -2.758120 3.217807
1385109457750 89532203088236 247562000000 15.476120 -2.451663 10.879252
1385109457862 89532315728617 247672000000 13.790602 -1.072602 13.943830
1385109457974 89532427911234 247782000000 9.500193 -3.524265 6.435614
1385109458088 89532541161967 247892000000 9.193734 -2.604892 3.830723
1385109458201 89532654931498 248002000000 9.193734 -4.290410 3.371036
1385109458314 89532767754984 248112000000 9.346964 -3.677494 3.371036
1385109458403 89532856408549 248222000000 9.040505 -3.677494 3.524265
1385109458517 89532970788431 248332000000 9.193734 -3.830723 3.371036
1385109458630 89533083703470 248442000000 9.806650 -3.983952 4.290410
1385109458743 89533196740580 248552000000 8.734048 -3.677494 1.991976
