0.1538462 0.4230769 1.04
0.1538462 0.4230769 1.04
0.1538462 0.4230769 1.04
0.1538462 0.4230769 1.04
0.1538462 0.4230769 1.04
0.1538462 0.4230769 1.04
0.1538462 0.4230769 1.04
0.1538462 0.4230769 1.04
0.1538462 0.4230769 1.04
0.1538462 0.4230769 1.04
0.1538462 0.4230769 1.04
0.1538462 0.4230769 1.04
0.1153846 0.4230769 1.28
0.03846154 0.3461539 1.64
0 0.3461539 2.04
0.03846154 0.3076923 2.24
0.1153846 0.3461539 2.28
0.1923077 0.3846154 2.2
0.2692308 0.4230769 2.08
0.2692308 0.4615385 2.12
0.2692308 0.4615385 2.16
0.2692308 0.4230769 2.24
0.2307692 0.4230769 2.28
0.1923077 0.4615385 2.24
0.1538462 0.5 2.2
0.1538462 0.5384616 2.2
0.1923077 0.5384616 2.16
0.1538462 0.5384616 2.12
0.1153846 0.5769231 2.04
0.1153846 0.5769231 1.96
0.1153846 0.5769231 1.84
0.1153846 0.5769231 1.76
0.1153846 0.6153846 1.68
0.1538462 0.5769231 1.64
0.1538462 0.5769231 1.52
0.1538462 0.5769231 1.44
0.1538462 0.5769231 1.4
0.1538462 0.5769231 1.36
0.1538462 0.5384616 1.32
0.1538462 0.5769231 1.28
0.1538462 0.5769231 1.24
0.1538462 0.5769231 1.16
0.1538462 0.5384616 1.08
0.1538462 0.5 0.96
0.1538462 0.5 0.84
0.1538462 0.5 0.68
0.1538462 0.4615385 0.64
0.1538462 0.4230769 0.6
0.1538462 0.3846154 0.52
0.1538462 0.3076923 0.48
0.1538462 0.3076923 0.44
0.1538462 0.2692308 0.4
0.1538462 0.2307692 0.36
0.1538462 0.1923077 0.32
0.1153846 0.1153846 0.24
0.1153846 0.07692308 0.16
0.07692308 0.03846154 0.16
0.03846154 0 0.12
0 -0.07692308 0.12
0 -0.1538462 0.08
0 -0.1923077 0.04
0 -0.2307692 0
-0.03846154 -0.2692308 0
-0.07692308 -0.3076923 0.04
-0.07692308 -0.3846154 0
-0.07692308 -0.4230769 0
-0.07692308 -0.4230769 0.04
-0.07692308 -0.4615385 0.04
-0.07692308 -0.5 0.04
-0.07692308 -0.5 0.04
-0.03846154 -0.5384616 0.08
