0.03846154 0.3461539 1
0.03846154 0.3461539 1
0.03846154 0.3461539 1
0.03846154 0.3461539 1
0.03846154 0.3461539 1
0.07692308 0.3461539 1.04
0.07692308 0.3461539 1.04
0.1153846 0.3461539 1.16
0.1153846 0.3461539 1.16
0.1153846 0.3461539 1.16
0.1153846 0.3461539 1.16
0.1153846 0.3461539 1.28
0.1153846 0.3461539 1.28
0.1153846 0.3461539 1.28
0.07692308 0.2692308 1.48
0 0.1923077 1.72
-0.1153846 0.07692308 1.92
-0.1538462 0 2.04
-0.1153846 -0.03846154 2.04
0 0 2.04
0.1153846 0.07692308 2.08
0.2307692 0.1923077 2.16
0.2307692 0.1923077 2.24
0.1923077 0.1923077 2.36
0.1153846 0.1538462 2.44
0.03846154 0.1153846 2.44
-0.07692308 0.07692308 2.48
-0.1153846 0.07692308 2.44
-0.1153846 0.1153846 2.4
-0.07692308 0.1923077 2.32
-0.07692308 0.2307692 2.2
0 0.3076923 2.16
0 0.3461539 2.08
0.07692308 0.3846154 1.96
0.07692308 0.4230769 1.84
0.1153846 0.4615385 1.76
0.1153846 0.5 1.68
0.1153846 0.5 1.6
0.1153846 0.5 1.52
0.07692308 0.5384616 1.44
0.07692308 0.5384616 1.36
0.07692308 0.5 1.28
0.1153846 0.5 1.16
0.1153846 0.5 1.08
0.1538462 0.5 1.04
0.1538462 0.5 1
0.1538462 0.5 0.96
0.1538462 0.5 0.88
0.1153846 0.4615385 0.76
0.1153846 0.3846154 0.64
0.1538462 0.3461539 0.56
0.1538462 0.3076923 0.48
0.1538462 0.2692308 0.4
0.1538462 0.2692308 0.36
0.1538462 0.1923077 0.32
0.1538462 0.1923077 0.32
0.1923077 0.1153846 0.24
0.1923077 0.07692308 0.2
0.1538462 0.03846154 0.2
0.1153846 0 0.16
0.07692308 -0.07692308 0.16
0 -0.1153846 0.12
0 -0.1538462 0.12
-0.07692308 -0.3076923 0.08
-0.07692308 -0.3461539 0.08
-0.1153846 -0.3461539 0.04
-0.1538462 -0.3846154 0.04
-0.1538462 -0.4230769 0
-0.1923077 -0.4230769 0
-0.2307692 -0.4230769 0.04
-0.2692308 -0.4615385 -0.04
-0.3076923 -0.5384616 -0.2
