-0.03846154 0.4230769 1.6
-0.03846154 0.4230769 1.6
-0.03846154 0.4230769 1.6
-0.03846154 0.4230769 1.6
-0.03846154 0.4230769 1.6
-0.03846154 0.4230769 1.6
-0.03846154 0.4230769 1.6
-0.03846154 0.4230769 1.6
-0.03846154 0.4230769 1.6
-0.03846154 0.4230769 1.6
-0.03846154 0.3461539 1.84
-0.03846154 0.3461539 1.84
-0.07692308 0.2692308 2
-0.1153846 0.2307692 2.08
-0.1538462 0.2307692 2.16
-0.1923077 0.2307692 2.2
-0.1923077 0.2692308 2.2
-0.1923077 0.2692308 2.16
-0.1538462 0.3076923 2.08
-0.1538462 0.3461539 2.04
-0.1153846 0.3846154 2
-0.07692308 0.4230769 1.92
-0.03846154 0.4230769 1.84
0 0.4615385 1.8
0.03846154 0.5 1.72
0.03846154 0.5 1.72
0 0.5 1.72
0 0.5 1.72
0 0.5 1.72
0 0.5 1.72
0.03846154 0.5 1.68
0.03846154 0.5384616 1.6
0.07692308 0.5 1.56
0.07692308 0.5 1.52
0.07692308 0.5 1.48
0.07692308 0.5 1.44
0.07692308 0.5 1.44
0.07692308 0.4615385 1.36
0.07692308 0.4615385 1.32
0.07692308 0.5 1.28
0.07692308 0.5 1.2
0.07692308 0.4230769 1.12
0.07692308 0.3846154 1.04
0.07692308 0.3846154 0.96
0.07692308 0.3846154 0.92
0.07692308 0.3461539 0.88
0.03846154 0.3461539 0.84
0.03846154 0.3076923 0.8
0.07692308 0.3076923 0.76
0.07692308 0.2692308 0.72
0.07692308 0.2692308 0.64
0.07692308 0.1923077 0.6
0.07692308 0.1538462 0.56
0.1153846 0.1538462 0.52
0.1153846 0.1153846 0.52
0.1538462 0.07692308 0.52
0.1538462 0.03846154 0.48
0.1153846 0 0.44
0.07692308 -0.07692308 0.4
0.03846154 -0.1153846 0.4
0.03846154 -0.1538462 0.32
0 -0.2307692 0.28
0 -0.2692308 0.28
0 -0.3076923 0.28
-0.03846154 -0.3076923 0.28
-0.07692308 -0.3461539 0.24
-0.1153846 -0.3846154 0.24
-0.1153846 -0.4230769 0.2
-0.1538462 -0.4230769 0.16
-0.1923077 -0.4230769 0.16
-0.1923077 -0.4615385 0.12
-0.2307692 -0.5 0.08
-0.2307692 -0.5 0
-0.2307692 -0.5384616 -0.12
-0.2307692 -0.5769231 -0.2
