-0.5384616 0 1.16
-0.5384616 0 1.16
-0.5384616 0 1.16
-0.5384616 0 1.16
-0.5384616 0 1.16
-0.5384616 0 1.16
-0.5384616 0 1.16
-0.5384616 0 1.16
-0.5384616 0 1.16
-0.5384616 0 1.16
-0.6538461 0 1.2
-0.7692308 0 1.24
-0.7692308 0 1.24
-0.7692308 0 1.24
-0.8846154 0 1.32
-0.9230769 0.03846154 1.36
-0.9230769 0.1153846 1.36
-0.8461539 0.1923077 1.32
-0.8076923 0.2692308 1.32
-0.7307692 0.3076923 1.24
-0.6538461 0.3461539 1.2
-0.6153846 0.3461539 1.16
-0.6538461 0.3461539 1.16
-0.6538461 0.3461539 1.24
-0.6538461 0.3846154 1.32
-0.6923077 0.3846154 1.36
-0.6923077 0.4230769 1.36
-0.6923077 0.4615385 1.4
-0.6153846 0.5 1.36
-0.5769231 0.5769231 1.36
-0.5 0.6538461 1.4
-0.4615385 0.7307692 1.36
-0.3846154 0.7692308 1.36
-0.3076923 0.8076923 1.36
-0.2307692 0.8461539 1.32
-0.1538462 0.8846154 1.36
-0.03846154 0.9230769 1.32
-0.03846154 0.9230769 1.4
-0.03846154 0.8846154 1.52
0 0.8846154 1.6
0.03846154 0.8846154 1.68
0.1153846 0.9230769 1.68
0.1923077 0.9230769 1.6
0.1923077 0.8846154 1.48
0.1923077 0.8461539 1.52
0.2692308 0.8461539 1.64
0.3461539 0.8461539 1.72
0.5 0.8846154 1.72
0.6153846 0.9230769 1.76
0.7692308 0.9615384 1.76
0.9230769 0.9615384 1.72
1.038462 0.9615384 1.64
1.230769 0.9615384 1.56
1.346154 1 1.48
1.384615 0.9615384 1.52
1.423077 1 1.52
1.384615 1 1.52
1.384615 0.9615384 1.48
1.384615 0.9615384 1.44
1.384615 0.9615384 1.32
1.384615 0.9230769 1.24
1.461538 0.9615384 1.12
1.538462 0.9615384 1
1.538462 0.9615384 0.88
1.576923 1 0.76
1.538462 1 0.72
1.461538 1 0.72
1.384615 0.9615384 0.68
1.307692 0.9615384 0.56
1.269231 0.9230769 0.44
1.269231 0.8846154 0.4
1.230769 0.8846154 0.36
1.153846 0.8461539 0.28
1.076923 0.8076923 0.24
1 0.7692308 0.12
0.8846154 0.7307692 0.04
0.8076923 0.6923077 -0.04
0.6153846 0.6153846 -0.08
0.5 0.5769231 -0.08
0.3846154 0.5769231 -0.12
0.2692308 0.5384616 -0.12
0.2307692 0.5384616 -0.12
0.1923077 0.5384616 -0.16
0.1153846 0.5384616 -0.16
0.07692308 0.5384616 -0.2
0 0.5 -0.28
-0.07692308 0.4615385 -0.32
-0.1923077 0.4230769 -0.32
-0.2692308 0.3846154 -0.28
-0.3461539 0.3076923 -0.24
-0.4230769 0.2692308 -0.2
-0.4615385 0.1923077 -0.24
-0.5384616 0.1538462 -0.32
-0.5769231 0.1153846 -0.4
-0.5769231 0.07692308 -0.4
-0.5769231 0.07692308 -0.4
-0.5384616 0.07692308 -0.36
-0.5769231 0.07692308 -0.4
-0.6153846 0.03846154 -0.52
-0.6538461 0.03846154 -0.64
-0.6538461 0.03846154 -0.68
-0.6538461 0.07692308 -0.48
-0.6923077 0.07692308 0.04
-0.7307692 0.1153846 0.24
-0.7307692 0.1538462 0.28
-0.6538461 0.2307692 0.2
-0.6153846 0.3076923 0.16
-0.5384616 0.4230769 0.28
-0.5 0.4615385 0.44
-0.5 0.4615385 0.6
-0.5769231 0.5 0.76
-0.6538461 0.5384616 0.8
-0.7307692 0.5384616 0.8
-0.8076923 0.5384616 0.84
-0.8461539 0.5384616 1.04
-0.9230769 0.5 1.32
-1 0.4615385 1.52
-1 0.4230769 1.6
-1.076923 0.3846154 1.6
-1.153846 0.3846154 1.64
-1.230769 0.3461539 1.76
-1.269231 0.3461539 1.96
-1.307692 0.3461539 2.2
-1.307692 0.2692308 2.28
-1.307692 0.2307692 2.24
-1.230769 0.2692308 2.16
-1.153846 0.3076923 2.08
-1 0.3846154 2
-0.8846154 0.4230769 2
-0.7692308 0.5 2.04
-0.6923077 0.5 2.16
-0.6538461 0.5 2.24
-0.6538461 0.5 2.32
-0.6153846 0.4615385 2.28
-0.5 0.5 2.2
-0.4230769 0.5 2.12
-0.2692308 0.5769231 2
-0.1538462 0.6538461 1.88
-0.03846154 0.6923077 1.76
0.07692308 0.7307692 1.64
0.1538462 0.7307692 1.56
0.2307692 0.7307692 1.56
0.3076923 0.7692308 1.56
0.4230769 0.8076923 1.48
0.5384616 0.8461539 1.36
0.5769231 0.8076923 1.36
0.5769231 0.7692308 1.4
0.6923077 0.7692308 1.36
0.8461539 0.8461539 1.4
