-0.3846154 0.4230769 1
-0.3846154 0.4230769 1
-0.3846154 0.4230769 1
-0.3846154 0.4230769 1
-0.3846154 0.4230769 1
-0.3846154 0.4230769 1
-0.3846154 0.4230769 1
-0.3846154 0.4230769 1
-0.1923077 0.5 1
-0.1923077 0.5 1
-0.1923077 0.5 1
-0.1923077 0.5 1
-0.1923077 0.5 1
-0.03846154 0.6153846 1.04
0 0.6153846 1.12
-0.07692308 0.5769231 1.2
-0.1538462 0.5 1.28
-0.2692308 0.4615385 1.4
-0.3846154 0.3846154 1.52
-0.4615385 0.3461539 1.52
-0.5384616 0.3076923 1.52
-0.5384616 0.3076923 1.48
-0.5384616 0.3461539 1.44
-0.5384616 0.3846154 1.4
-0.5384616 0.4230769 1.4
-0.5 0.5 1.4
-0.4615385 0.5384616 1.44
-0.4615385 0.6153846 1.44
-0.4230769 0.6538461 1.44
-0.3846154 0.6538461 1.36
-0.3846154 0.6538461 1.32
-0.3461539 0.7307692 1.36
-0.2692308 0.8076923 1.52
-0.1538462 0.8846154 1.68
-0.03846154 1.038462 1.88
0.1153846 1.192308 1.96
0.3076923 1.307692 1.84
0.5 1.346154 1.76
0.6538461 1.384615 1.64
0.7692308 1.346154 1.56
0.9230769 1.307692 1.48
1 1.307692 1.52
1.038462 1.269231 1.56
1.076923 1.269231 1.64
1.153846 1.192308 1.64
1.307692 1.269231 1.6
1.307692 1.269231 1.6
1.346154 1.307692 1.52
1.346154 1.307692 1.44
1.346154 1.269231 1.24
1.384615 1.230769 1.08
1.461538 1.230769 0.96
1.5 1.269231 0.96
1.538462 1.269231 0.92
1.576923 1.307692 0.92
1.538462 1.346154 0.8
1.5 1.307692 0.64
1.423077 1.269231 0.52
1.346154 1.192308 0.4
1.230769 1.153846 0.32
1.192308 1.153846 0.24
1.115385 1.115385 0.16
1.038462 1.076923 0.08
0.9230769 1 0
0.8076923 0.8846154 -0.12
0.6923077 0.8076923 -0.2
0.6153846 0.7307692 -0.28
0.5769231 0.6923077 -0.28
0.5 0.6538461 -0.28
0.3846154 0.6153846 -0.36
0.3846154 0.6153846 -0.36
0.3461539 0.5384616 -0.4
0.2692308 0.5 -0.4
0.2307692 0.4615385 -0.36
0.1923077 0.4230769 -0.28
0.1538462 0.4230769 -0.2
0.1153846 0.4230769 -0.16
0.03846154 0.3846154 -0.12
-0.03846154 0.3846154 -0.12
-0.1153846 0.3076923 -0.16
-0.1538462 0.3076923 -0.2
-0.1923077 0.3076923 -0.2
-0.2307692 0.3461539 -0.2
-0.2692308 0.3076923 -0.24
-0.3846154 0.2692308 -0.28
-0.4615385 0.1923077 -0.24
-0.5769231 0.1538462 -0.24
-0.6153846 0.1153846 -0.2
-0.6153846 0.1538462 -0.16
-0.5769231 0.2307692 -0.08
-0.5 0.2692308 -0.04
-0.5 0.3461539 0
-0.5769231 0.3461539 0
-0.6923077 0.3076923 0.04
-0.8076923 0.2307692 0.04
-0.8846154 0.1538462 0.12
-0.9230769 0.1538462 0.32
-0.9615384 0.1538462 0.52
-0.9615384 0.2307692 0.68
-1 0.3076923 0.8
-1 0.2692308 0.8
-1 0.2692308 0.68
-1.038462 0.2692308 0.64
-1 0.3076923 0.68
-0.9615384 0.3846154 0.84
-0.9230769 0.4230769 0.92
-0.8846154 0.5384616 0.96
-0.8461539 0.6153846 1.04
-0.8846154 0.6153846 1.16
-0.9615384 0.5769231 1.32
-1 0.5 1.52
-1.115385 0.4615385 1.72
-1.230769 0.4230769 1.92
-1.269231 0.3846154 2
-1.269231 0.3846154 2.04
-1.153846 0.4230769 2.12
-1.038462 0.4615385 2.16
-0.9230769 0.4615385 2.2
-0.8846154 0.4615385 2.2
-0.8461539 0.4615385 2.24
-0.8461539 0.4615385 2.2
-0.8076923 0.5 2.12
-0.7307692 0.5 2.04
-0.6153846 0.5384616 2.04
-0.5384616 0.5769231 2
-0.4230769 0.6153846 1.96
-0.2692308 0.6538461 1.88
-0.1538462 0.6923077 1.8
-0.07692308 0.6923077 1.72
-0.03846154 0.6923077 1.68
0.03846154 0.7307692 1.64
0.1153846 0.7692308 1.56
0.1923077 0.7307692 1.48
0.2307692 0.7307692 1.44
0.3076923 0.7307692 1.4
0.3846154 0.7307692 1.36
0.4230769 0.6923077 1.28
0.4615385 0.6923077 1.2
0.5 0.7307692 1.16
0.5384616 0.7692308 1.08
0.6153846 0.7307692 1.04
0.7307692 0.6923077 1
0.8461539 0.6923077 0.96
1 0.7307692 0.92
1.115385 0.7692308 0.96
1.115385 0.8076923 0.96
1.115385 0.7692308 0.92
1.038462 0.6923077 0.88
1 0.6153846 0.8
