0.4615385 0.2307692 1.08
0.4615385 0.2307692 1.08
0.4615385 0.2307692 1.08
0.4615385 0.2307692 1.08
0.4615385 0.2307692 1.08
0.4615385 0.2307692 1.08
0.5384616 0.2692308 1.08
0.5384616 0.2692308 1.08
0.5384616 0.2692308 1.08
0.5384616 0.2692308 1.08
0.5384616 0.2692308 1.08
0.5384616 0.2692308 1.08
0.6153846 0.3076923 1.12
0.6153846 0.3076923 1.12
0.6538461 0.3461539 1.2
0.6538461 0.3846154 1.24
0.6538461 0.4230769 1.28
0.6538461 0.4615385 1.28
0.6153846 0.5384616 1.24
0.6153846 0.5769231 1.2
0.5769231 0.5769231 1.16
0.5384616 0.6153846 1.16
0.5384616 0.6153846 1.12
0.5 0.6923077 1.08
0.4615385 0.6923077 1
0.3846154 0.6538461 0.96
0.3461539 0.6538461 1
0.3461539 0.6538461 1.08
0.3076923 0.6538461 1.2
0.2692308 0.6538461 1.28
0.1923077 0.6538461 1.36
0.07692308 0.6153846 1.44
-0.03846154 0.5384616 1.52
-0.1538462 0.4615385 1.64
-0.2307692 0.3846154 1.8
-0.3076923 0.3461539 1.96
-0.3461539 0.3461539 2.08
-0.3846154 0.3846154 2.16
-0.4230769 0.4230769 2.16
-0.4230769 0.4615385 2.08
-0.3461539 0.5384616 2
-0.3076923 0.6153846 1.88
-0.3076923 0.6153846 1.8
-0.4230769 0.6153846 1.72
-0.5384616 0.5384616 1.72
-0.6538461 0.4615385 1.68
-0.7692308 0.3846154 1.6
-0.8846154 0.3076923 1.56
-1 0.2307692 1.56
-1.038462 0.1923077 1.52
-1.076923 0.1923077 1.48
-1 0.1923077 1.4
-0.9615384 0.2307692 1.36
-0.9230769 0.2692308 1.28
-0.8846154 0.2692308 1.24
-0.9230769 0.2692308 1.2
-0.9615384 0.2692308 1.16
-1 0.2307692 1.12
-1 0.1923077 1.04
-1.038462 0.1923077 1
-1.038462 0.1538462 1
-1 0.1153846 1
-1 0.1153846 1
-1 0.1153846 0.96
-0.9615384 0.07692308 0.92
-0.9615384 0.1153846 0.92
-0.9230769 0.1153846 0.92
-0.8846154 0.07692308 0.96
-0.8846154 0.07692308 0.96
-0.8846154 0.1153846 0.96
-0.8461539 0.1153846 0.88
-0.7692308 0.1923077 0.8
-0.6923077 0.1923077 0.68
-0.6538461 0.2307692 0.6
-0.5384616 0.2692308 0.48
-0.4615385 0.2692308 0.4
-0.4230769 0.2692308 0.32
-0.3461539 0.2692308 0.24
-0.2692308 0.2692308 0.24
-0.2307692 0.2692308 0.2
-0.1538462 0.2692308 0.16
-0.1153846 0.3076923 0.08
-0.03846154 0.3076923 -0.04
0 0.2692308 -0.12
0 0.2307692 -0.2
0.07692308 0.1923077 -0.24
0.1923077 0.1923077 -0.24
0.1923077 0.1923077 -0.24
0.2692308 0.1923077 -0.24
0.3076923 0.1923077 -0.16
0.3461539 0.1923077 -0.08
0.3846154 0.07692308 0
0.3846154 0.03846154 0.04
0.3846154 -0.03846154 0.08
0.3461539 -0.07692308 0.12
0.3461539 -0.1153846 0.2
0.3461539 -0.1538462 0.24
0.3461539 -0.1538462 0.28
0.3846154 -0.1538462 0.32
0.4230769 -0.1538462 0.4
0.4615385 -0.1538462 0.44
0.5384616 -0.1153846 0.48
0.5769231 -0.07692308 0.48
0.6538461 0 0.52
0.7307692 0 0.52
0.7692308 0 0.56
0.7692308 0 0.6
0.8076923 0 0.64
0.8076923 0.03846154 0.72
0.8461539 0.07692308 0.76
0.8076923 0.07692308 0.84
0.8076923 0.07692308 0.92
0.7692308 0.07692308 0.96
0.7692308 0.07692308 1.04
0.7692308 0.1153846 1.08
0.8461539 0.1153846 1.2
0.8461539 0.1538462 1.32
0.8461539 0.1923077 1.44
0.8076923 0.2307692 1.48
0.7692308 0.2692308 1.48
0.7307692 0.2692308 1.4
0.7307692 0.3076923 1.4
0.6923077 0.2692308 1.44
0.6923077 0.2307692 1.48
0.5769231 0.2692308 1.6
0.5384616 0.2307692 1.64
0.4615385 0.2307692 1.64
0.3846154 0.2307692 1.6
0.3461539 0.3076923 1.6
0.3461539 0.2692308 1.56
0.3076923 0.2692308 1.6
0.3076923 0.2692308 1.64
0.2692308 0.2692308 1.68
0.1923077 0.2307692 1.76
0.1153846 0.2692308 1.8
0.03846154 0.2692308 1.84
-0.07692308 0.2692308 1.88
-0.1153846 0.2307692 1.88
-0.1538462 0.1923077 1.84
-0.1153846 0.1923077 1.76
-0.07692308 0.2692308 1.68
0 0.3461539 1.6
0 0.3846154 1.56
0 0.4230769 1.56
-0.07692308 0.4230769 1.56
-0.1538462 0.3846154 1.64
-0.1923077 0.3461539 1.6
-0.2307692 0.3461539 1.56
-0.2692308 0.3461539 1.56
-0.3076923 0.3461539 1.52
-0.3076923 0.3461539 1.48
-0.3076923 0.3461539 1.44
-0.3076923 0.3461539 1.4
-0.2692308 0.3076923 1.36
-0.3076923 0.2692308 1.36
-0.3461539 0.2307692 1.32
-0.3846154 0.1923077 1.32
-0.4615385 0.1538462 1.24
-0.5 0.07692308 1.2
-0.5 0.07692308 1.2
