1384354561230 144989633072751 267964000000 7.814674 -0.919373 5.975927
1384354561354 144989757187741 268074000000 7.967903 -1.532289 5.822699
1384354561468 144989871231931 268184000000 7.967903 -0.766145 8.734048
1384354561576 144989979538815 268294000000 9.806650 -1.225831 14.403518
1384354561688 144990091263669 268404000000 9.653421 -0.766145 16.855181
1384354561799 144990202530759 268514000000 10.266337 -3.677494 9.346964
1384354561907 144990309922116 268624000000 4.137181 -2.298434 3.830723
1384354562003 144990405655759 268734000000 -1.838747 -0.153229 1.991976
1384354562117 144990520096677 268844000000 -3.830723 0.306458 3.983952
1384354562238 144990641587155 268954000000 -4.750096 1.379060 7.967903
1384354562350 144990753464597 269064000000 -4.290410 1.532289 8.887277
1384354562457 144990860459226 269174000000 -4.137181 0.766145 9.193734
1384354562572 144990974869626 269284000000 -4.596867 1.379060 8.887277
1384354562681 144991083695309 269394000000 -4.443638 2.298434 8.734048
1384354562792 144991195053952 269504000000 -4.750096 2.604892 8.580819
1384354562903 144991306229489 269614000000 -4.443638 1.838747 9.193734
1384354563015 144991417679685 269724000000 -4.443638 2.298434 8.734048
