1384354601941 145030344132321 308664000000 8.887277 -1.532289 4.750096
1384354602054 145030456742185 308774000000 8.887277 -1.532289 4.750096
1384354602158 145030560929196 308884000000 9.346964 -1.532289 9.500193
1384354602276 145030679032223 308994000000 11.032481 -2.298434 13.484144
1384354602386 145030789048093 309104000000 11.492168 -0.919373 13.177687
1384354602497 145030900589841 309214000000 9.806650 -4.443638 6.588843
1384354602609 145031011704343 309324000000 4.596867 0.612916 5.209783
1384354602720 145031122910397 309434000000 -2.451663 1.379060 3.371036
1384354602832 145031235581296 309544000000 -3.677494 1.532289 5.363012
1384354602944 145031347306149 309654000000 -3.983952 1.225831 7.967903
1384354603030 145031433396237 309764000000 -4.137181 1.225831 9.193734
1384354603143 145031545945065 309874000000 -3.830723 1.379060 8.887277
1384354603258 145031660874265 309984000000 -5.516241 1.838747 8.427590
1384354603388 145031791428464 310094000000 -4.290410 1.225831 8.734048
1384354603497 145031899857419 310204000000 -3.830723 1.532289 9.193734
