1384267369841 114243764401467 4419476000000 5.822699 -3.371036 7.201759
1384267369950 114243873288185 4419586000000 5.975927 -4.137181 7.814674
1384267370052 114243975155861 4419696000000 3.983952 -5.516241 7.508216
1384267370161 114244084469826 4419806000000 9.040505 -5.669470 18.540699
1384267370302 114244225094826 4419916000000 15.476120 1.225831 17.314867
1384267370389 114244312497170 4420026000000 12.871228 0.612916 5.822699
1384267370501 114244424405129 4420136000000 5.516241 1.379060 -1.532289
1384267370594 114244517605812 4420246000000 0.153229 0.153229 -4.750096
1384267370710 114244633816750 4420356000000 -0.919373 -7.048530 -6.435614
1384267370826 114244749508888 4420466000000 3.524265 -14.403518 0.919373
1384267370931 114244854428322 4420576000000 14.403518 -16.548723 15.476120
1384267371052 114244975796730 4420686000000 13.330915 -9.653421 14.250289
1384267371161 114245084561379 4420796000000 10.419566 -1.685518 8.121132
1384267371260 114245183102638 4420906000000 6.435614 -3.524265 6.282385
1384267371361 114245284085305 4421016000000 5.975927 -5.516241 6.435614
1384267371488 114245411313088 4421126000000 6.282385 -5.363012 5.975927
1384267371582 114245505734474 4421236000000 5.822699 -4.596867 6.588843
