1384267390276 114264199276955 4439916000000 6.895301 -3.983952 6.282385
1384267390377 114264300381691 4440026000000 6.588843 -4.443638 5.975927
1384267390501 114264424191506 4440136000000 3.677494 -7.354988 8.580819
1384267390603 114264526913674 4440246000000 9.959879 -9.193734 19.460072
1384267390704 114264627896340 4440356000000 16.395493 0.919373 12.411542
1384267390817 114264740262062 4440466000000 10.726024 0.766145 5.209783
1384267390945 114264868130715 4440576000000 4.750096 0.612916 1.072602
1384267391047 114264970974953 4440686000000 0.000000 -0.153229 -2.298434
1384267391148 114265071621926 4440796000000 -2.145205 -2.758120 -2.451663
1384267391269 114265192868263 4440906000000 0.306458 -10.419566 -0.459687
1384267391371 114265294400246 4441016000000 5.056554 -14.403518 7.967903
1384267391482 114265405514748 4441126000000 12.871228 -13.484144 15.322891
1384267391594 114265517331154 4441236000000 12.258313 -5.363012 9.500193
1384267391692 114265615811379 4441346000000 8.121132 -1.379060 7.354988
1384267391815 114265738431008 4441456000000 6.588843 -6.129157 5.209783
1384267391922 114265845974953 4441566000000 7.201759 -4.903325 6.129157
1384267392046 114265969388039 4441676000000 7.048530 -4.750096 6.129157
