1384267396348 114270271786720 4445996000000 7.048530 -4.443638 5.822699
1384267396451 114270374386818 4446106000000 6.588843 -4.750096 5.822699
1384267396579 114270502102883 4446216000000 5.516241 -6.129157 5.669470
1384267396681 114270604123146 4446326000000 10.113108 -10.879252 19.153614
1384267396782 114270705563576 4446436000000 15.935806 -4.596867 16.242264
1384267396906 114270829892189 4446546000000 13.943830 -0.919373 6.282385
1384267397008 114270931027443 4446656000000 5.975927 0.766145 1.225831
1384267397133 114271056820900 4446766000000 1.532289 0.459687 -2.911349
1384267397243 114271166684181 4446876000000 -1.379060 -4.443638 -5.056554
1384267397344 114271267849953 4446986000000 4.290410 -14.097059 0.306458
1384267397448 114271371914894 4447096000000 9.500193 -10.572795 16.242264
1384267397571 114271494656594 4447206000000 15.169662 -1.991976 17.621325
1384267397675 114271598507912 4447316000000 10.726024 0.306458 10.266337
1384267397779 114271702145607 4447426000000 7.661446 -2.604892 6.895301
1384267397895 114271818387062 4447536000000 6.895301 -6.742072 4.750096
1384267397994 114271917080910 4447646000000 6.742072 -5.056554 6.742072
1384267398116 114272039853127 4447756000000 7.661446 -3.830723 6.282385
