1384356208945 146637348099606 1915784000000 -2.911349 -0.459687 9.193734
1384356209071 146637473954099 1915894000000 -2.604892 -0.459687 9.193734
1384356209211 146637614304440 1916004000000 -3.524265 -1.838747 10.572795
1384356209271 146637673874753 1916114000000 -2.911349 -7.201759 9.040505
1384356209394 146637797501462 1916224000000 -2.298434 -7.661446 7.201759
1384356209495 146637898117917 1916334000000 0.459687 -1.991976 5.822699
1384356209623 146638026322263 1916444000000 2.911349 5.363012 4.596867
1384356209730 146638133438962 1916554000000 3.217807 10.726024 5.363012
1384356209854 146638257157223 1916664000000 3.983952 9.959879 8.274362
1384356209952 146638355179685 1916774000000 3.677494 0.919373 9.040505
1384356210042 146638444657223 1916884000000 4.596867 -9.653421 8.887277
1384356210165 146638567826169 1916994000000 4.443638 -10.572795 9.806650
1384356210277 146638680436032 1917104000000 7.201759 -7.661446 9.346964
1384356210389 146638792099851 1917214000000 10.266337 -2.145205 10.419566
1384356210498 146638901383298 1917324000000 10.266337 2.604892 9.806650
1384356210611 146639013626950 1917434000000 6.895301 0.000000 7.048530
1384356210725 146639128495114 1917544000000 5.975927 -2.604892 6.588843
1384356210812 146639214890378 1917654000000 5.669470 -2.145205 7.967903
1384356210923 146639326493161 1917764000000 6.895301 -2.758120 8.121132
1384356211036 146639438736814 1917874000000 6.742072 -1.991976 8.274362
