1384356239651 146668054428952 1946484000000 -2.298434 1.072602 9.193734
1384356239775 146668177872556 1946594000000 -1.838747 0.612916 9.806650
1384356239874 146668277176755 1946704000000 -3.677494 0.766145 10.419566
1384356239977 146668380295651 1946814000000 -4.137181 -3.830723 9.346964
1384356240105 146668508255857 1946924000000 -2.911349 -5.975927 8.121132
1384356240198 146668601242917 1947034000000 -1.072602 -2.604892 5.363012
1384356240323 146668726181882 1947144000000 1.685518 1.532289 5.516241
1384356240428 146668831589597 1947254000000 4.443638 8.887277 5.975927
1384356240531 146668934159177 1947364000000 5.056554 10.726024 8.427590
1384356240643 146669046280759 1947474000000 7.048530 1.991976 8.887277
1384356240746 146669148667233 1947584000000 5.822699 -7.048530 8.887277
1384356240852 146669254746335 1947694000000 5.822699 -10.726024 8.580819
1384356240963 146669365860837 1947804000000 8.274362 -9.040505 8.580819
1384356241074 146669477524655 1947914000000 11.798626 -5.209783 7.814674
1384356241207 146669610337155 1948024000000 12.871228 -1.991976 6.588843
1384356241304 146669707596677 1948134000000 9.653421 0.612916 5.669470
1384356241416 146669818863766 1948244000000 7.048530 -0.919373 5.669470
1384356241516 146669919541257 1948354000000 6.129157 -3.371036 6.895301
1384356241629 146670031754392 1948464000000 5.209783 -2.298434 8.121132
1384356241751 146670153885739 1948574000000 5.669470 -2.604892 7.508216
1384356241852 146670255173581 1948684000000 5.975927 -3.064578 8.734048
