1384356243908 146672311600583 1950724000000 -2.298434 0.306458 9.653421
1384356243995 146672397934811 1950834000000 -1.991976 0.000000 9.806650
1384356244106 146672509110349 1950944000000 -2.145205 0.612916 10.572795
1384356244217 146672620316403 1951054000000 -2.604892 -2.145205 9.653421
1384356244328 146672731491940 1951164000000 -1.991976 -8.427590 6.588843
1384356244440 146672842728513 1951274000000 -2.145205 -7.508216 5.209783
1384356244551 146672954056638 1951384000000 1.379060 -4.443638 4.750096
1384356244672 146673075486081 1951494000000 1.379060 4.903325 7.201759
1384356244785 146673187882321 1951604000000 4.596867 9.653421 9.040505
1384356244883 146673285813229 1951714000000 3.371036 6.129157 8.734048
1384356245002 146673405442136 1951824000000 4.137181 -1.379060 9.500193
1384356245098 146673500931638 1951934000000 5.056554 -10.266337 8.580819
1384356245224 146673626847165 1952044000000 6.129157 -10.266337 9.346964
1384356245321 146673724137204 1952154000000 10.266337 -6.282385 8.427590
1384356245443 146673846421140 1952264000000 11.492168 0.153229 8.887277
1384356245544 146673947251218 1952374000000 8.580819 1.379060 7.661446
1384356245656 146674059067624 1952484000000 6.895301 -1.838747 7.201759
1384356245766 146674169632809 1952594000000 6.282385 -3.524265 6.129157
1384356245879 146674281662839 1952704000000 5.822699 -1.532289 7.048530
1384356245990 146674393235104 1952814000000 5.822699 -2.758120 8.121132
1384356246089 146674492051022 1952924000000 5.822699 -2.758120 7.661446
1384356246211 146674614151852 1953034000000 6.282385 -3.217807 7.354988
1384356246331 146674734208005 1953144000000 5.975927 -3.217807 7.508216
1384356246417 146674819626706 1953254000000 5.975927 -3.064578 7.967903
1384356246528 146674931260007 1953364000000 5.822699 -3.064578 7.661446
1384356246651 146675054215329 1953474000000 6.129157 -3.064578 7.967903
1384356246762 146675165421384 1953584000000 5.975927 -3.064578 7.814674
1384356246873 146675276413815 1953694000000 5.975927 -3.064578 7.661446
1384356246984 146675387589352 1953804000000 5.669470 -2.911349 7.661446
1384356247096 146675499131100 1953914000000 6.129157 -2.604892 7.508216
1384356247182 146675585343259 1954024000000 5.975927 -2.298434 8.274362
1384356247293 146675695938962 1954134000000 6.129157 -2.145205 7.661446
1384356247405 146675807907956 1954244000000 5.822699 -2.145205 8.121132
1384356247516 146675918686765 1954354000000 6.282385 -2.298434 8.121132
1384356247636 146676039231198 1954464000000 5.975927 -2.145205 7.661446
