1387360672574 576956594283010 530051000000 5.975927 -2.604892 7.967903
1387360672685 576956705519583 530161000000 6.435614 -2.145205 7.661446
1387360672796 576956816542532 530271000000 5.822699 -2.451663 8.274362
1387360672908 576956927809622 530381000000 5.209783 -2.451663 12.105083
1387360673005 576957025435354 530491000000 7.354988 -2.604892 14.250289
1387360673117 576957136671926 530601000000 6.895301 -2.451663 11.951855
1387360673214 576957233992483 530711000000 2.604892 -2.451663 9.040505
1387360673347 576957366621877 530821000000 -1.225831 -0.919373 5.209783
1387360673457 576957477095510 530931000000 -5.822699 0.153229 2.451663
1387360673544 576957564040090 531041000000 -7.354988 0.766145 2.451663
1387360673655 576957675307180 531151000000 -9.040505 0.612916 3.524265
1387360673767 576957786665823 531261000000 -8.734048 0.306458 5.056554
1387360673878 576957897749807 531371000000 -9.193734 0.000000 3.524265
1387360673988 576958008376028 531481000000 -8.580819 0.306458 5.363012
1387360674099 576958118666555 531591000000 -8.734048 1.838747 5.975927
1387360674221 576958240858938 531701000000 -7.967903 1.379060 5.363012
