1387360712336 576996356123831 569811000000 8.887277 -2.911349 4.596867
1387360712435 576996455336477 569921000000 8.580819 -3.217807 4.750096
1387360712546 576996565932180 570031000000 8.580819 -3.371036 6.588843
1387360712656 576996675856497 570141000000 11.185710 -4.290410 11.338940
1387360712767 576996786757375 570251000000 8.887277 -5.363012 12.411542
1387360712877 576996897536184 570361000000 5.975927 -5.209783 10.726024
1387360712989 576997009261038 570471000000 2.145205 -3.217807 8.734048
1387360713093 576997112776663 570581000000 -1.532289 -2.298434 4.443638
1387360713204 576997223891165 570691000000 -5.363012 -0.306458 1.991976
1387360713317 576997337538626 570801000000 -7.661446 0.919373 0.612916
1387360713429 576997449477102 570911000000 -9.193734 1.532289 -1.532289
1387360713544 576997563918020 571021000000 -9.500193 2.298434 -0.306458
1387360713655 576997674940969 571131000000 -9.653421 1.991976 -0.153229
1387360713766 576997785841848 571241000000 -9.500193 1.379060 0.306458
1387360713854 576997873885061 571351000000 -10.113108 1.991976 -0.153229
1387360713990 576998010268118 571461000000 -9.653421 3.064578 0.919373
1387360714077 576998096571829 571571000000 -9.653421 1.072602 1.379060
