1387360727695 577011715437795 585191000000 8.734048 -2.911349 4.290410
1387360727807 577011827101614 585301000000 8.427590 -3.217807 4.443638
1387360727918 577011938002493 585411000000 8.427590 -3.524265 6.895301
1387360728041 577012061018850 585521000000 9.653421 -2.758120 11.951855
1387360728153 577012173170950 585631000000 9.500193 -3.064578 11.492168
1387360728265 577012284621145 585741000000 7.354988 -3.677494 11.492168
1387360728359 577012379256155 585851000000 3.983952 -3.371036 9.959879
1387360728487 577012506911184 585961000000 -0.919373 -1.225831 5.669470
1387360728582 577012602522756 586071000000 -4.750096 0.459687 0.153229
1387360728695 577012715163137 586181000000 -6.895301 1.838747 -2.758120
1387360728807 577012827223684 586291000000 -7.508216 2.911349 -2.911349
1387360728919 577012938673879 586401000000 -8.734048 2.911349 -1.685518
1387360729030 577013050398733 586511000000 -9.500193 3.217807 -1.225831
1387360729144 577013164412405 586621000000 -9.500193 2.451663 -0.153229
1387360729255 577013275099661 586731000000 -9.193734 1.991976 1.072602
1387360729405 577013425032522 586841000000 -9.653421 2.145205 1.685518
1387360729465 577013485518362 586951000000 -9.500193 2.145205 2.298434
