1384351221993 142296170792488 1025577000000 3.371036 -1.532289 8.887277
1384351222105 142296282761482 1025687000000 3.524265 -1.685518 9.040505
1384351222218 142296396531013 1025797000000 5.056554 -2.298434 27.427975
1384351222341 142296518845466 1025907000000 7.201759 -5.669470 8.580819
1384351222451 142296629441170 1026017000000 -0.459687 -1.072602 -3.677494
1384351222539 142296716965584 1026127000000 -6.435614 -6.282385 3.983952
1384351222669 142296847062019 1026237000000 -2.451663 -9.500193 7.508216
1384351222767 142296945023445 1026347000000 6.282385 4.137181 12.258313
1384351222880 142297058182625 1026457000000 2.451663 2.758120 11.032481
1384351222992 142297170151619 1026567000000 -1.225831 -0.306458 9.500193
1384351223102 142297280686287 1026677000000 -0.459687 -3.983952 4.903325
1384351223215 142297392868904 1026787000000 -0.612916 0.919373 10.879252
1384351223329 142297507676033 1026897000000 -1.685518 0.000000 10.113108
1384351223440 142297618515877 1027007000000 -1.072602 -0.459687 9.500193
1384351223538 142297716385750 1027117000000 -1.685518 -0.153229 9.959879
1384351223639 142297817765144 1027227000000 -1.532289 -0.919373 10.419566
1384351223762 142297940506844 1027337000000 0.153229 -1.379060 10.726024
1384351223862 142298039811043 1027447000000 -1.225831 -0.612916 9.500193
