1385110253185 90327638574076 1043012000000 6.742072 -3.677494 4.137181
1385110253293 90327746819925 1043122000000 8.121132 -1.838747 2.298434
1385110253433 90327886620951 1043232000000 12.717999 0.000000 0.612916
1385110253521 90327974816752 1043342000000 19.306843 -2.451663 4.137181
1385110253634 90328088006449 1043452000000 21.758505 -8.887277 9.346964
1385110253745 90328198632670 1043562000000 11.798626 -13.790602 7.661446
1385110253860 90328313256693 1043672000000 9.653421 -8.887277 4.596867
1385110253974 90328427941752 1043782000000 13.484144 -1.991976 4.903325
1385110254086 90328539941263 1043892000000 17.621325 5.363012 7.048530
1385110254199 90328652520609 1044002000000 13.177687 10.419566 6.435614
1385110254287 90328740716410 1044112000000 7.048530 8.427590 6.129157
1385110254401 90328854669047 1044222000000 3.677494 5.669470 5.363012
1385110254514 90328967400980 1044332000000 2.298434 1.225831 6.895301
1385110254623 90329076684427 1044442000000 0.919373 -1.991976 8.580819
1385110254737 90329190759134 1044552000000 0.306458 -4.596867 11.185710
1385110254851 90329304833842 1044662000000 -0.612916 -3.371036 13.177687
1385110254961 90329414208842 1044772000000 -1.379060 -2.145205 12.258313
1385110255077 90329530785990 1044882000000 -1.838747 -1.685518 10.726024
1385110255187 90329640435648 1044992000000 -1.838747 -0.612916 10.419566
1385110255277 90329730370951 1045102000000 -1.685518 0.306458 9.959879
1385110255390 90329843133402 1045212000000 -0.919373 -1.532289 8.427590
1385110255502 90329955438090 1045322000000 2.145205 0.612916 10.266337
