0.2307692 -0.2307692 0.24
0.2307692 -0.2307692 0.24
0.2307692 -0.2307692 0.24
0.2307692 -0.2307692 0.24
0.2307692 -0.2307692 0.24
0.2307692 -0.2307692 0.24
0.2307692 -0.2307692 0.24
0.2307692 -0.2307692 0.24
0.2307692 -0.2307692 0.2
0.2307692 -0.2307692 0.2
0.2307692 -0.2307692 0.2
0.1923077 -0.1538462 0.24
0.1923077 -0.1538462 0.24
0.2692308 -0.1923077 0.28
0.2692308 -0.1538462 0.32
0.1923077 -0.1538462 0.4
0.1923077 -0.1923077 0.44
0.1153846 -0.1923077 0.56
0.07692308 -0.1538462 0.68
0.07692308 -0.1538462 0.8
0.03846154 -0.1538462 0.8
0 -0.1153846 0.88
0 -0.07692308 0.92
-0.07692308 -0.03846154 0.92
-0.07692308 0 0.88
0 0 0.8
0.07692308 0 0.68
0.1538462 -0.03846154 0.44
0.2692308 -0.07692308 0.2
0.2692308 0 0.16
0.2307692 0.03846154 0.24
0.1923077 0.1538462 0.36
0.1153846 0.2692308 0.44
0.03846154 0.3461539 0.56
-0.03846154 0.3846154 0.68
0 0.4615385 0.72
0.07692308 0.5 0.68
0.1153846 0.4615385 0.56
0.07692308 0.3846154 0.4
0.03846154 0.2692308 0.36
0.07692308 0.1923077 0.32
0.1153846 0.1538462 0.44
0.07692308 0.1538462 0.56
-0.03846154 0.1538462 0.76
-0.2307692 0.1153846 1.04
-0.3846154 0.03846154 1.24
-0.4230769 0.1153846 1.24
-0.3461539 0.1923077 1.12
-0.1538462 0.2307692 1.12
-0.07692308 0.2692308 1.28
0 0.2692308 1.48
-0.07692308 0.2692308 1.6
-0.3076923 0.2307692 1.64
-0.3461539 0.2692308 1.64
-0.2692308 0.3461539 1.8
-0.03846154 0.4615385 2.04
0.1153846 0.5769231 2.16
0.07692308 0.5769231 2.2
0.1153846 0.6153846 2.12
0.1923077 0.5769231 2.04
0.1538462 0.5384616 2.08
0.07692308 0.4230769 2
0.03846154 0.4230769 1.88
0.1153846 0.4615385 1.8
0.1923077 0.5 1.76
0.2692308 0.5 1.6
0.2307692 0.5 1.48
0.1923077 0.4230769 1.4
0.1153846 0.3846154 1.32
0.07692308 0.3846154 1.28
0 0.3076923 1.28
-0.07692308 0.3461539 1.24
-0.03846154 0.3846154 1.2
0 0.4230769 1.16
0 0.4230769 1.16
-0.03846154 0.4615385 1.16
-0.07692308 0.4615385 1.16
-0.03846154 0.4615385 1.16
0 0.4615385 1.12
0.03846154 0.4615385 1.04
0.03846154 0.4615385 1
0.03846154 0.5 1.04
0.1153846 0.5 1
0.1153846 0.5 1
0.07692308 0.5 0.88
0.03846154 0.4615385 0.88
0.03846154 0.4230769 0.88
0.03846154 0.4230769 0.84
0.03846154 0.4230769 0.84
0.07692308 0.4230769 0.8
0.1153846 0.4615385 0.8
0.1153846 0.4615385 0.8
0.1153846 0.4615385 0.8
0.1153846 0.4615385 0.8
0.1153846 0.5 0.88
0.1538462 0.5384616 0.92
0.1153846 0.5384616 0.92
0.1153846 0.5 0.92
0.1153846 0.5 0.92
0.1153846 0.5 0.96
0.1153846 0.5 1.04
0.1153846 0.5 1.08
0.1153846 0.5 1.08
0.1153846 0.4615385 1.04
0.1153846 0.4615385 1.08
0.07692308 0.4615385 1.12
0.07692308 0.4615385 1.24
0.07692308 0.4615385 1.32
