-0.07692308 -0.1538462 0.44
-0.07692308 -0.1538462 0.44
-0.3076923 -0.2692308 0.6
-0.3076923 -0.2692308 0.6
-0.3076923 -0.2692308 0.6
-0.3076923 -0.2692308 0.6
-0.5384616 -0.3846154 0.76
-0.5384616 -0.3846154 0.76
-0.5384616 -0.3846154 0.76
-0.5384616 -0.3846154 0.76
-0.4230769 -0.3076923 0.72
-0.5 -0.3076923 0.64
-0.5769231 -0.3461539 0.64
-0.7307692 -0.4230769 0.64
-0.8076923 -0.4615385 0.64
-0.7307692 -0.4230769 0.64
-0.6538461 -0.3461539 0.68
-0.6538461 -0.3461539 0.68
-0.7307692 -0.3846154 0.8
-0.8076923 -0.4230769 0.88
-0.8076923 -0.4230769 0.92
-0.6923077 -0.3461539 0.88
-0.6538461 -0.3461539 0.8
-0.6538461 -0.3461539 0.72
-0.6923077 -0.3461539 0.72
-0.6923077 -0.3461539 0.76
-0.7307692 -0.3846154 0.76
-0.7307692 -0.3461539 0.76
-0.6538461 -0.3461539 0.72
-0.6153846 -0.3076923 0.64
-0.6153846 -0.3076923 0.56
-0.6538461 -0.3461539 0.56
-0.7307692 -0.3846154 0.6
-0.8076923 -0.3846154 0.64
-0.7692308 -0.3846154 0.68
-0.7307692 -0.3461539 0.64
-0.6538461 -0.2692308 0.56
-0.5769231 -0.2307692 0.44
-0.6153846 -0.2307692 0.4
-0.6923077 -0.3076923 0.36
-0.7692308 -0.3461539 0.32
-0.7692308 -0.3461539 0.32
-0.7307692 -0.3076923 0.28
-0.6153846 -0.2692308 0.24
-0.5384616 -0.1923077 0.24
-0.5 -0.1923077 0.28
-0.4615385 -0.1538462 0.24
-0.4615385 -0.1538462 0.16
-0.5384616 -0.1538462 0.08
-0.5769231 -0.1153846 0
-0.6153846 -0.1153846 -0.04
-0.6923077 -0.1153846 -0.08
-0.6923077 -0.1923077 -0.2
-0.6153846 -0.2307692 -0.32
-0.5769231 -0.1923077 -0.44
-0.5769231 -0.1538462 -0.6
-0.6538461 -0.1538462 -0.76
-0.6923077 -0.07692308 -0.84
-0.7307692 -0.07692308 -0.76
-0.7692308 -0.03846154 -0.6
-0.7307692 0.07692308 -0.4
-0.5384616 0.2692308 -0.28
-0.4230769 0.3846154 -0.2
-0.4230769 0.4230769 0
-0.7307692 0.3461539 0.8
-0.7307692 0.3461539 0.8
-0.8076923 0.2692308 1.2
-0.8076923 0.2692308 1.44
-0.6538461 0.3461539 1.56
-0.5384616 0.3846154 1.88
-0.4615385 0.4230769 2.28
-0.4230769 0.4230769 2.56
-0.5 0.4230769 2.68
-0.5769231 0.3461539 2.56
-0.6538461 0.2692308 2.32
-0.8076923 0.1153846 1.76
-0.9230769 0.07692308 1.68
-1 0.1153846 1.68
-1.038462 0.1538462 1.76
-1.038462 0.1538462 1.64
-1 0.1153846 1.4
-0.8846154 0.07692308 1.08
-0.8076923 0.07692308 0.84
-0.8076923 0.07692308 0.8
-0.8461539 0.1153846 0.84
-0.8461539 0.1153846 0.88
-0.8461539 0.1153846 0.96
-0.8461539 0.1153846 0.96
-0.7692308 0.1153846 0.84
-0.6538461 0.1538462 0.68
-0.5769231 0.1923077 0.6
-0.5384616 0.1923077 0.6
-0.5 0.1923077 0.64
-0.5 0.1923077 0.72
-0.5 0.2307692 0.76
-0.5 0.1923077 0.84
-0.5 0.1923077 0.76
-0.4230769 0.1923077 0.64
-0.3461539 0.1923077 0.56
-0.3076923 0.1923077 0.48
-0.2692308 0.1923077 0.44
-0.1923077 0.2692308 0.44
-0.1153846 0.2692308 0.48
-0.03846154 0.2692308 0.52
0.03846154 0.3076923 0.6
0.1923077 0.3846154 0.6
0.3076923 0.4615385 0.56
0.4230769 0.4615385 0.48
0.4615385 0.4615385 0.48
0.5384616 0.4615385 0.6
0.5769231 0.4615385 0.72
0.6923077 0.4615385 0.64
0.8846154 0.5384616 0.56
1 0.6538461 0.48
0.9230769 0.8076923 0.44
0.6923077 0.8846154 0.4
0.4230769 0.9230769 0.4
0.1923077 0.9230769 0.52
-0.07692308 0.9230769 0.72
-0.3461539 0.9230769 0.8
-0.5769231 1 0.84
-0.8846154 1.038462 0.84
-1.192308 0.9615384 0.84
-1.538462 0.8461539 0.76
-1.884615 0.7692308 0.76
-2.076923 0.6923077 0.76
-2.115385 0.6923077 0.8
-2.076923 0.7692308 0.84
-2 0.8076923 0.92
-1.846154 0.8461539 1
-1.730769 0.9615384 1.04
-1.653846 0.9615384 1
-1.653846 0.9230769 1.04
-1.653846 0.8461539 1.04
-1.653846 0.7692308 1
-1.615385 0.6538461 0.88
-1.461538 0.5769231 0.72
-1.269231 0.6153846 0.6
-1.153846 0.6538461 0.64
-1.038462 0.7307692 0.76
-0.9615384 0.7692308 0.88
-0.8461539 0.7692308 0.92
-0.8076923 0.7692308 0.84
-0.7692308 0.7692308 0.72
-0.8076923 0.6923077 0.64
-0.7692308 0.6538461 0.64
-0.7692308 0.6153846 0.6
-0.7307692 0.6153846 0.64
-0.7307692 0.6153846 0.68
-0.6923077 0.6153846 0.6
-0.6538461 0.6153846 0.56
-0.5769231 0.6538461 0.56
-0.5 0.6538461 0.52
