-0.6538461 0.5384616 1.32
-0.6538461 0.5384616 1.32
-0.6538461 0.5384616 1.32
-0.6538461 0.5384616 1.32
-0.6538461 0.5384616 1.32
-0.6538461 0.5384616 1.32
-0.6538461 0.5384616 1.32
-0.6538461 0.5384616 1.32
-0.8076923 0.5384616 1.48
-0.8076923 0.5384616 1.48
-0.8076923 0.5384616 1.48
-0.9230769 0.5384616 1.56
-0.9230769 0.5384616 1.56
-1 0.5384616 1.52
-1.038462 0.5769231 1.44
-1.038462 0.5384616 1.44
-1 0.5384616 1.4
-1 0.5384616 1.28
-1.076923 0.4615385 1.2
-1.192308 0.4230769 1.12
-1.307692 0.3846154 1
-1.384615 0.4230769 0.96
-1.384615 0.5 0.92
-1.307692 0.6153846 0.84
-1.153846 0.7692308 0.92
-1 0.8461539 0.96
-0.8846154 0.8846154 1.04
-0.8461539 0.9230769 1.28
-0.8846154 0.9230769 1.84
-0.8461539 0.9615384 2.48
-0.7307692 1.115385 2.84
-0.5 1.384615 3.12
-0.1153846 1.769231 3.32
0.4230769 2.192308 3.44
0.9230769 2.538461 3.48
1.269231 2.730769 3.44
1.461538 2.692308 3.4
1.538462 2.692308 3.24
1.576923 2.615385 2.96
1.576923 2.576923 2.64
1.538462 2.5 2.32
1.423077 2.346154 2
1.307692 2.269231 1.72
1.230769 2.115385 1.4
1.038462 1.846154 0.88
1 1.730769 0.64
1 1.576923 0.4
0.9615384 1.461538 0.28
0.9615384 1.423077 0.08
1 1.346154 -0.08
1 1.307692 -0.16
0.9230769 1.230769 -0.24
0.8461539 1.115385 -0.32
0.6923077 0.9615384 -0.44
0.5 0.8461539 -0.48
0.3846154 0.7307692 -0.52
0.3846154 0.6538461 -0.56
0.3846154 0.6153846 -0.56
0.3461539 0.5769231 -0.56
0.3076923 0.5769231 -0.56
0.2692308 0.5 -0.56
0.2307692 0.4615385 -0.6
0.1923077 0.4615385 -0.6
0.1153846 0.4615385 -0.68
0.07692308 0.3846154 -0.72
0.03846154 0.3461539 -0.8
-0.03846154 0.3076923 -0.84
-0.1153846 0.2307692 -0.84
-0.1923077 0.1538462 -0.92
-0.2692308 0.07692308 -0.96
-0.3076923 0 -0.96
-0.3076923 -0.03846154 -1
-0.2692308 -0.03846154 -1
-0.2692308 -0.03846154 -0.96
-0.2692308 0 -0.88
-0.2307692 0.1153846 -0.72
-0.2307692 0.1153846 -0.72
-0.1923077 0.2307692 -0.6
-0.1538462 0.3461539 -0.48
-0.1538462 0.4230769 -0.4
-0.1153846 0.4615385 -0.36
-0.1923077 0.5384616 -0.48
-0.2692308 0.5384616 -0.48
-0.3846154 0.5 -0.4
-0.5 0.4615385 -0.28
-0.6923077 0.4615385 -0.2
-0.8461539 0.4230769 -0.04
-1 0.4230769 0.16
-1.076923 0.3846154 0.36
-1 0.3461539 0.48
-0.9615384 0.3461539 0.6
-0.9615384 0.4230769 0.68
-0.9230769 0.4230769 0.84
-1 0.4615385 1.08
-1.115385 0.5 1.24
-1.230769 0.5769231 1.2
-1.384615 0.5769231 1.24
-1.461538 0.5 1.32
-1.423077 0.5384616 1.44
-1.346154 0.5769231 1.68
-1.307692 0.6153846 1.84
-1.269231 0.6923077 1.96
-1.269231 0.6923077 1.96
-1.192308 0.6153846 1.88
-1.076923 0.5769231 1.76
-1 0.5384616 1.68
-0.9615384 0.5384616 1.64
-0.8461539 0.6153846 1.68
-0.6538461 0.6923077 1.72
-0.5 0.7307692 1.8
-0.3846154 0.7692308 1.92
-0.3076923 0.8076923 2.04
-0.2692308 0.8461539 2.16
-0.1923077 0.9230769 2.2
-0.1153846 0.8461539 2.16
-0.03846154 0.8076923 2.12
0 0.7692308 2
0.07692308 0.7692308 1.92
0.1538462 0.8076923 1.88
0.2692308 0.9230769 1.96
0.4615385 1 2.08
0.6153846 1.038462 2.12
0.6153846 1 1.96
0.5384616 0.9230769 1.76
0.5 0.8461539 1.72
0.5 0.8076923 1.8
0.5384616 0.8076923 1.92
0.5384616 0.8461539 1.92
0.5769231 0.9230769 1.76
0.6923077 0.9615384 1.56
0.7692308 0.9615384 1.36
0.8076923 0.9230769 1.2
0.7692308 0.8076923 1
0.6538461 0.7692308 0.92
0.5769231 0.6923077 0.88
0.5 0.6153846 0.8
0.4230769 0.6153846 0.72
0.4230769 0.5769231 0.64
0.4615385 0.5769231 0.56
0.4615385 0.5769231 0.48
0.4615385 0.5769231 0.4
0.4615385 0.5769231 0.4
0.4615385 0.5769231 0.44
0.3846154 0.5769231 0.48
0.3461539 0.5769231 0.56
0.2692308 0.5384616 0.6
0.1923077 0.5 0.64
0.1923077 0.5 0.6
0.1538462 0.5 0.6
0.1153846 0.4615385 0.6
0.03846154 0.4230769 0.6
0 0.3461539 0.64
0 0.3846154 0.68
0 0.3846154 0.72
0 0.4230769 0.76
0.03846154 0.4615385 0.8
0.07692308 0.5 0.84
0.07692308 0.5 0.84
0.07692308 0.5 0.88
0.03846154 0.4615385 0.84
-0.03846154 0.4230769 0.76
-0.03846154 0.3846154 0.8
0 0.3846154 0.92
