0.07692308 0.2307692 1.52
0.07692308 0.2307692 1.52
0.07692308 0.2307692 1.52
0.07692308 0.2307692 1.52
0.07692308 0.2307692 1.52
0.07692308 0.2307692 1.52
0.07692308 0.2307692 1.52
0.07692308 0.2307692 1.52
0.07692308 0.2307692 1.52
0.07692308 0.1923077 1.48
0.07692308 0.1923077 1.48
0.07692308 0.1923077 1.48
0.1153846 0.1923077 1.48
0.1153846 0.1923077 1.48
0.2307692 0.2692308 1.44
0.2692308 0.2692308 1.48
0.3461539 0.2692308 1.52
0.4230769 0.3461539 1.64
0.3846154 0.4615385 1.76
0.3461539 0.5769231 1.92
0.2692308 0.6923077 2.12
0.1538462 0.7692308 2.24
0.07692308 0.7692308 2.32
0.03846154 0.8076923 2.44
0 0.8846154 2.56
-0.07692308 0.9230769 2.56
-0.2692308 0.9230769 2.52
-0.5 0.8076923 2.52
-0.6538461 0.7692308 2.32
-0.7692308 0.6923077 2.16
-0.8461539 0.6538461 2.04
-0.9230769 0.6538461 1.92
-0.9615384 0.6538461 1.8
-1 0.6923077 1.68
-0.9615384 0.6923077 1.52
-0.8846154 0.7307692 1.28
-0.8461539 0.6923077 1.12
-0.8846154 0.6153846 0.96
-0.9615384 0.5384616 0.8
-1 0.4615385 0.64
-1.076923 0.3461539 0.56
-1.076923 0.2692308 0.44
-0.9615384 0.2692308 0.36
-0.7692308 0.3076923 0.28
-0.6153846 0.4230769 0.16
-0.4615385 0.3846154 0.16
-0.4230769 0.3846154 0.16
-0.4615385 0.3461539 0.12
-0.4615385 0.3076923 0.08
-0.5 0.2692308 0
-0.5 0.2307692 -0.08
-0.4230769 0.2307692 -0.08
-0.3461539 0.2692308 -0.08
-0.3076923 0.2692308 -0.04
-0.2692308 0.1923077 -0.08
-0.2692308 0.1538462 -0.16
-0.2692308 0.1153846 -0.16
-0.2692308 0.1153846 -0.2
-0.3076923 0.07692308 -0.2
-0.3461539 0.03846154 -0.16
-0.3076923 0.07692308 -0.2
-0.2692308 0.07692308 -0.2
-0.1538462 0.1153846 -0.24
-0.1153846 0.07692308 -0.2
-0.07692308 0.03846154 -0.24
-0.03846154 0 -0.28
-0.03846154 0 -0.32
-0.03846154 0 -0.36
0.03846154 -0.03846154 -0.4
0.1153846 0.03846154 -0.48
0.1923077 0.1153846 -0.52
0.2692308 0.1538462 -0.56
0.3846154 0.1923077 -0.6
0.4230769 0.1538462 -0.56
0.3846154 0.2307692 -0.48
0.4230769 0.3846154 -0.44
0.5769231 0.5384616 -0.48
0.8461539 0.6923077 -0.56
1.115385 0.9230769 -0.56
1.423077 1.115385 -0.56
1.730769 1.269231 -0.52
1.923077 1.346154 -0.48
1.923077 1.346154 -0.4
1.769231 1.269231 -0.28
1.615385 1.192308 -0.12
1.5 1.115385 0
1.461538 1.115385 0.12
1.538462 1.153846 0.2
1.576923 1.230769 0.28
1.615385 1.346154 0.36
1.653846 1.423077 0.4
1.692308 1.461538 0.4
1.576923 1.538462 0.44
1.423077 1.5 0.48
1.269231 1.423077 0.64
1.153846 1.423077 0.92
1.076923 1.461538 1.24
1.153846 1.5 1.52
1.192308 1.615385 1.68
1.192308 1.653846 1.68
1.038462 1.653846 1.64
0.8461539 1.538462 1.68
0.5384616 1.384615 1.8
0.3076923 1.230769 1.88
0.1538462 1.076923 1.92
0.03846154 1 1.88
-0.03846154 0.9615384 1.84
-0.07692308 0.9615384 1.96
0 1 2
0.1153846 1.115385 2
0.2692308 1.192308 2.04
0.3461539 1.269231 2.12
0.2307692 1.269231 2.24
0.1153846 1.192308 2.32
0.07692308 1.153846 2.32
0.03846154 1.076923 2.2
0.03846154 1 2.08
0 0.8846154 1.96
-0.1153846 0.7692308 1.8
-0.2307692 0.6153846 1.72
-0.2307692 0.5384616 1.64
-0.2307692 0.5 1.64
-0.1923077 0.4230769 1.6
-0.1923077 0.3461539 1.52
-0.1923077 0.2692308 1.48
-0.2307692 0.2307692 1.44
-0.1923077 0.2307692 1.36
-0.1538462 0.2307692 1.28
-0.1153846 0.2692308 1.16
-0.07692308 0.3076923 1.04
-0.07692308 0.3461539 0.96
-0.03846154 0.3461539 0.92
-0.03846154 0.3461539 0.92
0 0.3846154 0.88
0.03846154 0.4230769 0.84
0.1153846 0.4230769 0.8
0.1538462 0.4230769 0.76
0.1538462 0.3846154 0.76
0.1538462 0.3461539 0.72
0.1538462 0.3461539 0.64
0.1923077 0.3846154 0.64
