-0.07692308 -0.07692308 1
-0.07692308 -0.07692308 1
-0.07692308 -0.07692308 1
-0.07692308 -0.07692308 1
-0.07692308 -0.07692308 1
-0.07692308 -0.07692308 1
-0.07692308 -0.07692308 1
-0.07692308 -0.07692308 1
-0.07692308 -0.07692308 1
-0.07692308 -0.07692308 1
-0.07692308 -0.07692308 0.92
-0.07692308 -0.07692308 0.92
-0.1153846 -0.07692308 0.92
-0.07692308 0 0.92
0.03846154 0.07692308 0.96
0.1153846 0.07692308 0.96
0.1153846 0.1153846 0.96
-0.03846154 0.07692308 1
-0.2307692 -0.03846154 1.04
-0.2692308 -0.07692308 1
-0.2307692 -0.07692308 0.96
-0.07692308 0 1
0 0.07692308 1.08
0.03846154 0.1153846 1.08
0.03846154 0.07692308 1.04
0.03846154 0.07692308 1
0.03846154 0.07692308 0.96
0.03846154 0.1153846 0.96
0 0.07692308 1
-0.03846154 0.07692308 1.04
-0.07692308 0.1153846 1.04
-0.03846154 0.1538462 1.12
-0.03846154 0.1923077 1.12
-0.07692308 0.2692308 1.12
-0.1538462 0.2692308 1.16
-0.3461539 0.2692308 1.36
-0.5769231 0.2307692 1.64
-0.9615384 0.07692308 1.76
-1.346154 -0.1153846 1.6
-1.461538 -0.1153846 1.4
-1.384615 -0.07692308 1.2
-1.307692 -0.03846154 0.96
-1.307692 0.03846154 0.92
-1.423077 0.1153846 1.08
-1.423077 0.1538462 1.2
-1.269231 0.1923077 1.36
-1.076923 0.1538462 1.44
-0.7307692 0.3461539 1.48
-0.3461539 0.5 1.44
-0.1153846 0.5769231 1.32
0.07692308 0.6538461 1.24
0.2307692 0.6153846 1.16
0.3076923 0.5384616 1.12
0.2692308 0.3846154 1.04
0.3461539 0.03846154 1.12
0.5 0 1.08
0.6923077 0.07692308 0.92
0.8846154 0.3076923 0.76
1.192308 0.5384616 0.64
1.307692 0.5769231 0.56
1.307692 0.4615385 0.56
1.115385 0.3076923 0.68
1.038462 0.1923077 0.96
1 0.1153846 1.24
0.9230769 0.07692308 1.36
0.8846154 0.07692308 1.32
0.8846154 0.1153846 1.16
1 0.2307692 1
1.153846 0.2692308 0.84
1.153846 0.2692308 0.88
1.038462 0.1153846 0.92
0.8846154 -0.07692308 0.96
0.6538461 -0.1538462 0.96
0.4615385 -0.1923077 0.88
0.3461539 -0.1153846 0.84
0.2307692 -0.1153846 0.76
0.1153846 -0.1923077 0.72
0.1153846 -0.1923077 0.76
0.1538462 -0.1538462 0.8
0.1923077 -0.07692308 0.84
0.2692308 0.07692308 0.84
0.2692308 0.07692308 0.88
0.1538462 0.07692308 0.92
0.03846154 -0.03846154 0.96
-0.1153846 -0.1538462 0.96
-0.2307692 -0.1538462 0.92
-0.1923077 -0.1538462 0.88
-0.1923077 -0.1538462 0.84
-0.1538462 -0.1153846 0.88
-0.07692308 0.03846154 1.04
-0.03846154 0.03846154 1
-0.07692308 0 1
-0.1538462 -0.1153846 0.92
-0.2307692 -0.1153846 0.92
-0.1923077 -0.07692308 0.96
-0.1538462 0 1
-0.1538462 0.03846154 1.04
-0.1538462 0.03846154 1.04
-0.1538462 0 1.04
-0.1538462 -0.03846154 1.08
-0.1538462 -0.03846154 1.08
-0.1923077 -0.03846154 1
-0.1538462 0 1
-0.1538462 0 1
-0.07692308 0.03846154 1.04
-0.03846154 0.03846154 1.04
0 0.07692308 1.04
0 0.1153846 1.04
-0.07692308 0.03846154 1
-0.07692308 0 1.08
0.03846154 0 1.2
0.1538462 0.07692308 1.32
0.3076923 0 1.32
0.3846154 -0.1538462 1.28
