-0.1153846 0.03846154 1.2
-0.1153846 0.03846154 1.2
-0.1153846 0.03846154 1.2
-0.1153846 0.03846154 1.2
-0.1153846 0.03846154 1.2
-0.1153846 0.03846154 1.2
-0.1153846 0.03846154 1.2
-0.1153846 0.03846154 1.2
-0.1153846 0.03846154 1.2
-0.1153846 0.03846154 1.2
-0.1153846 0.03846154 1.2
-0.1153846 0.03846154 1.2
-0.1538462 0 1.12
-0.07692308 0.03846154 1.08
0 0 1.08
0.03846154 0.03846154 1.12
0.07692308 0.03846154 1.12
0.1153846 0.03846154 1.04
0.1538462 0.03846154 0.96
0.03846154 0 0.92
-0.07692308 0 0.92
-0.07692308 -0.03846154 0.96
0 0 0.96
0.03846154 0 1
0.07692308 0.03846154 1
0.1538462 0.07692308 1
0.1923077 0.07692308 1
0.1538462 0.07692308 1
0.03846154 0 1
-0.03846154 0 1
-0.03846154 0 1
0 0 1.04
0 0 1.04
0.03846154 0.03846154 1.04
0.03846154 0.07692308 1.04
0.03846154 0.07692308 1.04
0 0.07692308 1.08
-0.1153846 0.07692308 1.12
-0.2692308 0.07692308 1.12
-0.4230769 0.07692308 1.12
-0.5 0.1153846 1.12
-0.5384616 0.1538462 1.12
-0.6153846 0.1538462 1.12
-0.7307692 0.1153846 1.12
-0.8461539 0.03846154 1.12
-0.9615384 0 1.16
-1.076923 -0.07692308 1.24
-1.192308 -0.1538462 1.28
-1.230769 -0.1538462 1.28
-1.230769 -0.1923077 1.2
-1.269231 -0.1923077 1.16
-1.230769 -0.1538462 1.12
-1.192308 -0.1538462 1.16
-1.230769 -0.1923077 1.2
-1.153846 -0.1923077 1.04
-1.076923 -0.1153846 0.84
-1 0 0.84
-1.076923 0 1.04
-1.269231 0 1.36
-1.230769 0.1153846 1.4
-1.115385 0.3076923 1.4
-0.8846154 0.4615385 1.32
-0.5769231 0.6153846 1.32
-0.3846154 0.7307692 1.32
-0.3076923 0.7692308 1.08
-0.2692308 0.6923077 0.88
-0.1923077 0.5769231 0.88
0.03846154 0.4230769 0.92
0.4230769 0.4230769 0.8
0.7307692 0.6538461 0.56
1.115385 1.038462 0.32
1.538462 1.269231 0.24
1.923077 1.384615 0.56
2.038461 1.346154 1.08
1.884615 1.153846 1.48
1.653846 0.7692308 1.72
1.423077 0.2692308 1.92
1.153846 -0.1538462 2.08
1 -0.3846154 2.08
1 -0.3461539 1.88
1.038462 -0.1538462 1.44
1.038462 0.1153846 0.92
1.038462 0.2692308 0.52
0.9615384 0.2692308 0.24
0.7692308 0.1153846 0.16
0.4615385 -0.1153846 0.24
0.2692308 -0.3076923 0.28
0.1153846 -0.2692308 0.48
0.07692308 -0.1538462 0.72
0 -0.1153846 0.92
0 -0.07692308 1.04
-0.07692308 -0.07692308 1.12
-0.1153846 -0.07692308 1.04
-0.1153846 -0.03846154 0.88
-0.07692308 -0.03846154 0.84
-0.1153846 -0.1153846 0.84
-0.2307692 -0.2307692 0.88
-0.3461539 -0.2692308 0.96
-0.3846154 -0.1538462 1
-0.3076923 0 0.96
-0.1538462 0.07692308 0.92
0 0.1153846 0.88
0 0 0.84
-0.1153846 -0.1153846 0.88
-0.1923077 -0.1538462 0.92
-0.2307692 -0.1153846 0.96
-0.2307692 -0.07692308 0.92
-0.2307692 -0.03846154 0.92
-0.1923077 -0.03846154 0.96
-0.1538462 0 1.04
-0.1538462 0 1.04
-0.1923077 -0.03846154 1
-0.2692308 -0.1538462 0.96
-0.3076923 -0.1923077 0.92
-0.2307692 -0.07692308 0.92
-0.1538462 0 1
-0.1538462 0.07692308 1.04
-0.1538462 0.03846154 1.08
-0.1923077 0 1.12
-0.1923077 -0.03846154 1.12
-0.1923077 -0.07692308 1.08
-0.1538462 -0.07692308 1.04
-0.1153846 -0.07692308 1
-0.03846154 -0.07692308 1
0.03846154 -0.07692308 1
0.1153846 -0.07692308 1
0.1923077 -0.1538462 0.96
0.2692308 -0.1153846 1
0.3076923 0 1.12
0.4230769 0.1153846 1.24
