0.07692308 -0.2692308 -0.08
0.07692308 -0.2692308 -0.08
0.07692308 -0.2692308 -0.08
0.07692308 -0.2692308 -0.08
0.07692308 -0.2692308 -0.08
0.07692308 -0.2692308 -0.08
0.07692308 -0.2692308 -0.08
0.07692308 -0.2692308 -0.08
0.03846154 -0.2692308 -0.04
0 -0.1538462 0
0 -0.1538462 0
0 -0.1538462 0
0.07692308 -0.03846154 0.08
0.07692308 -0.03846154 0.08
0.1538462 0.07692308 0.08
0.3076923 0.2307692 0.12
0.4230769 0.3076923 0.16
0.4615385 0.3461539 0.2
0.3846154 0.2692308 0.2
0.3076923 0.1923077 0.16
0.1923077 0.1538462 0.16
0.1153846 0.03846154 0.16
-0.03846154 -0.03846154 0.24
-0.1153846 -0.07692308 0.36
-0.1923077 -0.07692308 0.48
-0.1538462 -0.07692308 0.64
-0.07692308 -0.03846154 0.72
0 0.03846154 0.8
0.03846154 0.1538462 0.92
0.07692308 0.2307692 1
0.03846154 0.3076923 1
0.07692308 0.3846154 1
0.03846154 0.4230769 1.12
0.03846154 0.4615385 1.28
0.07692308 0.4615385 1.44
0.03846154 0.4615385 1.52
0 0.5 1.64
-0.07692308 0.5 1.68
-0.07692308 0.4615385 1.72
-0.03846154 0.5 1.72
0 0.4615385 1.68
0 0.4230769 1.64
0 0.3461539 1.56
-0.03846154 0.2692308 1.56
-0.03846154 0.2692308 1.64
0.03846154 0.3846154 1.64
0.07692308 0.4615385 1.64
0.03846154 0.4230769 1.6
0 0.3461539 1.56
0 0.3461539 1.48
0 0.3846154 1.36
0.1153846 0.4230769 1.36
0.1538462 0.5 1.32
0.1923077 0.5384616 1.36
0.1538462 0.5769231 1.36
0.07692308 0.6538461 1.44
0 0.6153846 1.48
-0.03846154 0.6153846 1.52
-0.07692308 0.5384616 1.52
-0.07692308 0.4615385 1.44
-0.07692308 0.4615385 1.36
0 0.4615385 1.36
0.03846154 0.4230769 1.4
0 0.4615385 1.36
-0.03846154 0.4230769 1.36
-0.03846154 0.4230769 1.4
-0.03846154 0.4615385 1.36
0 0.4615385 1.28
0 0.5384616 1.24
0.07692308 0.5769231 1.2
0.1538462 0.6153846 1.16
0.1538462 0.5769231 1.08
0.1153846 0.5769231 1.04
0.07692308 0.5769231 1.04
0.07692308 0.5769231 1.04
0.07692308 0.5384616 1.04
0.07692308 0.5384616 1.04
0.07692308 0.5 1
0.03846154 0.4615385 0.92
0 0.4615385 0.88
0 0.4615385 0.84
0.03846154 0.4615385 0.84
0.07692308 0.5 0.84
0.07692308 0.5384616 0.8
0.1153846 0.5384616 0.84
0.1153846 0.5384616 0.84
0.1153846 0.5384616 0.84
0.1153846 0.5 0.8
0.03846154 0.4615385 0.8
0 0.4615385 0.8
0 0.4615385 0.84
0.03846154 0.4615385 0.84
0.07692308 0.4615385 0.84
0.07692308 0.5 0.88
0.1153846 0.5384616 0.96
0.1153846 0.5769231 0.96
0.1153846 0.5769231 0.96
0.1153846 0.5769231 0.96
0.1153846 0.6153846 0.96
0.1538462 0.6153846 0.92
0.1153846 0.5769231 1
0.07692308 0.5 1.04
0.03846154 0.5 1.12
0 0.5 1.2
-0.03846154 0.5 1.32
-0.03846154 0.5 1.36
-0.03846154 0.4615385 1.32
