-0.2692308 0.2692308 0.84
-0.2692308 0.2692308 0.84
-0.2692308 0.2692308 0.84
-0.2692308 0.2692308 0.84
-0.2692308 0.2692308 0.84
-0.2692308 0.2692308 0.84
-0.2692308 0.2692308 0.84
-0.2692308 0.2692308 0.84
-0.2692308 0.2692308 0.84
-0.3846154 0.2307692 0.96
-0.3846154 0.2307692 0.96
-0.5 0.1923077 1.08
-0.5769231 0.1923077 1.12
-0.5384616 0.2307692 1.12
-0.5 0.2307692 1.04
-0.4615385 0.2692308 0.96
-0.3846154 0.2692308 0.96
-0.3846154 0.2307692 0.92
-0.3846154 0.1923077 0.92
-0.4230769 0.1923077 0.96
-0.5 0.1923077 1.04
-0.5384616 0.1923077 1.12
-0.5769231 0.1923077 1.16
-0.6538461 0.1923077 1.12
-0.6538461 0.1538462 1.12
-0.6153846 0.1923077 1.08
-0.6153846 0.1538462 1.04
-0.5384616 0.1923077 1
-0.5384616 0.1923077 1.08
-0.5384616 0.1923077 1.12
-0.6153846 0.1923077 1.2
-0.6923077 0.1923077 1.24
-0.8076923 0.1923077 1.36
-0.9230769 0.1538462 1.52
-1.153846 0.03846154 1.68
-1.269231 -0.07692308 1.8
-1.346154 -0.1923077 1.88
-1.384615 -0.1538462 1.96
-1.384615 -0.03846154 2.08
-1.576923 0.07692308 2.36
-1.807692 0.1153846 2.68
-1.961538 0.1923077 2.84
-1.961538 0.3461539 2.84
-1.769231 0.5769231 2.72
-1.461538 0.7692308 2.36
-1.153846 0.9230769 1.92
-0.8846154 0.8846154 1.48
-0.5769231 0.8846154 1.04
-0.3076923 0.8846154 0.68
-0.1538462 0.7692308 0.44
-0.07692308 0.6538461 0.28
-0.1153846 0.5384616 0.12
-0.1153846 0.4230769 0.08
0 0.3846154 0.04
0.07692308 0.3461539 -0.04
0.07692308 0.2692308 -0.08
0.03846154 0.1538462 -0.12
0.03846154 0.1153846 -0.12
0 0.07692308 -0.04
-0.03846154 0 0.04
0.03846154 0 0.12
0.1923077 0 0.04
0.2692308 0 -0.08
0.3461539 0 -0.16
0.2692308 -0.03846154 -0.08
0.07692308 -0.1153846 0.04
-0.1538462 -0.1923077 0.16
-0.3076923 -0.2692308 0.32
-0.3846154 -0.3076923 0.4
-0.3461539 -0.3076923 0.4
-0.3076923 -0.3076923 0.32
-0.2307692 -0.2692308 0.24
-0.1538462 -0.3076923 0.12
-0.1538462 -0.3076923 0.08
-0.1923077 -0.3461539 0.08
-0.3076923 -0.3846154 0.16
-0.3846154 -0.4230769 0.24
-0.3846154 -0.4230769 0.24
-0.4230769 -0.3846154 0.24
-0.3846154 -0.3846154 0.24
-0.3846154 -0.3461539 0.28
-0.4230769 -0.3461539 0.28
-0.4615385 -0.3461539 0.32
-0.5 -0.3461539 0.36
-0.5384616 -0.4230769 0.32
-0.6538461 -0.4230769 0.28
-0.7692308 -0.4230769 0.28
-0.9230769 -0.4615385 0.28
-1 -0.4230769 0.28
-1.115385 -0.3461539 0.32
-1.230769 -0.3076923 0.24
-1.307692 -0.3076923 0.16
-1.384615 -0.3461539 -0.04
-1.423077 -0.3461539 -0.28
-1.384615 -0.2692308 -0.48
-1.346154 -0.1923077 -0.68
-1.346154 -0.1923077 -0.8
-1.423077 -0.1923077 -0.8
-1.461538 -0.1923077 -0.64
-1.5 -0.1538462 -0.4
-1.461538 -0.07692308 -0.24
-1.307692 -0.1153846 -0.24
-1.153846 -0.1538462 -0.28
-1 -0.1538462 -0.36
-0.9230769 -0.2307692 -0.48
-0.9230769 -0.2307692 -0.44
-0.8076923 -0.1538462 0.16
-0.8076923 -0.1538462 0.16
-0.6923077 0 0.48
-0.5769231 0.1153846 0.72
-0.4615385 0.1923077 1
-0.3461539 0.2692308 1.28
-0.1538462 0.3076923 1.56
-0.03846154 0.2692308 1.8
-0.07692308 0.1538462 1.92
-0.2307692 0.07692308 1.76
-0.3461539 -0.03846154 1.56
-0.4615385 -0.07692308 1.28
-0.5384616 -0.1538462 0.96
-0.5769231 -0.2307692 0.8
-0.5769231 -0.2307692 0.84
-0.5769231 -0.2692308 0.88
-0.6538461 -0.2692308 1.04
-0.6538461 -0.1923077 1.12
-0.6153846 -0.1153846 1.16
-0.5769231 -0.03846154 1.04
-0.5769231 0 0.84
-0.5384616 -0.03846154 0.72
-0.6153846 -0.07692308 0.64
-0.6923077 -0.1538462 0.6
-0.8076923 -0.1923077 0.6
-0.8846154 -0.2692308 0.6
-0.8846154 -0.2692308 0.56
-0.8076923 -0.2307692 0.52
-0.7307692 -0.1538462 0.56
-0.7307692 -0.1538462 0.64
-0.7307692 -0.1153846 0.64
-0.7307692 -0.1538462 0.6
-0.8076923 -0.1923077 0.52
-0.7692308 -0.2307692 0.4
-0.6923077 -0.2307692 0.28
-0.5769231 -0.1538462 0.28
-0.4615385 -0.03846154 0.32
-0.4230769 0 0.44
-0.5 0.03846154 0.52
-0.5769231 0 0.6
-0.6153846 -0.07692308 0.56
-0.6153846 -0.07692308 0.44
-0.5 -0.03846154 0.32
-0.3846154 -0.03846154 0.2
-0.2307692 -0.03846154 0.2
-0.1153846 0 0.28
0.03846154 0.07692308 0.36
0.1923077 0.1153846 0.44
0.3461539 0.1538462 0.52
0.3846154 0.1923077 0.52
0.3076923 0.2307692 0.44
0.1538462 0.2307692 0.36
0 0.1153846 0.28
-0.1923077 -0.07692308 0.24
-0.3076923 -0.2307692 0.2
-0.3076923 -0.3461539 0.12
-0.3461539 -0.2307692 0.12
-0.3461539 0 0.08
-0.5384616 0.2307692 0.2
-0.8076923 0.3076923 0.44
-1.423077 -0.07692308 1
-1.423077 -0.07692308 1.08
-1.269231 0.1538462 1.08
-1.153846 0.3461539 1.12
-1.115385 0.4615385 1.16
-1.269231 0.3846154 1.28
-1.384615 0.3076923 1.44
-1.346154 0.2692308 1.48
-1.307692 0.1923077 1.44
-1.307692 0.1923077 1.32
-1.346154 0.1923077 1.24
-1.461538 0.1923077 1.28
-1.5 0.1923077 1.32
-1.461538 0.1923077 1.32
-1.346154 0.1923077 1.24
-1.269231 0.1923077 1.16
-1.230769 0.1923077 1.12
-1.115385 0.2692308 1.04
-1.038462 0.3076923 1
-1 0.2692308 1
-1 0.2307692 1
-0.9615384 0.1923077 1.04
-0.8846154 0.1923077 1
-0.7692308 0.2307692 0.96
-0.6538461 0.2692308 0.84
-0.5769231 0.2692308 0.68
-0.5384616 0.2692308 0.64
-0.5384616 0.2307692 0.68
-0.5769231 0.1923077 0.76
-0.5769231 0.1923077 0.88
-0.5769231 0.1923077 1
-0.5384616 0.1923077 1.04
-0.5 0.2307692 1.04
-0.3846154 0.2692308 1
-0.3076923 0.3076923 0.96
-0.2692308 0.3076923 0.96
-0.2307692 0.2692308 1
-0.1923077 0.2692308 1
-0.1153846 0.2692308 1.04
-0.07692308 0.2307692 1.12
0 0.2307692 1.24
0.03846154 0.2307692 1.36
0.07692308 0.2692308 1.4
0.03846154 0.2692308 1.4
0 0.1923077 1.32
0 0.1923077 1.2
0.03846154 0.2307692 1.08
0.03846154 0.2692308 1
0 0.2307692 0.88
-0.07692308 0.1538462 0.8
-0.1538462 0.1923077 0.68
-0.2307692 0.2307692 0.72
-0.3846154 0.2692308 0.88
-0.6538461 0.1153846 1
-0.8461539 0.07692308 1.04
-0.8461539 0.07692308 0.96
-0.6538461 0.1153846 0.72
-0.3846154 0.1923077 0.44
-0.2692308 0.1923077 0.24
-0.3846154 0.1538462 0.12
-0.6538461 0.07692308 0.16
-0.9230769 0.07692308 0.24
-1.115385 0.07692308 0.36
-1.153846 0.1153846 0.48
-1.076923 0.1153846 0.56
-0.9230769 0.1923077 0.56
-0.9230769 0.2692308 0.48
-0.9615384 0.2692308 0.4
-1.076923 0.1923077 0.36
-1.230769 0.1153846 0.36
-1.346154 0.03846154 0.48
-1.346154 0 0.6
-1.269231 0 0.64
-1.230769 0.03846154 0.64
-1.115385 0.07692308 0.64
-1.038462 0.1153846 0.68
-1 0.1153846 0.76
-0.9230769 0.1153846 0.88
-0.9230769 0.07692308 0.88
-0.8846154 0.03846154 0.76
-0.7692308 0.07692308 0.68
-0.6923077 0.07692308 0.64
-0.6538461 0.03846154 0.6
-0.5769231 0.03846154 0.68
-0.5384616 0.07692308 0.76
-0.5384616 0.07692308 0.8
-0.5384616 0.07692308 0.84
-0.5384616 0.07692308 0.84
-0.5 0.07692308 0.8
-0.4615385 0.1153846 0.76
-0.4230769 0.1153846 0.76
-0.3846154 0.1538462 0.76
-0.3846154 0.1153846 0.84
-0.4230769 0.1153846 0.88
-0.5 0.1153846 0.92
-0.5 0.1153846 0.92
-0.5 0.1153846 0.92
-0.4615385 0.1153846 0.88
-0.4230769 0.1153846 0.8
-0.4615385 0.1153846 0.72
-0.4615385 0.07692308 0.76
-0.5 0.07692308 0.8
-0.5 0.07692308 0.88
-0.5 0.07692308 0.92
-0.5384616 0.07692308 0.92
