-1.115385 0.3461539 1.48
-1.115385 0.3461539 1.48
-1.115385 0.3461539 1.48
-1.115385 0.3461539 1.48
-1.115385 0.3461539 1.48
-1.115385 0.3461539 1.48
-1.115385 0.3461539 1.48
-1.115385 0.3461539 1.48
-1.115385 0.3461539 1.48
-1.115385 0.3461539 1.48
-1.115385 0.3461539 1.48
-1.115385 0.3461539 1.48
-1.153846 0.3461539 1.52
-1.115385 0.3846154 1.52
-1.115385 0.3846154 1.52
-1.076923 0.4230769 1.44
-1.076923 0.3846154 1.44
-1.192308 0.3461539 1.44
-1.269231 0.3461539 1.4
-1.230769 0.4230769 1.4
-1.115385 0.5384616 1.48
-1 0.6538461 1.56
-0.9615384 0.7692308 1.56
-0.9230769 0.8461539 1.64
-0.8461539 0.8846154 1.72
-0.7692308 0.9230769 1.84
-0.6923077 1.038462 2.08
-0.5 1.153846 2.32
-0.3076923 1.346154 2.6
0 1.461538 2.84
0.3076923 1.692308 2.96
0.5769231 1.961538 3.16
0.8461539 2.153846 3.32
1.038462 2.346154 3.32
1.192308 2.461539 3.28
1.230769 2.384615 2.6
1.192308 2.307692 2.24
1.038462 2.192308 2
0.8461539 2.038461 1.76
0.6923077 1.961538 1.44
0.6538461 1.807692 1.12
0.6923077 1.692308 0.84
0.7307692 1.576923 0.64
0.6923077 1.5 0.48
0.7307692 1.423077 0.32
0.7692308 1.384615 0.12
0.7692308 1.307692 0
0.7692308 1.192308 0.04
0.7307692 1.153846 0.08
0.7307692 1.076923 0.08
0.6923077 1.038462 0.08
0.6538461 1 0
0.6153846 0.9615384 -0.04
0.6538461 0.8461539 -0.12
0.6923077 0.8076923 -0.24
0.7692308 0.7692308 -0.4
0.8076923 0.6923077 -0.52
0.8076923 0.5769231 -0.6
0.8076923 0.5384616 -0.64
0.7307692 0.4615385 -0.64
0.6538461 0.4615385 -0.6
0.6153846 0.4230769 -0.56
0.6153846 0.3846154 -0.56
0.5769231 0.4230769 -0.48
0.5384616 0.3846154 -0.48
0.5 0.4230769 -0.52
0.4230769 0.4230769 -0.48
0.3846154 0.4230769 -0.48
0.3461539 0.4615385 -0.44
0.2692308 0.5 -0.44
0.1923077 0.5384616 -0.4
0.03846154 0.5 -0.4
-0.07692308 0.4615385 -0.44
-0.1538462 0.3461539 -0.56
-0.2307692 0.2307692 -0.6
-0.3461539 0.1538462 -0.56
-0.4230769 0.1538462 -0.48
-0.4615385 0.1923077 -0.4
-0.5 0.2692308 -0.28
-0.4615385 0.3461539 -0.24
-0.4615385 0.4230769 -0.2
-0.5 0.4230769 -0.16
-0.5384616 0.3846154 -0.16
-0.6538461 0.3461539 0
-0.7307692 0.3461539 0
-0.8846154 0.3461539 0.08
-1 0.3076923 0.32
-1.076923 0.2692308 0.48
-1.115385 0.2307692 0.56
-1.076923 0.2307692 0.6
-1 0.2307692 0.64
-0.9230769 0.3076923 0.64
-0.8846154 0.4230769 0.68
-0.8846154 0.4615385 0.84
-0.8461539 0.5 1
-0.8076923 0.5384616 1.08
-0.7307692 0.5 1.12
-0.6923077 0.5769231 1.16
-0.7692308 0.6538461 1.4
-0.8461539 0.6923077 1.6
-0.8461539 0.8076923 1.72
-0.7692308 0.9230769 1.8
-0.5769231 0.9615384 1.88
-0.4615385 0.8461539 2.04
-0.3461539 0.7307692 2.28
-0.2692308 0.6538461 2.44
-0.2307692 0.7307692 2.6
-0.1153846 0.8846154 2.6
0.07692308 1 2.6
0.3461539 1.038462 2.6
0.5384616 1 2.48
0.5769231 0.9615384 2.24
0.6538461 0.9230769 1.92
0.7307692 0.9230769 1.68
0.8076923 0.9230769 1.64
0.8461539 0.8461539 1.6
0.7692308 0.7692308 1.48
0.7307692 0.6538461 1.36
0.7307692 0.6153846 1.32
0.7692308 0.6153846 1.4
0.7307692 0.6153846 1.44
0.6153846 0.5769231 1.52
0.4615385 0.5 1.48
0.3846154 0.4615385 1.36
0.3846154 0.5 1.28
0.4230769 0.4615385 1.2
0.4615385 0.5 1.12
0.5 0.5384616 1.08
0.5769231 0.6153846 1.04
0.6923077 0.6923077 1
0.7692308 0.7692308 1
0.7307692 0.7692308 0.92
0.6153846 0.6923077 0.84
0.5 0.6153846 0.76
0.4230769 0.5 0.8
0.4230769 0.5 0.84
0.4615385 0.5384616 0.88
0.5384616 0.5769231 0.88
0.5769231 0.6153846 0.84
0.5 0.5769231 0.84
0.3846154 0.5384616 0.88
0.2307692 0.5 0.88
0.1538462 0.4615385 0.92
0.1538462 0.4615385 0.92
0.1923077 0.4615385 0.84
0.1153846 0.4230769 0.8
0.07692308 0.3461539 0.72
0.03846154 0.3461539 0.68
0.07692308 0.3846154 0.68
0.1153846 0.4230769 0.76
0.1538462 0.4615385 0.84
0.1538462 0.5 0.8
0.1923077 0.5 0.88
0.1923077 0.5384616 0.92
0.1538462 0.5 0.84
0.1153846 0.4615385 0.88
