-0.5384616 -0.3461539 0.48
-0.5384616 -0.3461539 0.48
-0.5384616 -0.3461539 0.48
-0.5384616 -0.3461539 0.48
-0.5384616 -0.3461539 0.48
-0.5384616 -0.3461539 0.48
-0.5384616 -0.3461539 0.48
-0.5384616 -0.3461539 0.48
-0.5 -0.3461539 0.52
-0.5 -0.3461539 0.52
-0.5 -0.3461539 0.52
-0.5 -0.3461539 0.52
-0.5 -0.3461539 0.52
-0.5769231 -0.3461539 0.56
-0.6153846 -0.3846154 0.48
-0.6923077 -0.3846154 0.44
-0.6923077 -0.3461539 0.4
-0.6538461 -0.2692308 0.32
-0.6153846 -0.2307692 0.24
-0.6538461 -0.1923077 0.2
-0.7307692 -0.2307692 0.16
-0.7692308 -0.2692308 0.08
-0.7692308 -0.2692308 -0.04
-0.8076923 -0.2307692 -0.16
-0.8076923 -0.1538462 -0.2
-0.7692308 -0.1153846 -0.2
-0.7307692 -0.03846154 -0.2
-0.6923077 0.03846154 -0.2
-0.6538461 0.07692308 -0.2
-0.6153846 0.07692308 -0.24
-0.6538461 0 -0.24
-0.6923077 -0.07692308 -0.24
-0.7307692 -0.1153846 -0.28
-0.6923077 -0.1153846 -0.36
-0.6153846 -0.03846154 -0.32
-0.6538461 0.07692308 -0.24
-0.7307692 0.07692308 0
-0.7692308 0.07692308 0.44
-0.7307692 0.07692308 0.84
-0.6538461 0.1153846 1.16
-0.5769231 0.1923077 1.36
-0.6153846 0.1923077 1.56
-0.7692308 0.07692308 1.8
-0.8846154 -0.03846154 1.88
-0.8846154 -0.1153846 1.92
-0.8076923 -0.1153846 1.84
-0.7692308 -0.1153846 1.76
-0.7307692 -0.1153846 1.68
-0.7307692 -0.1538462 1.72
-0.8076923 -0.1923077 1.68
-0.8076923 -0.1923077 1.56
-0.8076923 -0.1538462 1.48
-0.7307692 -0.1538462 1.44
-0.6923077 -0.1153846 1.32
-0.6538461 -0.07692308 1.12
-0.5769231 -0.07692308 0.96
-0.5 -0.07692308 0.8
-0.5 -0.07692308 0.68
-0.5 -0.1153846 0.64
-0.5769231 -0.1538462 0.64
-0.6538461 -0.2307692 0.64
-0.6538461 -0.2307692 0.64
-0.6153846 -0.1923077 0.64
-0.5 -0.1153846 0.68
-0.4230769 0 0.68
-0.3461539 0.03846154 0.68
-0.3461539 0.03846154 0.64
-0.3076923 0.03846154 0.56
-0.3076923 0.03846154 0.56
-0.3076923 0.03846154 0.56
-0.3076923 0.03846154 0.64
-0.3461539 0.03846154 0.72
-0.3461539 0 0.76
-0.3846154 0.03846154 0.76
-0.3461539 0.07692308 0.72
-0.2692308 0.1538462 0.68
-0.1923077 0.1923077 0.68
-0.1923077 0.1923077 0.64
-0.1923077 0.1923077 0.68
-0.1923077 0.2307692 0.76
-0.07692308 0.2692308 0.76
0.1153846 0.3461539 0.72
0.4230769 0.4615385 0.72
0.6538461 0.5 0.52
0.8461539 0.5769231 0.28
0.9230769 0.6153846 0.16
0.9615384 0.6923077 0.24
0.8846154 0.6923077 0.56
0.7307692 0.7692308 0.92
0.5384616 0.8076923 1.2
0.3846154 0.9230769 1.36
0.1923077 1.115385 1.28
-0.03846154 1.230769 1.04
-0.4230769 1.230769 0.88
-0.9615384 1.038462 0.72
-1.576923 0.8461539 0.64
-2.115385 0.6538461 0.6
-2.576923 0.5 0.52
-2.730769 0.4230769 0.52
-2.615385 0.4615385 0.52
-2.346154 0.6538461 0.48
-2.115385 0.8076923 0.48
-2 0.8461539 0.48
-1.923077 0.8461539 0.52
-1.884615 0.8076923 0.68
-1.846154 0.7307692 0.76
-1.730769 0.6923077 0.8
-1.615385 0.6923077 0.72
-1.5 0.7307692 0.6
-1.423077 0.7307692 0.52
-1.461538 0.6538461 0.6
-1.5 0.5769231 0.72
-1.461538 0.5384616 0.76
-1.346154 0.5384616 0.72
-1.192308 0.5769231 0.68
-1 0.6153846 0.64
-0.9230769 0.6153846 0.64
-0.9615384 0.6153846 0.68
-1.038462 0.5384616 0.72
-1.076923 0.5 0.76
-1.038462 0.5 0.76
-0.9230769 0.5769231 0.68
-0.7307692 0.6538461 0.6
-0.6923077 0.6153846 0.56
-0.6923077 0.5769231 0.56
-0.7307692 0.5384616 0.56
-0.7307692 0.5384616 0.6
-0.7307692 0.5384616 0.68
-0.6923077 0.5384616 0.72
-0.5769231 0.5769231 0.72
-0.5 0.5769231 0.68
-0.4230769 0.6153846 0.6
-0.3461539 0.6153846 0.48
-0.3461539 0.6153846 0.44
-0.3461539 0.6153846 0.48
-0.4230769 0.5769231 0.48
-0.4615385 0.5384616 0.52
-0.5 0.5384616 0.56
-0.5 0.5 0.56
-0.4615385 0.5384616 0.52
-0.3846154 0.5769231 0.48
-0.3461539 0.6153846 0.48
-0.3461539 0.6153846 0.56
-0.5 0.5384616 0.56
-0.5 0.5384616 0.56
