-0.2307692 0.4615385 0.88
-0.2307692 0.4615385 0.88
-0.2307692 0.4615385 0.88
-0.2307692 0.4615385 0.88
-0.2307692 0.4615385 0.88
-0.2307692 0.4615385 0.88
-0.2307692 0.4615385 0.88
-0.2307692 0.4615385 0.88
-0.2307692 0.4615385 0.88
-0.2307692 0.4615385 0.88
-0.2307692 0.4615385 0.88
-0.2307692 0.4615385 0.88
-0.2692308 0.5384616 0.96
-0.3076923 0.6153846 1.12
-0.4230769 0.6153846 1.24
-0.5 0.6153846 1.28
-0.6153846 0.5769231 1.36
-0.7692308 0.5 1.48
-0.8461539 0.4230769 1.52
-0.9615384 0.3076923 1.48
-1.038462 0.2692308 1.44
-1.076923 0.2307692 1.32
-1.076923 0.2307692 1.2
-1.115385 0.2307692 1.12
-1.115385 0.2692308 1.12
-1.115385 0.3076923 1.08
-1.115385 0.3461539 1.08
-1.153846 0.4230769 1.04
-1.153846 0.4615385 1.08
-1.153846 0.5384616 1.16
-1.038462 0.6153846 1.32
-0.8846154 0.6923077 1.56
-0.7692308 0.8076923 1.96
-0.5769231 0.9230769 2.32
-0.3076923 1.192308 2.6
0.03846154 1.5 2.76
0.3461539 1.807692 2.92
0.6923077 2.038461 3.04
0.9615384 2.307692 3.08
1.230769 2.5 2.96
1.423077 2.576923 2.8
1.5 2.538461 2.64
1.538462 2.461539 2.36
1.5 2.346154 2.08
1.384615 2.192308 1.88
1.230769 2 1.76
1.038462 1.846154 1.64
1.038462 1.730769 1.48
1.076923 1.615385 1.24
1.192308 1.423077 0.76
1.230769 1.384615 0.48
1.269231 1.346154 0.32
1.269231 1.269231 0.24
1.269231 1.192308 0.24
1.230769 1.153846 0.24
1.115385 1.153846 0.2
1.038462 1.153846 0.2
0.9615384 1.115385 0.16
0.8846154 1.115385 0.12
0.7692308 1.076923 0
0.6923077 1.038462 -0.12
0.6153846 0.9230769 -0.28
0.5769231 0.8076923 -0.36
0.5 0.6923077 -0.48
0.4230769 0.6153846 -0.56
0.3846154 0.5769231 -0.6
0.3461539 0.5 -0.6
0.3461539 0.4230769 -0.6
0.2692308 0.3846154 -0.6
0.2307692 0.3461539 -0.64
0.1538462 0.3076923 -0.76
0.1538462 0.3076923 -0.76
0.1153846 0.3076923 -0.72
0.07692308 0.2692308 -0.76
0.03846154 0.2692308 -0.76
0 0.2307692 -0.76
-0.07692308 0.1923077 -0.8
-0.1153846 0.2307692 -0.8
-0.1538462 0.2307692 -0.8
-0.1923077 0.2307692 -0.8
-0.2692308 0.1923077 -0.72
-0.3461539 0.1538462 -0.6
-0.3846154 0.1538462 -0.56
-0.3846154 0.1923077 -0.48
-0.3846154 0.2307692 -0.4
-0.3461539 0.2692308 -0.32
-0.3076923 0.3076923 -0.28
-0.3846154 0.3461539 -0.4
-0.5 0.3461539 -0.36
-0.5769231 0.3846154 -0.24
-0.6153846 0.3846154 -0.12
-0.6538461 0.4230769 -0.08
-0.7692308 0.4230769 0
-0.9230769 0.3461539 0.08
-1 0.3846154 0.2
-0.8461539 0.5 0.36
-0.6923077 0.6923077 0.52
-0.5384616 0.9230769 0.76
-0.5 1 0.96
-0.6538461 1.115385 1.16
-0.9230769 1.038462 1.28
-1.230769 0.9615384 1.48
-1.538462 0.8461539 1.64
-1.461538 0.8461539 1.64
-1.384615 0.8461539 1.84
-1.384615 0.7692308 2.08
-1.307692 0.7307692 2.24
-1.230769 0.6538461 2.28
-1.153846 0.5769231 2.36
-1.192308 0.4615385 2.44
-1.192308 0.3846154 2.48
-1.115385 0.3846154 2.48
-0.9230769 0.3846154 2.52
-0.6153846 0.5 2.6
-0.3076923 0.6153846 2.6
0.03846154 0.7307692 2.6
0.2692308 0.8076923 2.48
0.3461539 0.7307692 2.4
0.3846154 0.6923077 2.28
0.5 0.6538461 2.08
0.6153846 0.6538461 1.88
0.6923077 0.5384616 1.56
0.5384616 0.3461539 1.28
0.2692308 0.1923077 1.2
0.1153846 0.1538462 1.2
0.1153846 0.1538462 1.28
0.07692308 0.1538462 1.32
0.1538462 0.2307692 1.28
0.3461539 0.4230769 1.2
0.6153846 0.6923077 1.2
0.9230769 0.8461539 1.24
1.038462 0.9230769 1.24
1 0.8846154 1.12
0.8846154 0.8461539 1
0.7307692 0.7692308 0.92
0.5769231 0.6923077 0.92
0.5384616 0.6538461 0.96
0.5769231 0.6538461 0.96
0.6538461 0.6923077 0.88
0.6538461 0.6923077 0.84
0.6153846 0.6923077 0.8
0.5384616 0.6538461 0.76
0.3461539 0.5769231 0.68
0.1538462 0.4615385 0.68
0.07692308 0.4230769 0.68
0.1153846 0.4230769 0.72
0.1923077 0.4615385 0.76
0.1923077 0.5 0.8
0.1538462 0.5 0.84
0.1153846 0.5384616 0.84
0.07692308 0.5 0.84
0.03846154 0.5384616 0.88
0 0.5 0.88
0 0.5 0.92
0.03846154 0.5384616 0.88
0.07692308 0.5 0.88
0.03846154 0.5 0.84
0 0.4615385 0.84
0 0.4615385 0.92
0 0.4615385 0.92
0 0.5 0.96
