1384510270206 35640081573183 855143000000 -3.371036 3.371036 8.734048
1384510270318 35640193542177 855253000000 -3.371036 3.677494 9.040505
1384510270429 35640304565126 855363000000 -5.363012 0.153229 9.653421
1384510270542 35640417327577 855473000000 -6.282385 -8.274362 8.274362
1384510270653 35640528350526 855583000000 0.153229 -6.129157 6.129157
1384510270739 35640614562684 855693000000 4.750096 3.064578 9.193734
1384510270851 35640726409608 855803000000 6.129157 10.879252 10.726024
1384510270964 35640838897401 855913000000 3.371036 10.879252 9.346964
1384510271085 35640959655458 856023000000 3.217807 -2.145205 7.048530
1384510271182 35641057128603 856133000000 0.306458 -16.089035 8.734048
1384510271293 35641168395692 856243000000 2.911349 -12.871228 13.790602
1384510271404 35641279571229 856353000000 7.967903 -4.290410 12.105083
1384510271516 35641390960390 856463000000 9.500193 2.298434 8.734048
1384510271627 35641502135927 856573000000 5.363012 0.766145 8.274362
1384510271753 35641628143007 856683000000 4.137181 -1.685518 8.734048
1384510271839 35641714324647 856793000000 3.677494 -2.604892 9.500193
1384510271960 35641834655458 856903000000 2.911349 -2.451663 8.734048
1384510272071 35641945983583 857013000000 3.524265 -2.451663 8.887277
1384510272193 35642068175966 857123000000 3.217807 -1.838747 8.887277
