1384510310140 35680015289003 895073000000 -3.217807 3.830723 7.967903
1384510310246 35680121032411 895183000000 -3.524265 4.750096 7.814674
1384510310353 35680227752382 895293000000 -5.363012 3.524265 8.274362
1384510310449 35680324309999 895403000000 -5.975927 -6.282385 9.040505
1384510310564 35680439025575 895513000000 -2.145205 -4.443638 7.508216
1384510310686 35680561309511 895623000000 4.137181 1.838747 7.967903
1384510310795 35680669982606 895733000000 6.435614 12.258313 10.572795
1384510310904 35680779266054 895843000000 3.830723 9.346964 7.354988
1384510311000 35680875335390 895953000000 3.830723 -3.677494 6.742072
1384510311111 35680986236269 896063000000 1.532289 -15.935806 11.185710
1384510311231 35681106109315 896173000000 2.911349 -13.943830 13.484144
1384510311330 35681205169374 896283000000 9.653421 -5.975927 10.113108
1384510311441 35681316344911 896393000000 10.879252 2.451663 9.040505
1384510311569 35681443664247 896503000000 4.903325 0.766145 7.508216
1384510311667 35681542449647 896613000000 3.830723 -1.838747 8.580819
1384510311794 35681668945009 896723000000 3.524265 -2.298434 9.653421
1384510311891 35681766296083 896833000000 3.371036 -3.217807 9.500193
1384510311995 35681869781190 896943000000 3.217807 -1.072602 8.887277
1384510312117 35681992034608 897053000000 3.830723 -1.225831 9.806650
