1387384268472 600552492354299 2980123000000 1.225831 0.153229 10.113108
1387384268582 600552601698782 2980233000000 0.766145 0.306458 9.500193
1387384268693 600552713515188 2980343000000 0.766145 0.000000 10.113108
1387384268810 600552829604055 2980453000000 0.766145 0.459687 10.726024
1387384268921 600552940840627 2980563000000 1.072602 0.612916 8.274362
1387384269043 600553063368704 2980673000000 0.766145 0.306458 4.137181
1387384269155 600553174605276 2980783000000 3.983952 -0.766145 5.669470
1387384269241 600553260939504 2980893000000 8.121132 -1.685518 7.967903
1387384269369 600553388899709 2981003000000 10.879252 -2.604892 12.871228
1387384269481 600553500929739 2981113000000 9.040505 -3.983952 9.959879
1387384269578 600553598250295 2981223000000 9.040505 -1.532289 7.508216
1387384269690 600553709608938 2981333000000 9.193734 0.153229 7.508216
1387384269801 600553820998098 2981443000000 9.806650 1.379060 10.572795
1387384269916 600553935805227 2981553000000 10.572795 0.153229 10.572795
1387384270028 600554048018362 2981663000000 9.500193 -1.072602 10.266337
1387384270124 600554144392874 2981773000000 6.435614 -3.064578 6.895301
1387384270236 600554256209280 2981883000000 1.072602 -2.298434 3.983952
1387384270354 600554373793508 2981993000000 -1.225831 -0.153229 5.975927
1387384270466 600554485670950 2982103000000 -1.838747 0.459687 8.887277
1387384270577 600554596785452 2982213000000 -1.225831 1.225831 10.419566
1387384270678 600554698012258 2982323000000 -1.225831 1.072602 9.959879
1387384270789 600554809401418 2982433000000 -1.225831 1.225831 9.959879
1387384270900 600554920424368 2982543000000 -1.532289 -0.766145 8.734048
1387384271012 600555031996633 2982653000000 -1.379060 1.532289 10.419566
1387384271134 600555153639700 2982763000000 -1.379060 0.766145 10.572795
1387384271245 600555264784719 2982873000000 -1.838747 0.919373 9.040505
