1387384301686 600585706374075 3013333000000 -0.766145 0.612916 9.653421
1387384301797 600585816939260 3013443000000 -0.766145 0.612916 9.653421
1387384301909 600585928755666 3013553000000 -0.612916 0.459687 9.040505
1387384302020 600586040053274 3013663000000 0.000000 0.153229 7.201759
1387384302131 600586151076223 3013773000000 0.919373 0.000000 7.508216
1387384302242 600586262495901 3013883000000 3.830723 -0.459687 6.588843
1387384302354 600586373701955 3013993000000 7.508216 -0.306458 6.282385
1387384302465 600586485274221 3014103000000 10.266337 -5.516241 9.193734
1387384302576 600586596236135 3014213000000 10.879252 -3.677494 7.814674
1387384302685 600586705122854 3014323000000 10.113108 -4.903325 5.516241
1387384302796 600586816328909 3014433000000 10.113108 -2.298434 5.516241
1387384302893 600586913374807 3014543000000 9.959879 -3.983952 2.911349
1387384303029 600587049269583 3014653000000 10.113108 -2.145205 2.758120
1387384303115 600587135329153 3014763000000 11.798626 -2.145205 6.435614
1387384303227 600587246687795 3014873000000 13.024457 -1.685518 7.967903
1387384303337 600587357222463 3014983000000 13.024457 -2.604892 8.121132
1387384303449 600587469252493 3015093000000 10.266337 -2.145205 6.588843
1387384303560 600587580428030 3015203000000 5.516241 -0.919373 5.975927
1387384303683 600587702986623 3015313000000 0.766145 -1.225831 4.903325
1387384303794 600587814162161 3015423000000 -1.379060 -1.225831 6.282385
1387384303915 600587935316946 3015533000000 -1.838747 -1.072602 8.274362
1387384304002 600588021681692 3015643000000 -1.838747 -0.919373 9.346964
1387384304113 600588132796194 3015753000000 -1.685518 -0.919373 9.959879
1387384304224 600588244276907 3015863000000 -1.379060 -0.766145 10.113108
1387384304335 600588355391409 3015973000000 -1.532289 -0.459687 10.572795
1387384304450 600588469649221 3016083000000 -1.072602 0.000000 9.500193
