1387384351431 600635451247122 3063063000000 0.000000 1.225831 9.500193
1387384351519 600635538649465 3063173000000 0.612916 0.612916 9.346964
1387384351629 600635649092581 3063283000000 0.766145 0.919373 5.363012
1387384351742 600635761610891 3063393000000 2.298434 1.072602 5.363012
1387384351868 600635888075735 3063503000000 6.742072 0.612916 8.121132
1387384351979 600635999098684 3063613000000 10.572795 0.153229 8.887277
1387384352090 600636109938528 3063723000000 11.032481 1.072602 9.959879
1387384352177 600636196669485 3063833000000 10.572795 -2.604892 8.580819
1387384352288 600636307906057 3063943000000 9.346964 -1.685518 3.830723
1387384352399 600636419081594 3064053000000 10.419566 -0.766145 3.064578
1387384352510 600636530287649 3064163000000 11.185710 -0.459687 6.282385
1387384352628 600636647902395 3064273000000 11.798626 -1.072602 7.661446
1387384352738 600636758528616 3064383000000 12.411542 -2.451663 9.193734
1387384352844 600636864119436 3064493000000 9.500193 -2.451663 7.354988
1387384352955 600636975356008 3064603000000 5.363012 -2.451663 5.516241
1387384353067 600637086684133 3064713000000 2.451663 -1.991976 6.742072
1387384353177 600637197218801 3064823000000 0.306458 -1.838747 7.048530
1387384353289 600637309035208 3064933000000 -0.612916 -0.306458 8.427590
1387384353400 600637420424368 3065043000000 -0.919373 -0.306458 8.734048
1387384353512 600637531691458 3065153000000 -2.145205 -0.153229 9.959879
1387384353622 600637642195608 3065263000000 -0.459687 -0.459687 10.266337
1387384353719 600637738936331 3065373000000 0.612916 0.306458 10.572795
