1387384382970 600666990034963 3094613000000 -1.072602 0.306458 10.266337
1387384383081 600667101088430 3094723000000 -0.919373 0.306458 9.346964
1387384383199 600667219252493 3094833000000 -0.306458 0.459687 7.201759
1387384383312 600667332350637 3094943000000 0.612916 0.000000 5.056554
1387384383398 600667418349172 3095053000000 2.911349 -0.459687 5.516241
1387384383510 600667529829885 3095163000000 8.427590 0.000000 5.975927
1387384383621 600667641096975 3095273000000 13.943830 -3.064578 7.967903
1387384383744 600667763716604 3095383000000 12.411542 -2.758120 8.580819
1387384383855 600667874831106 3095493000000 10.879252 -3.677494 5.669470
1387384383952 600667972334768 3095603000000 10.879252 -2.145205 3.983952
1387384384064 600668083632375 3095713000000 11.032481 -0.919373 2.604892
1387384384175 600668194777395 3095823000000 12.258313 0.612916 5.975927
1387384384286 600668306593801 3095933000000 13.790602 0.612916 7.508216
1387384384398 600668417769338 3096043000000 13.330915 -1.072602 8.580819
1387384384509 600668528914358 3096153000000 11.185710 -2.911349 6.742072
1387384384622 600668641981985 3096263000000 5.056554 -2.758120 4.596867
1387384384728 600668747786428 3096373000000 -0.459687 -1.838747 3.217807
1387384384839 600668859480764 3096483000000 -2.758120 -1.072602 5.056554
1387384384951 600668970839407 3096593000000 -2.758120 -0.153229 8.580819
1387384385061 600669080946829 3096703000000 -2.758120 -1.379060 9.959879
1387384385176 600669195998098 3096813000000 -1.991976 -1.072602 10.113108
1387384385287 600669306929495 3096923000000 -3.983952 -0.306458 9.500193
1387384385385 600669405074026 3097033000000 -1.072602 -0.459687 9.653421
