1384350356519 141430697647956 160077000000 0.919373 0.153229 9.346964
1384350356620 141430798447517 160187000000 0.919373 0.000000 10.113108
1384350356724 141430902024177 160297000000 5.056554 4.903325 9.040505
1384350356848 141431026017097 160407000000 6.895301 6.742072 12.105083
1384350356960 141431138504890 160517000000 3.524265 -9.193734 7.967903
1384350357068 141431246476081 160627000000 -0.306458 -7.508216 11.185710
1384350357182 141431359879401 160737000000 -1.072602 -1.225831 10.113108
1384350357291 141431469376472 160847000000 0.766145 -0.306458 10.419566
1384350357377 141431555588630 160957000000 0.612916 0.153229 9.806650
1384350357488 141431666092780 161067000000 1.379060 0.000000 9.040505
1384350357624 141431802414802 161177000000 3.064578 -5.516241 12.105083
