1384187692281 80590570991934 3090952000000 -4.596867 5.975927 6.742072
1384187692405 80590694771231 3091062000000 -3.371036 7.048530 6.895301
1384187692508 80590797371329 3091172000000 -1.072602 9.500193 9.193734
1384187692608 80590897224844 3091282000000 -2.298434 5.975927 6.588843
1384187692736 80591025856436 3091392000000 -2.911349 -0.306458 3.830723
1384187692839 80591128700675 3091502000000 -2.911349 -3.830723 6.282385
1384187692939 80591229042471 3091612000000 -8.427590 -8.887277 13.024457
1384187693066 80591355324210 3091722000000 -3.064578 -6.588843 13.484144
1384187693168 80591457832755 3091832000000 3.371036 -5.363012 10.113108
1384187693275 80591564339102 3091942000000 9.346964 9.193734 8.734048
1384187693386 80591675331534 3092052000000 7.201759 9.193734 8.427590
1384187693497 80591786720694 3092162000000 6.895301 -0.459687 12.105083
1384187693608 80591897713126 3092272000000 7.661446 -2.298434 10.572795
1384187693706 80591995338858 3092382000000 4.596867 -3.983952 9.806650
1384187693817 80592106789053 3092492000000 4.290410 -1.532289 8.734048
1384187693928 80592217720450 3092602000000 5.822699 -1.225831 8.274362
1384187694040 80592329353751 3092712000000 4.750096 -1.072602 8.427590
1384187694151 80592440498770 3092822000000 5.209783 -0.612916 7.508216
1384187694272 80592561806143 3092932000000 5.669470 -0.459687 8.887277
1384187694369 80592658394278 3093042000000 5.209783 -0.306458 8.734048
