1387384532473 600816492964651 3244113000000 7.814674 -6.435614 1.532289
1387384532570 600816590437795 3244223000000 7.967903 -7.201759 4.137181
1387384532682 600816701704885 3244333000000 11.338940 -10.726024 14.250289
1387384532803 600816822615530 3244443000000 13.943830 -9.653421 7.814674
1387384532912 600816932234670 3244553000000 9.500193 -5.822699 1.379060
1387384533010 600817029738332 3244663000000 0.612916 -0.766145 -0.612916
1387384533147 600817167464163 3244773000000 -1.072602 0.919373 -0.459687
1387384533235 600817255324270 3244883000000 3.371036 0.612916 1.685518
1387384533346 600817366499807 3244993000000 11.951855 3.524265 5.975927
1387384533462 600817482405569 3245103000000 14.556746 1.838747 8.121132
1387384533573 600817592574026 3245213000000 14.709975 1.838747 11.798626
1387384533684 600817704115774 3245323000000 10.726024 1.991976 8.121132
1387384533780 600817800215627 3245433000000 9.346964 0.459687 3.983952
1387384533891 600817911421682 3245543000000 9.806650 0.459687 2.604892
1387384534003 600818022658254 3245653000000 10.113108 -0.153229 2.758120
1387384534114 600818134108450 3245763000000 9.346964 0.153229 2.911349
1387384534237 600818256789114 3245873000000 9.959879 0.459687 3.524265
1387384534348 600818368483450 3245983000000 9.806650 -0.459687 3.064578
