1387384535829 600819849379446 3247483000000 8.734048 -9.040505 4.903325
1387384535965 600819985457327 3247593000000 9.346964 -7.661446 10.879252
1387384536069 600820088972952 3247703000000 10.726024 -7.048530 11.185710
1387384536174 600820193709280 3247813000000 9.040505 -5.975927 6.895301
1387384536278 600820297652151 3247923000000 3.064578 -3.524265 1.379060
1387384536380 600820399886038 3248033000000 -0.766145 -0.919373 0.306458
1387384536501 600820521407034 3248143000000 0.153229 0.153229 1.685518
1387384536613 600820632674124 3248253000000 5.975927 1.225831 1.991976
1387384536723 600820743361379 3248363000000 12.564771 3.983952 9.500193
1387384536834 600820854506399 3248473000000 15.782578 2.451663 11.338940
1387384536946 600820966292288 3248583000000 12.105083 2.911349 9.346964
1387384537063 600821082808401 3248693000000 9.500193 2.451663 5.669470
1387384537149 600821169020559 3248803000000 9.959879 0.766145 3.217807
1387384537260 600821280135061 3248913000000 9.653421 0.612916 2.298434
1387384537371 600821391524221 3249023000000 9.806650 0.306458 2.451663
1387384537483 600821503127004 3249133000000 9.653421 0.612916 3.524265
1387384537594 600821613905813 3249243000000 9.806650 0.306458 2.911349
