1387384543225 600827244856741 3254863000000 8.121132 -9.193734 3.983952
1387384543327 600827346877004 3254973000000 10.419566 -11.185710 9.346964
1387384543441 600827461348440 3255083000000 11.492168 -10.726024 7.508216
1387384543561 600827580916311 3255193000000 9.193734 -6.129157 5.056554
1387384543672 600827692152883 3255303000000 2.145205 -3.064578 2.145205
1387384543783 600827803389455 3255413000000 -1.379060 -0.919373 2.298434
1387384543869 600827889510061 3255523000000 -1.685518 0.612916 4.443638
1387384543981 600828000716116 3255633000000 1.532289 0.766145 2.298434
1387384544103 600828123396780 3255743000000 6.282385 0.306458 5.363012
1387384544215 600828234724905 3255853000000 14.556746 2.911349 6.435614
1387384544326 600828346358206 3255963000000 15.169662 4.137181 7.967903
1387384544438 600828458357717 3256073000000 12.105083 3.064578 8.121132
1387384544549 600828568678762 3256183000000 9.959879 2.604892 4.443638
1387384544682 600828701704885 3256293000000 9.653421 1.379060 1.685518
1387384544768 600828787886526 3256403000000 9.806650 1.685518 1.225831
1387384544864 600828884291555 3256513000000 9.653421 1.532289 0.612916
1387384544976 600828996260549 3256623000000 10.113108 1.532289 1.379060
1387384545094 600829114241506 3256733000000 9.806650 1.379060 1.532289
1387384545205 600829224776174 3256843000000 9.346964 7.967903 2.451663
1387384545316 600829336531546 3256953000000 9.959879 2.145205 2.451663
1387384545428 600829447829153 3257063000000 9.653421 0.919373 1.991976
