1384267515137 114389060299904 4564786000000 4.903325 -2.911349 8.887277
1384267515261 114389184292824 4564896000000 4.596867 -3.217807 8.580819
1384267515362 114389285946877 4565006000000 3.217807 -2.758120 12.105083
1384267515463 114389386624367 4565116000000 8.580819 -0.459687 23.597252
1384267515590 114389513089211 4565226000000 8.887277 -7.508216 9.193734
1384267515700 114389623715431 4565336000000 2.451663 -2.451663 -4.290410
1384267515805 114389728207619 4565446000000 0.919373 12.258313 7.201759
1384267515907 114389830594094 4565556000000 1.532289 -0.153229 11.645397
1384267516033 114389956814797 4565666000000 -2.451663 -9.500193 5.056554
1384267516130 114390053769142 4565776000000 1.225831 -1.991976 -1.225831
1384267516232 114390155484230 4565886000000 3.371036 3.217807 11.338940
1384267516360 114390283963234 4565996000000 6.435614 -7.201759 22.218191
1384267516462 114390385556252 4566106000000 2.758120 -8.887277 10.266337
1384267516565 114390488186867 4566216000000 9.193734 -2.604892 9.040505
1384267516691 114390614071877 4566326000000 9.653421 6.742072 6.282385
1384267516792 114390715664894 4566436000000 4.443638 -2.911349 9.193734
1384267516894 114390817013771 4566546000000 3.983952 -3.064578 9.500193
1384267517010 114390933285744 4566656000000 4.596867 -2.451663 9.806650
1384267517122 114391045529396 4566766000000 4.137181 -2.298434 9.193734
1384267517223 114391146054299 4566876000000 4.903325 -1.072602 9.346964
1384267517332 114391255856545 4566986000000 4.137181 -2.604892 8.887277
