1384267526356 114400279965431 4575986000000 4.137181 -3.064578 8.734048
1384267526443 114400366971047 4576096000000 4.290410 -2.911349 8.734048
1384267526559 114400482510597 4576206000000 3.524265 -2.758120 9.500193
1384267526671 114400594235451 4576316000000 6.282385 2.451663 26.355373
1384267526797 114400720913918 4576426000000 12.411542 -5.822699 15.629349
1384267526900 114400823300392 4576536000000 3.217807 -2.911349 -4.596867
1384267527003 114400926693947 4576646000000 0.306458 6.435614 -0.306458
1384267527129 114401052060158 4576756000000 2.911349 6.129157 9.040505
1384267527217 114401140896828 4576866000000 -2.911349 -7.354988 5.975927
1384267527343 114401266934426 4576976000000 -1.072602 -2.758120 0.612916
1384267527445 114401368222267 4577086000000 5.822699 1.379060 12.411542
1384267527546 114401469418556 4577196000000 4.596867 -1.072602 23.597252
1384267527657 114401580960305 4577306000000 1.379060 -5.975927 13.484144
1384267527769 114401692746193 4577416000000 7.048530 -4.137181 7.508216
1384267527897 114401820096047 4577526000000 10.419566 4.596867 7.967903
1384267527984 114401907071144 4577636000000 3.830723 0.766145 7.661446
1384267528107 114402030118019 4577746000000 5.056554 -4.290410 8.274362
1384267528208 114402131985695 4577856000000 3.371036 -1.685518 9.500193
1384267528336 114402259518654 4577966000000 4.290410 -2.145205 9.500193
1384267528465 114402388119728 4578076000000 3.830723 -2.911349 9.040505
