1384510202948 35572822906190 787903000000 4.290410 0.766145 9.040505
1384510203084 35572959197694 788013000000 4.750096 0.766145 8.580819
1384510203189 35573064452821 788123000000 3.217807 0.000000 16.701952
1384510203301 35573175994569 788233000000 6.895301 -3.217807 23.137566
1384510203388 35573263030701 788343000000 5.822699 0.000000 5.822699
1384510203499 35573374297791 788453000000 2.145205 -0.766145 -2.451663
1384510203610 35573485595399 788563000000 0.153229 -1.072602 -3.983952
1384510203722 35573596740418 788673000000 1.072602 -1.379060 0.766145
1384510203832 35573706939393 788783000000 7.048530 -6.742072 18.387468
1384510203944 35573819213563 788893000000 5.822699 -5.363012 19.460072
1384510204062 35573936889344 789003000000 3.524265 -3.830723 10.726024
1384510204173 35574048217469 789113000000 3.830723 -4.443638 7.814674
1384510204284 35574159484559 789223000000 3.983952 -3.830723 8.887277
1384510204382 35574256774598 789333000000 3.064578 -3.830723 8.580819
1384510204510 35574385345155 789443000000 3.524265 -3.677494 8.734048
