1384510214126 35584001525574 799063000000 3.983952 0.612916 8.734048
1384510214237 35584111663514 799173000000 3.524265 0.766145 9.040505
1384510214350 35584224761658 799283000000 2.758120 -1.225831 17.314867
1384510214461 35584335876160 799393000000 4.750096 1.838747 22.677879
1384510214572 35584447356873 799503000000 7.354988 -2.758120 9.346964
1384510214666 35584541198426 799613000000 2.911349 0.306458 -1.379060
1384510214777 35584652312928 799723000000 0.153229 1.379060 -4.137181
1384510214889 35584763641053 799833000000 1.379060 -2.911349 -0.766145
1384510215000 35584875182801 799943000000 5.209783 -6.742072 16.395493
1384510215120 35584995055848 800053000000 6.588843 -5.822699 20.685904
1384510215231 35585105773621 800163000000 4.137181 -2.298434 11.492168
1384510215317 35585192596131 800273000000 4.137181 -3.524265 7.967903
1384510215441 35585316405946 800383000000 6.129157 -3.524265 7.661446
1384510215553 35585427642518 800493000000 3.677494 -3.524265 9.653421
1384510215654 35585529205018 800603000000 3.677494 -3.217807 9.193734
