1384510223850 35593724731141 808793000000 3.830723 0.612916 9.193734
1384510223962 35593837493592 808903000000 3.983952 0.919373 9.040505
1384510224074 35593949584656 809013000000 1.991976 -0.612916 12.411542
1384510224185 35594060149842 809123000000 3.830723 1.072602 28.194118
1384510224298 35594173553162 809233000000 7.814674 -0.306458 8.887277
1384510224411 35594285644227 809343000000 3.064578 -0.612916 -2.298434
1384510224522 35594396941834 809453000000 0.612916 -1.225831 -4.443638
1384510224626 35594501586610 809563000000 1.532289 -3.524265 -0.153229
1384510224722 35594596893006 809673000000 5.975927 -6.282385 17.927782
1384510224833 35594708099061 809783000000 4.903325 -5.056554 20.072987
1384510224938 35594813171082 809893000000 3.064578 -3.524265 11.645397
1384510225062 35594937316590 810003000000 4.290410 -5.056554 8.121132
1384510225174 35595048888856 810113000000 2.911349 -4.903325 7.201759
1384510225286 35595160705262 810223000000 3.830723 -4.290410 8.734048
