1384355051472 145479875260251 758214000000 5.363012 0.459687 8.580819
1384355051604 145480006729977 758324000000 5.363012 0.612916 8.734048
1384355051691 145480093857663 758434000000 5.363012 0.919373 12.564771
1384355051812 145480215012448 758544000000 10.726024 3.983952 24.363398
1384355051926 145480329605954 758654000000 10.113108 0.306458 9.653421
1384355052013 145480416214841 758764000000 2.451663 -0.766145 -0.766145
1384355052125 145480527665036 758874000000 -2.758120 0.306458 0.153229
1384355052237 145480640549557 758984000000 -4.750096 -0.766145 3.524265
1384355052349 145480752518552 759094000000 -5.056554 -4.137181 12.871228
1384355052460 145480863297360 759204000000 -0.153229 -3.371036 13.943830
1384355052573 145480976090329 759314000000 1.532289 6.895301 10.266337
1384355052684 145481087418454 759424000000 0.459687 5.516241 5.363012
1384355052796 145481198716061 759534000000 1.225831 1.838747 0.153229
1384355052903 145481306168454 759644000000 5.516241 -2.451663 3.064578
1384355053000 145481402909177 759754000000 11.798626 -4.290410 22.984337
1384355053127 145481529923337 759864000000 7.048530 -1.072602 12.564771
1384355053222 145481624833005 759974000000 8.427590 3.677494 7.201759
1384355053334 145481736954587 760084000000 10.726024 0.612916 7.661446
1384355053452 145481855088132 760194000000 10.113108 -7.508216 9.040505
1384355053563 145481966355222 760304000000 7.048530 -4.903325 7.508216
1384355053675 145482077896970 760414000000 5.209783 -1.685518 7.201759
1384355053784 145482187210934 760524000000 5.669470 -0.766145 7.814674
1384355053896 145482299363034 760634000000 4.596867 0.153229 8.121132
1384355054007 145482410599606 760744000000 4.750096 -0.306458 8.887277
1384355054119 145482521927731 760854000000 5.056554 0.000000 9.040505
1384355054232 145482634812253 760964000000 5.669470 0.000000 9.500193
