1384355077038 145505441483395 783774000000 4.750096 -0.153229 8.734048
1384355077151 145505553757565 783884000000 5.056554 -0.306458 9.040505
1384355077260 145505663224118 783994000000 4.903325 0.153229 8.121132
1384355077372 145505775223630 784104000000 5.056554 2.451663 10.726024
1384355077483 145505885636228 784214000000 8.427590 1.685518 18.234240
1384355077594 145505996903317 784324000000 10.572795 1.379060 15.016433
1384355077691 145506094010251 784434000000 7.048530 2.604892 7.048530
1384355077803 145506205674069 784544000000 -0.612916 0.612916 -2.145205
1384355077924 145506327011960 784654000000 -4.596867 1.685518 2.145205
1384355078010 145506413529294 784764000000 -3.371036 0.459687 11.185710
1384355078151 145506553757565 784874000000 -2.298434 0.459687 12.258313
1384355078238 145506640732663 784984000000 -2.298434 2.298434 9.500193
1384355078348 145506751419919 785094000000 -2.911349 1.838747 9.040505
1384355078490 145506893204587 785204000000 0.612916 7.508216 7.661446
1384355078575 145506978196042 785314000000 -0.153229 7.661446 6.282385
1384355078688 145507090744870 785424000000 -0.612916 2.298434 2.604892
1384355078787 145507189713376 785534000000 0.306458 -0.306458 0.000000
1384355078912 145507314621823 785644000000 2.298434 -3.371036 7.967903
1384355079024 145507426957028 785754000000 11.951855 -5.209783 22.524651
1384355079117 145507519760983 785864000000 9.346964 -4.137181 14.556746
1384355079229 145507632065671 785974000000 9.040505 0.000000 6.588843
1384355079344 145507746933835 786084000000 9.040505 2.604892 5.363012
1384355079461 145507863694089 786194000000 9.959879 -0.306458 8.121132
1384355079566 145507968979733 786304000000 10.726024 -7.967903 9.346964
1384355079678 145508080887692 786414000000 6.895301 -2.604892 6.435614
1384355079771 145508173935788 786524000000 5.822699 -1.685518 8.121132
1384355079895 145508297898190 786634000000 4.750096 0.306458 7.201759
1384355079992 145508395096677 786744000000 4.290410 0.612916 8.734048
1384355080118 145508520615475 786854000000 4.596867 1.991976 8.734048
1384355080221 145508623642819 786964000000 3.983952 0.612916 8.887277
1384355080325 145508727860349 787074000000 4.290410 1.072602 9.346964
1384355080453 145508856308835 787184000000 4.137181 0.919373 9.653421
1384355080563 145508966172116 787294000000 4.290410 0.612916 8.887277
