1387382846024 599130043867971 1723036000000 0.153229 -5.056554 8.887277
1387382846144 599130164168264 1723146000000 0.000000 -4.290410 9.040505
1387382846258 599130277724172 1723256000000 1.685518 -0.919373 10.879252
1387382846369 599130389296438 1723366000000 3.524265 0.459687 10.879252
1387382846459 599130479201223 1723476000000 2.758120 -3.677494 8.427590
1387382846570 599130589735891 1723586000000 2.758120 -4.443638 8.427590
1387382846681 599130701308157 1723696000000 2.911349 -3.983952 9.193734
1387382846808 599130827650930 1723806000000 1.685518 -4.750096 9.040505
1387382846893 599130913313772 1723916000000 0.612916 -3.830723 9.346964
1387382847005 599131025160696 1724026000000 0.766145 -3.217807 9.959879
1387382847116 599131135634329 1724136000000 0.612916 -2.145205 9.959879
1387382847227 599131246596243 1724246000000 0.459687 -2.145205 9.653421
1387382847338 599131357771780 1724356000000 0.459687 -1.838747 9.806650
1387382847450 599131469771292 1724466000000 2.911349 -1.532289 9.040505
1387382847561 599131580641653 1724576000000 -0.153229 -1.838747 9.653421
1387382847664 599131684218313 1724686000000 1.072602 -3.064578 11.338940
1387382847787 599131806685354 1724796000000 0.919373 -1.991976 8.887277
