1387382895323 599179342726614 1772336000000 0.612916 -0.612916 10.113108
1387382895445 599179464796926 1772446000000 0.766145 0.766145 10.113108
1387382895544 599179564040090 1772556000000 4.596867 3.217807 10.113108
1387382895668 599179687788870 1772666000000 6.742072 0.612916 10.113108
1387382895755 599179775130178 1772776000000 7.201759 -7.967903 8.734048
1387382895866 599179886458303 1772886000000 3.371036 -9.500193 7.354988
1387382895977 599179997511770 1772996000000 1.225831 -6.282385 8.121132
1387382896093 599180112624075 1773106000000 1.379060 -4.137181 8.887277
1387382896213 599180233199026 1773216000000 0.612916 -3.217807 9.193734
1387382896325 599180345381643 1773326000000 0.766145 -3.064578 9.500193
1387382896436 599180455824758 1773436000000 1.225831 -3.064578 9.500193
1387382896548 599180567702200 1773546000000 1.532289 -2.604892 9.500193
1387382896636 599180656508352 1773656000000 0.459687 -2.145205 8.734048
1387382896760 599180780257131 1773766000000 0.612916 -2.604892 9.193734
1387382896868 599180888441946 1773876000000 1.379060 -2.298434 9.806650
1387382896974 599180994398977 1773986000000 1.072602 -2.604892 10.419566
1387382897083 599181102827932 1774096000000 0.919373 -2.604892 9.653421
