1384250658922 99899483933265 2663311000000 9.193734 -1.991976 3.983952
1384250659030 99899592179114 2663421000000 9.346964 -1.685518 3.677494
1384250659141 99899703354652 2663531000000 8.887277 -1.838747 3.983952
1384250659252 99899814560706 2663641000000 9.500193 -7.048530 6.588843
1384250659363 99899925736243 2663751000000 15.016433 -13.790602 9.040505
1384250659474 99900036026771 2663861000000 19.460072 -5.669470 10.572795
1384250659585 99900147232825 2663971000000 12.871228 2.451663 4.596867
1384250659697 99900259506995 2664081000000 2.451663 -0.153229 3.983952
1384250659807 99900369461829 2664191000000 -0.766145 -4.290410 10.879252
1384250659918 99900480789954 2664301000000 -1.685518 -12.105083 8.580819
1384250660030 99900592148597 2664411000000 -1.685518 -11.798626 4.443638
1384250660116 99900678299720 2664521000000 -0.153229 -2.298434 2.145205
1384250660227 99900789536292 2664631000000 -3.830723 12.411542 -0.766145
1384250660338 99900900711829 2664741000000 -4.443638 12.411542 0.766145
1384250660451 99901013291175 2664851000000 -6.435614 7.967903 1.991976
1384250660562 99901124680335 2664961000000 -6.129157 7.354988 3.217807
1384250660673 99901235764320 2665071000000 -5.975927 1.838747 0.766145
1384250660785 99901347061927 2665181000000 -3.830723 3.217807 2.758120
