1384250679269 99919831589515 2683661000000 9.653421 -2.758120 2.451663
1384250679381 99919943253333 2683771000000 9.806650 -2.758120 2.451663
1384250679489 99920051071937 2683881000000 9.346964 -3.830723 3.983952
1384250679602 99920164780433 2683991000000 8.887277 -17.314867 7.508216
1384250679714 99920276566321 2684101000000 16.395493 -7.201759 8.887277
1384250679826 99920388138587 2684211000000 14.097059 -1.379060 9.193734
1384250679936 99920498062903 2684321000000 4.903325 -0.306458 6.282385
1384250680047 99920609329993 2684431000000 -1.225831 -4.443638 6.435614
1384250680158 99920720627601 2684541000000 -1.532289 -14.403518 7.048530
1384250680269 99920831833655 2684651000000 -3.524265 -12.258313 7.661446
1384250680356 99920918045814 2684761000000 0.612916 -6.895301 2.911349
1384250680467 99921029496009 2684871000000 -1.225831 5.822699 0.766145
1384250680578 99921140702064 2684981000000 -4.290410 13.330915 1.838747
1384250680690 99921251999671 2685091000000 -4.137181 10.419566 2.758120
1384250680821 99921383438880 2685201000000 -4.903325 7.508216 2.604892
1384250680908 99921469956214 2685311000000 -4.596867 6.895301 2.758120
