1384510566132 35936007293397 1151063000000 4.903325 -0.766145 8.887277
1384510566237 35936111724550 1151173000000 5.209783 -1.072602 8.887277
1384510566333 35936207885438 1151283000000 3.217807 -4.290410 8.121132
1384510566454 35936329253847 1151393000000 2.451663 -9.806650 13.177687
1384510566565 35936439666444 1151503000000 9.500193 0.000000 11.951855
1384510566683 35936557738954 1151613000000 10.113108 2.298434 9.653421
1384510566785 35936660247499 1151723000000 5.669470 1.225831 9.346964
1384510566896 35936770965272 1151833000000 -1.685518 -8.121132 10.113108
1384510566990 35936864776308 1151943000000 -2.604892 -13.790602 10.879252
1384510567119 35936993713075 1152053000000 -1.379060 -6.588843 10.266337
1384510567230 35937104888612 1152163000000 3.983952 0.612916 10.113108
1384510567341 35937216064149 1152273000000 2.911349 3.677494 7.814674
1384510567430 35937304809267 1152383000000 0.153229 2.604892 8.121132
1384510567540 35937415313417 1152493000000 -1.225831 2.145205 9.346964
1384510567667 35937542480165 1152603000000 1.072602 3.983952 6.895301
1384510567768 35937643584901 1152713000000 0.306458 4.137181 10.572795
1384510567870 35937744964296 1152823000000 -1.991976 2.451663 9.346964
