1384249369453 98610015274817 1373581000000 8.580819 -5.209783 4.443638
1384249369565 98610127304847 1373691000000 8.121132 -3.371036 4.596867
1384249369686 98610248062903 1373801000000 9.959879 -2.911349 7.354988
1384249369772 98610334366614 1373911000000 13.637373 -8.274362 24.516626
1384249369883 98610445694740 1374021000000 17.314867 -12.411542 11.185710
1384249369994 98610556931312 1374131000000 7.201759 -3.677494 0.766145
1384249370106 98610668137366 1374241000000 -1.991976 0.459687 1.532289
1384249370217 98610779404456 1374351000000 -14.709975 -8.427590 5.516241
1384249370329 98610890976722 1374461000000 6.588843 4.443638 2.758120
1384249370441 98611003128821 1374571000000 -0.306458 16.395493 2.145205
1384249370552 98611114456946 1374681000000 -3.217807 8.274362 6.282385
1384249370665 98611227219398 1374791000000 -5.822699 5.822699 5.363012
1384249370775 98611337876136 1374901000000 -4.750096 6.895301 6.588843
1384249370890 98611451920325 1375011000000 -5.209783 6.129157 5.516241
1384249370991 98611553665931 1375121000000 -3.983952 6.895301 5.975927
