1384249407956 98648518784339 1412091000000 8.887277 -4.290410 4.290410
1384249408073 98648635239417 1412201000000 8.427590 -3.677494 4.290410
1384249408182 98648744767005 1412311000000 6.742072 -5.209783 19.306843
1384249408294 98648856095130 1412421000000 19.460072 -13.330915 19.919758
1384249408405 98648967270667 1412531000000 15.935806 -8.734048 1.072602
1384249408517 98649079056556 1412641000000 -0.459687 -1.991976 -3.217807
1384249408628 98649190171058 1412751000000 -6.742072 -13.484144 1.532289
1384249408739 98649301468665 1412861000000 5.363012 1.991976 4.750096
1384249408852 98649413956458 1412971000000 0.612916 15.016433 3.524265
1384249408962 98649524369056 1413081000000 -1.225831 10.266337 3.983952
1384249409074 98649636521155 1413191000000 -4.290410 7.508216 4.903325
1384249409187 98649749100501 1413301000000 -3.830723 7.661446 7.508216
1384249409273 98649835343177 1413411000000 -3.983952 1.838747 3.983952
