1384249442157 98682719681556 1446291000000 7.814674 -4.443638 4.750096
1384249442269 98682831711585 1446401000000 6.895301 -4.137181 5.209783
1384249442381 98682943100745 1446511000000 7.661446 -4.137181 7.048530
1384249442492 98683054276282 1446621000000 10.113108 -10.572795 21.605276
1384249442603 98683165573890 1446731000000 17.314867 -15.629349 13.330915
1384249442714 98683276718909 1446841000000 9.193734 -12.717999 -2.145205
1384249442800 98683362900550 1446951000000 5.363012 -11.492168 -1.532289
1384249442912 98683474228675 1447061000000 5.056554 10.572795 4.137181
1384249443023 98683585434730 1447171000000 -1.838747 12.258313 2.911349
1384249443134 98683696762855 1447281000000 -3.677494 6.895301 4.750096
1384249443245 98683807907874 1447391000000 -5.669470 7.967903 5.056554
1384249443357 98683919541175 1447501000000 -4.290410 6.742072 6.588843
1384249443468 98684030625159 1447611000000 -6.129157 9.040505 5.669470
1384249443580 98684141922767 1447721000000 -7.048530 6.742072 5.209783
