1384268060065 114933988492043 5109766000000 0.000000 0.306458 9.959879
1384268060176 114934099820168 5109876000000 0.153229 0.766145 9.806650
1384268060304 114934227353127 5109986000000 2.298434 5.209783 10.266337
1384268060406 114934329800637 5110096000000 3.371036 6.742072 9.806650
1384268060520 114934443570168 5110206000000 2.758120 -1.685518 9.959879
1384268060623 114934546017678 5110316000000 0.919373 -6.129157 3.524265
1384268060741 114934664670021 5110426000000 3.217807 -3.830723 1.072602
1384268060833 114934756161720 5110536000000 6.742072 -0.766145 13.790602
1384268060959 114934882229836 5110646000000 7.661446 -4.290410 17.314867
1384268061076 114934999783547 5110756000000 6.435614 -2.911349 9.500193
1384268061163 114935086300881 5110866000000 6.742072 -1.379060 7.814674
1384268061274 114935197293312 5110976000000 6.129157 -0.766145 8.274362
1384268061401 114935324185402 5111086000000 8.887277 -2.604892 6.742072
1384268061557 114935480649025 5111196000000 6.282385 -2.145205 8.734048
1384268061602 114935525967629 5111306000000 5.822699 -1.838747 7.354988
