1384267158087 114032010952981 4207736000000 6.435614 -3.677494 6.895301
1384267158212 114032135251077 4207846000000 7.048530 -3.983952 7.201759
1384267158313 114032236386331 4207956000000 6.588843 -3.217807 6.588843
1384267158415 114032338162454 4208066000000 8.580819 -1.838747 18.540699
1384267158539 114032462826760 4208176000000 10.419566 -3.064578 14.709975
1384267158639 114032562405618 4208286000000 7.508216 -2.758120 7.048530
1384267158748 114032671566995 4208396000000 1.838747 -0.766145 2.298434
1384267158870 114032793301614 4208506000000 -1.532289 0.000000 5.209783
1384267158971 114032894772561 4208616000000 -2.145205 -0.612916 8.121132
1384267159089 114033012204202 4208726000000 -1.991976 1.532289 9.500193
1384267159190 114033113522561 4208836000000 -1.072602 0.766145 10.572795
1384267159297 114033220212014 4208946000000 0.766145 -0.153229 8.734048
1384267159423 114033346371682 4209056000000 -1.991976 2.145205 10.419566
1384267159547 114033470974954 4209166000000 -1.379060 1.838747 9.959879
