1384267230136 114104059659036 4279776000000 6.282385 -3.064578 7.814674
1384267230237 114104160336526 4279886000000 6.282385 -2.604892 7.201759
1384267230344 114104267697366 4279996000000 6.435614 -1.838747 13.484144
1384267230469 114104392849954 4280106000000 10.572795 -1.838747 18.540699
1384267230574 114104497738870 4280216000000 9.806650 -2.451663 10.726024
1384267230676 114104599118264 4280326000000 3.217807 -1.685518 2.145205
1384267230786 114104709103616 4280436000000 -2.758120 0.919373 1.532289
1384267230897 114104820218118 4280546000000 -2.911349 2.298434 6.895301
1384267231022 114104945950540 4280656000000 -2.145205 2.604892 9.040505
1384267231126 114105049801858 4280766000000 -2.145205 1.991976 9.653421
1384267231227 114105150326760 4280876000000 -8.734048 8.427590 2.451663
1384267231352 114105275296243 4280986000000 -1.838747 3.064578 10.113108
1384267231449 114105372921975 4281096000000 -2.145205 3.064578 9.500193
