1384250511302 99751864365394 2515691000000 8.427590 -5.209783 2.145205
1384250511403 99751965164954 2515801000000 8.121132 -4.903325 1.838747
1384250511513 99752075241859 2515911000000 8.734048 -5.516241 2.145205
1384250511615 99752177079017 2516021000000 8.580819 -4.750096 2.604892
1384250511730 99752292679603 2516131000000 8.121132 -5.209783 2.145205
1384250511858 99752419937903 2516241000000 8.734048 -5.516241 2.758120
1384250511955 99752517044837 2516351000000 9.040505 -3.830723 2.604892
1384250512086 99752648117835 2516461000000 9.806650 -1.838747 3.524265
1384250512179 99752741837317 2516571000000 11.951855 -2.451663 2.604892
1384250512290 99752852341468 2516681000000 9.346964 -1.379060 3.064578
1384250512403 99752965103919 2516791000000 12.717999 -15.169662 3.830723
1384250512514 99753076096351 2516901000000 9.193734 -20.685904 -4.750096
1384250512626 99753188492591 2517011000000 7.201759 -9.500193 -7.354988
1384250512737 99753299301917 2517121000000 7.967903 -1.991976 5.822699
1384250512847 99753409592445 2517231000000 9.040505 2.298434 14.403518
1384250512934 99753496079261 2517341000000 5.822699 5.975927 12.717999
1384250513059 99753621537025 2517451000000 1.379060 4.596867 6.435614
1384250513171 99753733292396 2517561000000 -4.750096 -1.225831 1.685518
1384250513282 99753844498450 2517671000000 -5.669470 -7.661446 1.685518
1384250513394 99753956070716 2517781000000 -9.500193 -4.290410 4.750096
1384250513505 99754067124183 2517891000000 -8.887277 -0.612916 4.903325
1384250513615 99754177109534 2518001000000 -8.274362 1.225831 5.669470
1384250513726 99754288346107 2518111000000 -8.427590 0.459687 5.516241
1384250513837 99754399735267 2518221000000 -9.653421 -0.153229 5.209783
1384250513923 99754485916907 2518331000000 -6.435614 4.290410 5.209783
