1384250541765 99782327866370 2546161000000 9.346964 -4.596867 1.685518
1384250541877 99782439560706 2546271000000 8.580819 -3.677494 1.838747
1384250541988 99782550705726 2546381000000 10.572795 -1.379060 1.532289
1384250542100 99782661972816 2546491000000 12.564771 0.612916 1.225831
1384250542211 99782773819740 2546601000000 12.871228 -5.209783 1.072602
1384250542308 99782870835120 2546711000000 10.572795 -9.346964 1.838747
1384250542424 99782986222083 2546821000000 9.500193 -11.951855 2.298434
1384250542536 99783098374183 2546931000000 11.492168 -12.258313 5.822699
1384250542647 99783209580237 2547041000000 13.637373 -6.129157 8.427590
1384250542759 99783320969398 2547151000000 9.346964 -0.459687 9.193734
1384250542870 99783432144935 2547261000000 4.137181 3.064578 8.734048
1384250542980 99783542374427 2547371000000 1.225831 3.524265 4.903325
1384250543095 99783656998450 2547481000000 -5.056554 2.451663 1.532289
1384250543205 99783766983802 2547591000000 -8.427590 -4.443638 2.298434
1384250543316 99783878067786 2547701000000 -6.435614 -5.516241 4.443638
1384250543427 99783989579017 2547811000000 -8.121132 -1.379060 6.282385
1384250543538 99784100632483 2547921000000 -7.354988 0.459687 5.822699
1384250543624 99784186814124 2548031000000 -7.661446 1.379060 5.516241
1384250543742 99784304428870 2548141000000 -8.121132 0.306458 5.516241
1384250543858 99784420548255 2548251000000 -6.742072 -0.919373 6.895301
1384250543969 99784531784827 2548361000000 -9.040505 0.153229 5.822699
