1384250554763 99795325394446 2559161000000 8.887277 -4.596867 1.991976
1384250554874 99795436905677 2559271000000 9.346964 -5.209783 2.298434
1384250554986 99795548355872 2559381000000 10.879252 -4.903325 7.508216
1384250555097 99795659561927 2559491000000 19.000385 -5.822699 13.790602
1384250555208 99795770676429 2559601000000 14.863204 -4.290410 3.524265
1384250555313 99795875748450 2559711000000 5.822699 -2.145205 1.225831
1384250555424 99795986405189 2559821000000 1.991976 -3.217807 5.516241
1384250555536 99796098221595 2559931000000 0.766145 -10.113108 7.508216
1384250555647 99796209488685 2560041000000 -0.612916 -13.484144 7.661446
1384250555759 99796320969398 2560151000000 -2.604892 -0.612916 8.121132
1384250555870 99796432144935 2560261000000 -1.838747 7.048530 11.185710
1384250555981 99796543228919 2560371000000 -2.911349 6.435614 8.734048
1384250556092 99796654526526 2560481000000 -5.209783 4.137181 5.209783
1384250556203 99796765793616 2560591000000 -6.588843 -1.838747 1.838747
1384250556316 99796878311927 2560701000000 -7.508216 -2.604892 4.137181
1384250556425 99796987778480 2560811000000 -9.040505 0.612916 5.209783
1384250556544 99797106430823 2560921000000 -6.435614 3.524265 -20.685904
1384250556642 99797204575355 2561031000000 -10.113108 3.371036 2.298434
