1384355407972 145836375199216 1114724000000 7.354988 -0.919373 7.201759
1384355408109 145836511612790 1114834000000 7.814674 -1.225831 7.201759
1384355408210 145836612931149 1114944000000 7.814674 0.153229 11.645397
1384355408314 145836716690915 1115054000000 11.185710 -0.919373 18.081011
1384355408418 145836821366208 1115164000000 12.564771 -2.451663 10.572795
1384355408542 145836944840329 1115274000000 4.903325 -0.459687 0.919373
1384355408641 145837044144528 1115384000000 -3.983952 -1.685518 3.677494
1384355408741 145837143967526 1115494000000 -2.758120 -3.524265 5.056554
1384355408877 145837280472653 1115604000000 -1.072602 -4.596867 11.185710
1384355408981 145837384110349 1115714000000 2.298434 -3.830723 12.871228
1384355409092 145837494706052 1115824000000 1.838747 6.129157 9.346964
1384355409203 145837606583493 1115934000000 0.459687 5.669470 9.040505
1384355409315 145837718583005 1116044000000 -0.919373 4.443638 9.193734
1384355409401 145837804276364 1116154000000 -1.838747 3.217807 9.193734
1384355409514 145837916764157 1116264000000 -1.838747 2.758120 10.113108
1384355409648 145838051316159 1116374000000 -1.991976 2.451663 9.653421
1384355409735 145838137650388 1116484000000 -3.983952 1.225831 8.580819
1384355409846 145838248886960 1116594000000 -2.451663 3.064578 9.500193
1384355409962 145838364884274 1116704000000 -2.604892 1.685518 8.274362
