1384186521128 79419417396964 1919772000000 2.451663 -1.838747 9.959879
1384186521246 79419535499991 1919882000000 3.064578 -2.758120 10.726024
1384186521357 79419646736563 1919992000000 2.758120 -2.758120 14.863204
1384186521468 79419758034171 1920102000000 5.975927 3.064578 22.218191
1384186521566 79419855263175 1920212000000 10.726024 5.975927 12.871228
1384186521677 79419966774405 1920322000000 6.742072 0.612916 3.371036
1384186521788 79420077980460 1920432000000 3.217807 0.153229 -1.532289
1384186521900 79420189339102 1920542000000 -2.451663 -0.612916 -2.298434
1384186522012 79420302010001 1920652000000 2.911349 -9.193734 5.669470
1384186522136 79420425850333 1920762000000 0.919373 -5.669470 15.322891
1384186522248 79420538216055 1920872000000 5.822699 -5.669470 21.145590
1384186522335 79420624489249 1920982000000 8.121132 -7.048530 16.548723
1384186522446 79420735756339 1921092000000 8.274362 1.838747 10.879252
1384186522558 79420848030508 1921202000000 3.677494 -1.838747 7.967903
1384186522672 79420961220206 1921312000000 0.919373 -2.298434 8.734048
1384186522784 79421074043692 1921422000000 1.838747 -3.524265 9.959879
1384186522898 79421187813223 1921532000000 1.379060 -3.524265 9.500193
1384186523009 79421298775137 1921642000000 1.225831 -2.604892 9.500193
1384186523120 79421409981192 1921752000000 0.459687 -2.451663 8.734048
1384186523221 79421511055411 1921862000000 1.685518 -2.911349 9.040505
