0.03846154 -0.4615385 0.4
0.03846154 -0.4615385 0.4
0.03846154 -0.4615385 0.4
0.03846154 -0.4615385 0.4
0.03846154 -0.4615385 0.4
0.03846154 -0.4615385 0.4
0.03846154 -0.4615385 0.4
0.03846154 -0.4615385 0.4
0.03846154 -0.4615385 0.4
0.03846154 -0.4615385 0.4
0.03846154 -0.4615385 0.4
0.03846154 -0.4615385 0.4
0.03846154 -0.4615385 0.4
0.03846154 -0.4615385 0.4
0.07692308 -0.5 0.44
0.03846154 -0.4615385 0.4
0.03846154 -0.4615385 0.4
0.03846154 -0.5 0.44
0.07692308 -0.4615385 0.4
0.03846154 -0.4615385 0.44
0.03846154 -0.4615385 0.4
0.03846154 -0.4615385 0.4
0.03846154 -0.4615385 0.36
0.03846154 -0.4615385 0.36
0.03846154 -0.4230769 0.32
0.07692308 -0.4230769 0.32
0.07692308 -0.4230769 0.28
0.07692308 -0.3846154 0.24
0.07692308 -0.3846154 0.24
0.03846154 -0.3461539 0.24
0 -0.3461539 0.24
0 -0.3076923 0.24
-0.03846154 -0.2692308 0.24
-0.03846154 -0.2692308 0.24
-0.03846154 -0.2692308 0.24
-0.03846154 -0.2692308 0.24
0.03846154 -0.2307692 0.16
0.07692308 -0.2307692 0.12
0.1538462 -0.1923077 0.08
0.1923077 -0.1538462 0.08
0.2307692 -0.07692308 0.12
0.1923077 -0.07692308 0.2
0.1153846 -0.07692308 0.28
0.07692308 -0.07692308 0.36
0 -0.07692308 0.44
0.03846154 -0.07692308 0.48
0.07692308 -0.07692308 0.52
0.1153846 -0.03846154 0.56
0.1538462 0.03846154 0.6
0.1923077 0.1153846 0.68
0.2307692 0.1923077 0.8
0.2307692 0.1923077 0.88
0.2307692 0.2307692 1
0.1923077 0.1923077 1.08
0.1923077 0.1538462 1.12
0.1923077 0.1538462 1.16
0.1538462 0.1538462 1.24
0.1538462 0.1923077 1.32
0.1538462 0.2307692 1.36
0.1923077 0.2692308 1.44
0.1923077 0.3076923 1.6
0.2307692 0.3076923 1.72
0.1923077 0.3076923 1.88
0.1923077 0.2692308 2.04
0.1923077 0.2692308 2.16
0.1923077 0.3076923 2.2
0.1923077 0.3076923 2.24
0.2307692 0.3076923 2.2
0.2307692 0.3076923 2.16
0.2692308 0.3076923 2.08
0.2692308 0.3076923 2
0.2307692 0.2692308 1.92
0.2307692 0.2692308 1.84
0.1923077 0.2692308 1.76
0.1538462 0.2692308 1.72
0.1538462 0.2307692 1.6
0.1153846 0.1923077 1.52
0.1153846 0.1923077 1.44
0.07692308 0.2307692 1.36
0.1153846 0.1923077 1.28
0.1153846 0.2307692 1.2
0.1153846 0.2692308 1.12
0.1153846 0.2692308 1.08
0.1538462 0.2692308 1.08
