0.1538462 0.1538462 1
0.1538462 0.1538462 1.08
0.1538462 0.1538462 1.08
0.1538462 0.1538462 1.08
0.1538462 0.1538462 1.08
0.1538462 0.1538462 1.08
0.1538462 0.1538462 1.08
0.1538462 0.1538462 1.08
0.1538462 0.1538462 1.08
0.1538462 0.1538462 1.08
0.1538462 0.1538462 1.08
0.1538462 0.1153846 1.16
0.1538462 0.1153846 1.16
0.1538462 0.1153846 1.16
0.1538462 0.07692308 1.2
0.1538462 0.07692308 1.28
0.1538462 0.07692308 1.32
0.1538462 0.03846154 1.36
0.1923077 0.03846154 1.44
0.1923077 0 1.48
0.1538462 0 1.56
0.1538462 0 1.6
0.1923077 -0.03846154 1.64
0.1923077 -0.03846154 1.72
0.1923077 -0.03846154 1.72
0.2307692 -0.03846154 1.72
0.2307692 -0.03846154 1.72
0.2307692 0 1.72
0.2692308 0 1.72
0.2307692 0 1.76
0.1923077 0.03846154 1.76
0.1538462 0 1.76
0.1153846 0 1.72
0.1153846 0 1.68
0.1153846 0 1.64
0.1538462 0.03846154 1.56
0.1923077 0.07692308 1.48
0.1923077 0.07692308 1.44
0.1923077 0.1153846 1.4
0.2307692 0.1153846 1.36
0.2307692 0.1153846 1.32
0.1923077 0.1153846 1.28
0.1923077 0.07692308 1.24
0.1538462 0.1153846 1.16
0.1538462 0.1153846 1.12
0.1153846 0.07692308 1
0.1153846 0.07692308 0.92
0.1153846 0.07692308 0.84
0.1153846 0.07692308 0.76
0.1153846 0.07692308 0.68
0.1153846 0.03846154 0.6
0.1153846 0.03846154 0.56
0.1153846 0 0.48
0.07692308 0 0.36
0.1153846 -0.03846154 0.28
0.07692308 -0.03846154 0.2
0.07692308 -0.07692308 0.12
0.03846154 -0.1153846 0.04
0 -0.1923077 0
0 -0.2692308 -0.04
0 -0.3076923 -0.04
0 -0.3461539 -0.08
0 -0.3461539 -0.12
0.03846154 -0.3461539 -0.08
0.03846154 -0.3461539 -0.08
0.03846154 -0.3846154 -0.08
0.03846154 -0.3846154 -0.04
0.03846154 -0.4230769 0
0.03846154 -0.4615385 0.04
0 -0.4615385 0.04
0 -0.4615385 0.12
0 -0.5 0.16
0 -0.4615385 0.2
0.03846154 -0.4615385 0.2
0.07692308 -0.4615385 0.2
0.07692308 -0.4230769 0.24
0.1153846 -0.4230769 0.24
0.1153846 -0.4615385 0.24
0.1153846 -0.5 0.24
