0.07692308 -0.5384616 0.48
0.07692308 -0.5384616 0.48
0.07692308 -0.5384616 0.48
0.07692308 -0.5384616 0.48
0.07692308 -0.5384616 0.48
0.07692308 -0.5384616 0.48
0.07692308 -0.5384616 0.48
0.07692308 -0.5384616 0.48
0.07692308 -0.5384616 0.48
0.07692308 -0.5384616 0.48
0.07692308 -0.5384616 0.48
0.07692308 -0.5384616 0.48
0.03846154 -0.5384616 0.48
0.03846154 -0.5384616 0.48
0.03846154 -0.5384616 0.44
0 -0.5384616 0.44
0 -0.5384616 0.44
0 -0.5384616 0.44
0 -0.5384616 0.4
0.03846154 -0.5 0.4
0.03846154 -0.5 0.36
0.07692308 -0.4615385 0.36
0.07692308 -0.4615385 0.36
0.07692308 -0.4615385 0.32
0 -0.4230769 0.32
-0.03846154 -0.4230769 0.32
-0.07692308 -0.3846154 0.32
-0.07692308 -0.3461539 0.32
-0.1153846 -0.3461539 0.28
-0.1153846 -0.3076923 0.32
-0.1538462 -0.3076923 0.32
-0.1153846 -0.3076923 0.28
-0.1153846 -0.2692308 0.28
-0.07692308 -0.2307692 0.24
-0.03846154 -0.2307692 0.24
0.03846154 -0.2307692 0.2
0.1153846 -0.2307692 0.2
0.1538462 -0.1538462 0.2
0.1923077 -0.07692308 0.24
0.1923077 -0.07692308 0.32
0.1153846 -0.03846154 0.36
0.07692308 -0.03846154 0.4
0.03846154 0 0.48
0.03846154 0.03846154 0.56
0.03846154 0.03846154 0.64
0 0.03846154 0.68
0.03846154 0.03846154 0.76
0.1153846 0.07692308 0.8
0.1538462 0.1153846 0.88
0.1923077 0.1923077 0.96
0.1923077 0.2307692 1.04
0.1923077 0.2307692 1.12
0.1538462 0.1923077 1.24
0.1153846 0.1923077 1.36
0.1538462 0.2307692 1.44
0.1538462 0.2307692 1.56
0.1923077 0.2692308 1.68
0.2307692 0.3076923 1.76
0.2692308 0.3076923 1.84
0.2307692 0.3076923 1.96
0.2307692 0.2692308 2.08
0.1923077 0.2692308 2.12
0.1538462 0.2307692 2.16
0.1538462 0.1923077 2.08
0.1538462 0.1923077 2.04
0.1538462 0.1923077 1.96
0.1538462 0.1923077 1.88
0.1538462 0.1923077 1.8
0.1538462 0.1923077 1.76
0.1538462 0.1923077 1.68
0.1538462 0.1923077 1.64
0.1923077 0.2307692 1.56
0.1923077 0.2307692 1.52
0.1923077 0.2692308 1.48
0.1923077 0.2307692 1.44
0.1538462 0.2307692 1.4
0.1153846 0.1923077 1.36
