0.1538462 0.1538462 1.16
0.1538462 0.1538462 1.16
0.1538462 0.1538462 1.16
0.1538462 0.1538462 1.16
0.1538462 0.1538462 1.16
0.1538462 0.1538462 1.16
0.1538462 0.1538462 1.16
0.1538462 0.1538462 1.16
0.1538462 0.1538462 1.16
0.1538462 0.1538462 1.16
0.1538462 0.1538462 1.16
0.1538462 0.1538462 1.16
0.1538462 0.1153846 1.2
0.1538462 0.07692308 1.24
0.1538462 0.07692308 1.28
0.1538462 0.03846154 1.36
0.1538462 0.07692308 1.44
0.1923077 0.03846154 1.52
0.2307692 0.03846154 1.6
0.2307692 0.03846154 1.68
0.2692308 0.03846154 1.72
0.2307692 0.03846154 1.76
0.2307692 0 1.8
0.1923077 0 1.8
0.1923077 -0.03846154 1.8
0.1923077 0 1.76
0.1923077 0 1.76
0.1923077 0 1.76
0.1923077 0.03846154 1.72
0.2307692 0.03846154 1.72
0.2307692 0.07692308 1.68
0.1923077 0.07692308 1.68
0.1923077 0.07692308 1.64
0.1538462 0.1153846 1.6
0.1538462 0.1538462 1.48
0.1923077 0.1923077 1.4
0.1923077 0.2307692 1.32
0.1923077 0.2692308 1.24
0.1923077 0.2692308 1.08
0.1923077 0.2692308 1
0.1538462 0.2307692 0.88
0.1153846 0.1923077 0.8
0.07692308 0.1923077 0.68
0.07692308 0.1538462 0.6
0.03846154 0.1153846 0.48
0.07692308 0.07692308 0.4
0.07692308 0.03846154 0.32
0.03846154 0 0.24
0.03846154 0 0.16
0.03846154 -0.07692308 0.12
0 -0.1153846 0.08
0 -0.1538462 0.04
-0.03846154 -0.1923077 0
0 -0.2307692 -0.04
0.03846154 -0.2307692 -0.04
0.07692308 -0.2692308 -0.04
0.07692308 -0.2692308 -0.04
0.07692308 -0.3461539 -0.08
0.07692308 -0.3846154 -0.08
0.03846154 -0.3846154 -0.08
0.03846154 -0.4230769 -0.04
0.03846154 -0.4230769 -0.04
0.03846154 -0.4615385 0.04
0.03846154 -0.5 0.08
0 -0.5 0.12
0.03846154 -0.5384616 0.12
0.03846154 -0.5384616 0.16
0.07692308 -0.5384616 0.2
0.07692308 -0.5384616 0.28
0.07692308 -0.5769231 0.32
0.07692308 -0.5769231 0.32
0.07692308 -0.5384616 0.32
0.07692308 -0.5384616 0.32
0.07692308 -0.5769231 0.32
