0.5 0.2307692 1.04
0.5 0.2307692 1.04
0.5 0.2307692 1.04
0.5 0.2307692 1.04
0.5 0.2307692 1.04
0.5 0.2307692 1.04
0.5 0.2307692 1.04
0.5 0.2307692 1.04
0.5 0.2307692 1.04
0.5 0.2307692 1.04
0.5 0.2307692 1.04
0.5384616 0.2307692 1.12
0.5 0.2307692 1.2
0.4615385 0.2307692 1.32
0.4230769 0.2307692 1.44
0.3846154 0.1923077 1.52
0.3461539 0.1538462 1.52
0.3076923 0.1538462 1.56
0.2692308 0.1538462 1.6
0.2307692 0.1538462 1.64
0.2307692 0.1538462 1.72
0.1923077 0.1153846 1.8
0.1538462 0.1153846 1.92
0.1153846 0.1153846 2.04
0.03846154 0.1153846 2.12
-0.07692308 0.1153846 2.24
-0.2307692 0.1153846 2.4
-0.4230769 0.03846154 2.48
-0.5769231 0 2.52
-0.6923077 0.03846154 2.48
-0.7307692 0.07692308 2.4
-0.7307692 0.1538462 2.24
-0.7307692 0.2307692 2.08
-0.7692308 0.2692308 1.96
-0.8076923 0.2692308 1.84
-0.8461539 0.2692308 1.72
-0.8846154 0.2692308 1.56
-0.9230769 0.3076923 1.36
-0.9230769 0.3461539 0.88
-0.9230769 0.3076923 0.76
-0.9230769 0.3076923 0.6
-0.9615384 0.2692308 0.44
-1 0.1923077 0.32
-1.038462 0.1153846 0.16
-1.038462 0.03846154 0.08
-1.038462 0 0.04
-1.038462 0 0
-1 -0.03846154 -0.04
-0.9230769 0 -0.12
-0.8461539 0.03846154 -0.16
-0.7692308 0.07692308 -0.2
-0.6923077 0.07692308 -0.24
-0.6538461 0.07692308 -0.28
-0.6153846 0.1153846 -0.28
-0.5769231 0.1153846 -0.32
-0.5 0.1153846 -0.36
-0.4230769 0.1538462 -0.36
-0.3076923 0.1923077 -0.36
-0.2307692 0.1923077 -0.36
-0.1538462 0.1923077 -0.36
-0.1153846 0.1923077 -0.36
-0.07692308 0.1923077 -0.36
-0.03846154 0.1923077 -0.32
0 0.2307692 -0.32
0 0.2307692 -0.28
0.03846154 0.2692308 -0.28
0.07692308 0.3076923 -0.24
0.07692308 0.3461539 -0.2
0.1538462 0.4230769 -0.16
0.1923077 0.4615385 -0.12
0.3076923 0.5 -0.08
0.3846154 0.5 0
0.4615385 0.5 0.04
0.5 0.5384616 0.12
0.5 0.5769231 0.16
0.5384616 0.6538461 0.24
0.5384616 0.7307692 0.36
0.5384616 0.7692308 0.52
0.5384616 0.8076923 0.68
0.5769231 0.8076923 0.84
0.5769231 0.7692308 1
0.6153846 0.7307692 1.12
0.6538461 0.6923077 1.24
0.7307692 0.6923077 1.36
0.8076923 0.6923077 1.52
0.9230769 0.7307692 1.68
1.076923 0.8076923 1.84
1.192308 0.8846154 2.08
1.230769 0.9230769 2.32
1.153846 0.8846154 2.56
0.9615384 0.7692308 2.76
0.7307692 0.6923077 2.92
0.5384616 0.5769231 3
0.4230769 0.4615385 3
0.3076923 0.4230769 2.88
0.2307692 0.3846154 2.76
0.1538462 0.3461539 2.6
0.03846154 0.3076923 2.52
-0.07692308 0.2692308 2.4
-0.1923077 0.2307692 2.32
-0.3076923 0.2307692 2.24
-0.3846154 0.2307692 2.16
-0.4615385 0.2307692 1.96
-0.5384616 0.2307692 1.8
