0.03846154 -0.4230769 0.44
0.03846154 -0.4230769 0.44
0.03846154 -0.4230769 0.44
0.03846154 -0.4230769 0.44
0.03846154 -0.4230769 0.44
0.03846154 -0.4230769 0.44
0.03846154 -0.4230769 0.44
0.03846154 -0.4230769 0.44
0.03846154 -0.4230769 0.44
0.03846154 -0.4230769 0.44
0.03846154 -0.4615385 0.4
0.03846154 -0.4615385 0.4
0 -0.4615385 0.44
0 -0.5 0.4
-0.03846154 -0.5 0.4
-0.03846154 -0.5 0.4
-0.03846154 -0.5 0.4
-0.03846154 -0.5 0.4
0 -0.5 0.36
0 -0.5 0.32
0 -0.5 0.32
0.03846154 -0.5 0.32
0.03846154 -0.4615385 0.32
0.07692308 -0.4615385 0.32
0.07692308 -0.4230769 0.32
0.07692308 -0.4230769 0.32
0.03846154 -0.3846154 0.32
0.03846154 -0.3846154 0.32
0 -0.3461539 0.36
0 -0.3461539 0.32
-0.03846154 -0.3461539 0.32
-0.03846154 -0.3076923 0.32
-0.03846154 -0.2692308 0.32
0 -0.2307692 0.28
0.03846154 -0.2307692 0.24
0.03846154 -0.1538462 0.24
0.07692308 -0.1153846 0.2
0.07692308 -0.07692308 0.16
0.1153846 -0.03846154 0.16
0.1153846 0 0.16
0.1538462 0 0.2
0.1538462 0 0.24
0.1153846 0 0.24
0.1153846 0 0.32
0.07692308 0 0.36
0.07692308 0 0.4
0.03846154 0 0.44
0.03846154 0.07692308 0.52
0 0.07692308 0.6
0 0.1153846 0.76
0 0.1538462 0.88
0.03846154 0.1923077 1
0.07692308 0.2307692 1.16
0.07692308 0.2307692 1.32
0.03846154 0.2307692 1.52
0 0.2307692 1.72
-0.03846154 0.1923077 1.88
-0.03846154 0.1923077 2
-0.03846154 0.1538462 2.08
0.03846154 0.1538462 2.08
0.07692308 0.1538462 2.12
0.1153846 0.1538462 2.12
0.1538462 0.1538462 2.16
0.1923077 0.1538462 2.2
0.1538462 0.1538462 2.2
0.1153846 0.1153846 2.2
0.1153846 0.1153846 2.16
0.07692308 0.07692308 2.12
0.07692308 0.07692308 2.04
0.03846154 0.07692308 1.92
0.03846154 0.07692308 1.8
