1384250139456 99380018509681 2143621000000 -8.274362 3.830723 3.217807
1384250139567 99380129624183 2143731000000 -8.121132 3.524265 1.838747
1384250139679 99380240952308 2143841000000 -11.185710 -3.830723 5.209783
1384250139790 99380352280433 2143951000000 -3.677494 -7.201759 12.258313
1384250139900 99380462845618 2144061000000 -4.137181 1.072602 3.983952
1384250140012 99380574417884 2144171000000 -0.612916 6.435614 1.225831
1384250140124 99380685959632 2144281000000 2.145205 5.822699 3.983952
1384250140235 99380797348792 2144391000000 5.056554 7.048530 8.427590
1384250140346 99380908463294 2144501000000 8.580819 6.895301 12.564771
1384250140451 99381013474280 2144611000000 9.193734 -0.612916 9.653421
1384250140562 99381124069983 2144721000000 8.887277 -6.895301 9.500193
1384250140674 99381236679847 2144831000000 9.193734 -7.967903 10.113108
1384250140785 99381347092445 2144941000000 11.185710 -6.282385 6.895301
1384250140896 99381458420569 2145051000000 14.403518 -3.217807 3.830723
1384250140998 99381560868079 2145161000000 15.476120 -1.532289 -1.379060
1384250141109 99381671006019 2145271000000 9.040505 2.145205 0.612916
1384250141222 99381784226234 2145381000000 9.040505 -4.443638 3.371036
1384250141333 99381895462806 2145491000000 9.193734 -4.903325 3.677494
1384250141444 99382006668860 2145601000000 7.508216 -5.669470 4.290410
