1384250167709 99408271073157 2171881000000 -7.661446 3.217807 4.903325
1384250167820 99408382126624 2171991000000 -7.967903 3.064578 5.209783
1384250167931 99408493424232 2172101000000 -8.887277 -1.072602 7.354988
1384250168036 99408598526771 2172211000000 -3.983952 -4.596867 9.806650
1384250168147 99408709610755 2172321000000 -1.532289 5.209783 1.685518
1384250168259 99408821091468 2172431000000 1.379060 9.959879 0.153229
1384250168370 99408932236488 2172541000000 4.750096 12.411542 5.056554
1384250168481 99409043564612 2172651000000 6.895301 7.814674 8.121132
1384250168618 99409180863197 2172761000000 5.516241 -2.298434 9.040505
1384250168705 99409267319495 2172871000000 4.903325 -8.121132 8.121132
1384250168819 99409381882483 2172981000000 7.661446 -6.435614 9.806650
1384250168931 99409493332679 2173091000000 12.105083 -4.443638 9.346964
1384250169042 99409604782874 2173201000000 16.089035 -1.991976 5.669470
1384250169153 99409715714271 2173311000000 14.403518 2.758120 1.991976
1384250169264 99409826340491 2173421000000 9.959879 2.758120 3.217807
1384250169376 99409938401038 2173531000000 8.427590 -3.217807 4.290410
1384250169487 99410049637611 2173641000000 9.500193 -3.677494 4.750096
1384250169573 99410135758216 2173751000000 8.580819 -3.677494 3.677494
1384250169685 99410246994788 2173861000000 8.274362 -3.371036 4.903325
