1384510170078 35539953490907 755013000000 3.677494 0.459687 9.653421
1384510170189 35540064239198 755123000000 3.371036 0.153229 9.040505
1384510170300 35540175262147 755233000000 0.306458 -0.306458 21.298819
1384510170411 35540286498719 755343000000 7.048530 -2.911349 22.524651
1384510170498 35540372863465 755453000000 6.282385 -5.363012 -1.072602
1384510170621 35540496490174 755563000000 2.298434 -0.153229 -5.516241
1384510170733 35540608001405 755673000000 1.072602 -1.072602 -3.371036
1384510170844 35540719390565 755783000000 2.604892 -4.903325 8.734048
1384510170960 35540835387879 755893000000 8.121132 -5.363012 23.290794
1384510171068 35540942931824 756003000000 3.217807 -3.064578 16.548723
1384510171165 35541039977723 756113000000 2.604892 -4.137181 9.040505
1384510171280 35541155334168 756223000000 3.217807 -4.443638 8.580819
1384510171394 35541269469910 756333000000 3.064578 -3.830723 8.580819
1384510171499 35541374236756 756443000000 2.451663 -3.524265 8.887277
1384510171605 35541480376893 756553000000 2.758120 -3.983952 8.887277
1384510171739 35541613921815 756663000000 2.758120 -3.371036 8.887277
1384510171836 35541711181336 756773000000 3.677494 -3.371036 8.887277
1384510171947 35541821624451 756883000000 2.451663 -3.677494 9.346964
1384510172061 35541935912781 756993000000 1.991976 -5.363012 8.580819
1384510172171 35542046081238 757103000000 2.298434 -4.443638 8.121132
1384510172268 35542142791444 757213000000 2.911349 -2.758120 9.500193
