1387361083075 577367095137503 940571000000 6.282385 -1.379060 7.661446
1387361083194 577367214156057 940681000000 6.129157 -1.072602 8.427590
1387361083304 577367324049856 940791000000 6.588843 -0.153229 15.782578
1387361083404 577367424269583 940901000000 6.588843 -0.459687 16.548723
1387361083515 577367535231497 941011000000 6.588843 -1.685518 10.266337
1387361083626 577367645674612 941121000000 2.604892 -0.612916 2.911349
1387361083737 577367757216360 941231000000 -1.838747 2.145205 2.145205
1387361083860 577367879958059 941341000000 -1.991976 6.895301 6.588843
1387361083970 577367990462209 941451000000 -1.685518 9.193734 9.193734
1387361084082 577368102431204 941561000000 -1.072602 2.911349 10.572795
1387361084170 577368189986135 941671000000 -3.217807 -4.903325 9.959879
1387361084300 577368319929983 941781000000 -4.596867 -3.064578 7.201759
1387361084401 577368421034719 941891000000 -4.290410 0.000000 4.290410
1387361084523 577368543471243 942001000000 -1.532289 -1.379060 1.838747
1387361084621 577368641219046 942111000000 0.306458 0.000000 6.895301
1387361084743 577368763106252 942221000000 5.363012 0.766145 14.863204
1387361084841 577368860670950 942331000000 6.588843 0.612916 16.089035
1387361084963 577368983473684 942441000000 5.822699 -1.991976 11.338940
1387361085061 577369081007864 942551000000 5.363012 -7.354988 8.887277
1387361085182 577369202528860 942661000000 7.967903 -4.290410 7.201759
1387361085281 577369300917532 942771000000 8.274362 5.669470 7.048530
1387361085403 577369423170950 942881000000 6.742072 3.524265 7.814674
1387361085503 577369523451711 942991000000 5.363012 0.459687 9.193734
1387361085642 577369662062551 943101000000 5.209783 -0.459687 9.346964
1387361085712 577369731581594 943211000000 5.822699 -0.612916 9.040505
1387361085823 577369842757131 943321000000 5.209783 -1.532289 8.274362
1387361085934 577369954146292 943431000000 5.516241 -2.758120 8.580819
