1387361132982 577417002150442 990461000000 5.669470 -1.225831 8.274362
1387361133093 577417113325979 990571000000 5.975927 -1.379060 8.274362
1387361133205 577417224959280 990681000000 5.363012 -1.379060 8.121132
1387361133293 577417313216116 990791000000 5.209783 0.306458 13.330915
1387361133403 577417423354055 990901000000 8.580819 0.306458 21.145590
1387361133514 577417534560110 991011000000 7.354988 -4.137181 8.121132
1387361133625 577417645460989 991121000000 1.838747 -0.612916 2.911349
1387361133737 577417756850149 991231000000 -2.604892 1.532289 4.137181
1387361133860 577417880537893 991341000000 -3.524265 4.137181 5.209783
1387361133965 577417984724905 991451000000 -2.604892 9.653421 8.427590
1387361134076 577418095595266 991561000000 -1.838747 8.121132 9.806650
1387361134189 577418209242727 991671000000 -3.524265 0.153229 8.121132
1387361134297 577418316695120 991781000000 -6.282385 -3.677494 7.661446
1387361134399 577418419234182 991891000000 -5.209783 -1.072602 4.750096
1387361134510 577418529799368 992001000000 -2.145205 -0.153229 1.991976
1387361134621 577418641371633 992111000000 2.758120 0.459687 2.451663
1387361134732 577418752547170 992221000000 3.217807 1.379060 14.403518
1387361134844 577418863783743 992331000000 7.508216 0.459687 18.847157
1387361134956 577418976332571 992441000000 5.975927 -3.983952 12.564771
1387361135068 577419087813284 992551000000 6.742072 -6.895301 7.814674
1387361135179 577419198897268 992661000000 8.580819 -2.758120 7.508216
1387361135290 577419310072805 992771000000 8.734048 3.064578 8.274362
1387361135401 577419421278860 992881000000 6.282385 0.919373 7.967903
1387361135525 577419544997122 992991000000 5.056554 -1.532289 7.967903
1387361135627 577419646712209 993101000000 5.363012 -2.911349 8.887277
1387361135714 577419733931448 993211000000 5.056554 -2.145205 8.734048
1387361135835 577419855055715 993321000000 5.822699 -5.056554 7.201759
1387361135946 577419966261770 993431000000 5.209783 -2.298434 8.427590
1387361136056 577420075575735 993541000000 5.209783 -1.685518 8.734048
1387361136154 577420174361135 993651000000 5.363012 -1.991976 8.734048
1387361136267 577420286757375 993761000000 5.363012 -2.298434 8.121132
