1385110183173 90257626092387 972982000000 7.814674 -5.516241 4.290410
1385110183282 90257735406351 973092000000 7.354988 -5.669470 4.137181
1385110183393 90257846093607 973202000000 7.048530 -4.750096 3.371036
1385110183514 90257967980814 973312000000 8.580819 -3.064578 2.451663
1385110183596 90258049859476 973422000000 9.959879 -2.145205 1.225831
1385110183712 90258165490580 973532000000 13.943830 -2.145205 0.153229
1385110183827 90258280511332 973642000000 16.548723 -5.516241 3.064578
1385110183942 90258395471049 973752000000 16.242264 -9.959879 6.742072
1385110184056 90258509667826 973862000000 11.951855 -11.032481 5.056554
1385110184171 90258624413920 973972000000 8.887277 -7.814674 5.822699
1385110184259 90258712212992 974082000000 8.887277 -4.903325 5.056554
1385110184372 90258825158549 974192000000 11.951855 -0.766145 6.895301
1385110184485 90258938165140 974302000000 15.322891 5.822699 7.201759
1385110184598 90259051782084 974412000000 12.411542 8.121132 8.427590
1385110184711 90259164605570 974522000000 7.354988 8.580819 7.814674
1385110184823 90259276940775 974632000000 3.524265 8.121132 5.056554
1385110184937 90259390160990 974742000000 0.459687 3.217807 5.669470
1385110185042 90259495263529 974852000000 -1.072602 0.000000 7.201759
1385110185152 90259605309916 974962000000 -3.371036 -1.838747 9.653421
1385110185265 90259718987894 975072000000 -3.677494 -1.379060 11.338940
1385110185382 90259835259867 975182000000 -3.830723 -0.612916 10.419566
1385110185466 90259919335795 975292000000 -3.830723 1.685518 9.806650
1385110185580 90260033471537 975402000000 -3.830723 1.991976 9.653421
1385110185689 90260142449808 975512000000 -3.371036 1.072602 9.806650
1385110185805 90260258355570 975622000000 -3.217807 -0.306458 9.040505
1385110185918 90260371179056 975732000000 -3.217807 2.451663 10.266337
1385110186021 90260474664164 975842000000 -2.911349 1.991976 8.887277
