1385110215169 90289622491312 1004982000000 7.354988 -5.363012 3.983952
1385110215282 90289735864115 1005092000000 7.048530 -6.129157 4.290410
1385110215396 90289849481058 1005202000000 5.822699 -7.354988 3.983952
1385110215510 90289963311625 1005312000000 9.040505 -2.911349 0.919373
1385110215598 90290051934672 1005422000000 11.185710 1.532289 0.153229
1385110215727 90290180749369 1005532000000 17.008410 -1.532289 -0.766145
1385110215845 90290298669291 1005642000000 18.540699 -7.814674 6.282385
1385110215933 90290386926127 1005752000000 14.250289 -10.266337 7.201759
1385110216047 90290500726176 1005862000000 9.040505 -8.121132 5.209783
1385110216161 90290614770365 1005972000000 8.734048 -4.443638 6.895301
1385110216274 90290727990580 1006082000000 12.105083 -1.685518 6.435614
1385110216387 90290840691996 1006192000000 15.629349 3.064578 7.508216
1385110216501 90290954736185 1006302000000 11.032481 5.669470 6.282385
1385110216590 90291043328715 1006412000000 6.282385 6.742072 5.822699
1385110216704 90291157098246 1006522000000 2.145205 5.822699 6.282385
1385110216817 90291270776224 1006632000000 0.306458 4.443638 6.742072
1385110216931 90291384057474 1006742000000 -1.072602 0.919373 7.661446
1385110217032 90291485955668 1006852000000 -2.604892 -0.612916 9.193734
1385110217146 90291599420023 1006962000000 -2.298434 -8.274362 10.419566
1385110217260 90291713525248 1007072000000 -3.524265 -3.217807 10.419566
1385110217373 90291826867533 1007182000000 -3.371036 1.072602 9.806650
1385110217487 90291940820170 1007292000000 -3.217807 0.000000 9.806650
1385110217601 90292054620218 1007402000000 -3.217807 -0.612916 9.653421
1385110217691 90292144280863 1007512000000 -3.064578 -0.306458 9.653421
1385110217803 90292257012796 1007622000000 -3.524265 -0.766145 8.580819
1385110217916 90292369805765 1007732000000 -1.685518 1.072602 9.959879
