1385110267896 90342349420023 1057692000000 5.822699 -4.596867 7.201759
1385110267989 90342442376566 1057802000000 6.282385 -5.056554 6.742072
1385110268103 90342556634379 1057912000000 5.669470 -5.056554 6.129157
1385110268226 90342679620218 1058022000000 7.201759 -2.145205 2.451663
1385110268316 90342769128275 1058132000000 9.806650 0.612916 1.685518
1385110268429 90342882501078 1058242000000 14.709975 -1.072602 1.532289
1385110268543 90342996514750 1058352000000 19.460072 -3.524265 5.056554
1385110268657 90343110162211 1058462000000 17.008410 -7.814674 8.274362
1385110268766 90343219384623 1058572000000 9.806650 -10.266337 7.661446
1385110268882 90343335076761 1058682000000 8.887277 -7.048530 6.435614
1385110268971 90343424859476 1058792000000 11.185710 -1.838747 5.975927
1385110269084 90343537591410 1058902000000 14.097059 6.588843 6.129157
1385110269197 90343650659037 1059012000000 11.951855 9.959879 7.814674
1385110269311 90343764398050 1059122000000 6.588843 8.887277 6.129157
1385110269431 90343884332133 1059232000000 2.911349 6.435614 4.903325
1385110269531 90343984307718 1059342000000 0.153229 2.758120 5.822699
1385110269643 90344096093607 1059452000000 -1.072602 0.459687 8.427590
1385110269756 90344209680033 1059562000000 -1.991976 -3.677494 11.338940
1385110269867 90344320458842 1059672000000 -3.677494 -2.451663 11.338940
1385110269977 90344430474711 1059782000000 -4.137181 0.612916 10.113108
1385110270090 90344543603373 1059892000000 -3.371036 1.225831 9.959879
1385110270179 90344633019877 1060002000000 -3.371036 1.838747 9.653421
1385110270291 90344744775248 1060112000000 -3.371036 1.685518 10.266337
1385110270407 90344860833597 1060222000000 -2.451663 1.225831 9.959879
1385110270545 90344998315287 1060332000000 -2.758120 0.612916 9.959879
