1384510085361 35455236022646 670293000000 2.451663 -2.758120 9.040505
1384510085471 35455345763857 670403000000 2.604892 -3.217807 9.040505
1384510085573 35455448089296 670513000000 4.290410 -0.919373 10.266337
1384510085680 35455555205995 670623000000 3.064578 0.153229 26.355373
1384510085782 35455657012636 670733000000 5.822699 -6.435614 18.081011
1384510085908 35455783477480 670843000000 3.983952 -5.056554 -0.919373
1384510086017 35455892028505 670953000000 1.838747 0.919373 -4.596867
1384510086111 35455986602480 671063000000 2.604892 0.000000 -3.371036
1384510086229 35456104491884 671173000000 3.064578 1.991976 4.137181
1384510086335 35456210082704 671283000000 9.193734 -4.903325 28.194118
1384510086465 35456340026552 671393000000 3.524265 0.612916 17.008410
1384510086555 35456430236513 671503000000 4.290410 0.306458 9.346964
1384510086685 35456560058290 671613000000 4.596867 0.000000 8.887277
1384510086775 35456650115663 671723000000 3.983952 -0.612916 9.040505
1384510086904 35456778838808 671833000000 4.137181 -0.306458 9.346964
