1384510088294 35458169494325 673233000000 2.145205 -3.524265 9.193734
1384510088396 35458271056825 673343000000 2.145205 -3.677494 9.040505
1384510088529 35458403655702 673453000000 3.524265 -1.379060 9.959879
1384510088613 35458488586122 673563000000 4.903325 -0.459687 28.653807
1384510088741 35458616271669 673673000000 5.669470 -15.476120 10.266337
1384510088845 35458720367128 673783000000 3.677494 -3.524265 -4.750096
1384510088963 35458838592226 673893000000 2.758120 1.532289 -4.750096
1384510089063 35458937926943 674003000000 3.830723 1.532289 -0.766145
1384510089181 35459056060487 674113000000 5.363012 -3.524265 18.387468
1384510089291 35459165832216 674223000000 6.435614 -1.685518 24.210167
1384510089393 35459268584901 674333000000 3.217807 0.000000 11.492168
1384510089505 35459380096132 674443000000 4.903325 -0.153229 9.653421
1384510089616 35459491424257 674553000000 4.903325 -0.306458 8.734048
1384510089728 35459602843935 674663000000 2.451663 -3.217807 7.967903
1384510089840 35459715118104 674773000000 4.290410 -1.225831 9.193734
