1384510101392 35471267272646 686323000000 2.911349 -3.064578 9.346964
1384510101503 35471378295595 686433000000 2.758120 -3.064578 8.887277
1384510101614 35471489501649 686543000000 4.290410 2.145205 19.000385
1384510101726 35471600738221 686653000000 3.064578 -5.975927 22.677879
1384510101812 35471687072450 686763000000 5.975927 -10.266337 4.443638
1384510101923 35471798247987 686873000000 2.758120 -1.532289 -4.596867
1384510102037 35471912048036 686983000000 2.298434 0.000000 -3.677494
1384510102148 35472023284608 687093000000 1.225831 0.459687 3.830723
1384510102259 35472133910829 687203000000 7.201759 -0.766145 22.371420
1384510102377 35472252624208 687313000000 6.742072 -0.766145 18.387468
1384510102489 35472363830263 687423000000 4.903325 1.072602 10.266337
1384510102600 35472475341493 687533000000 5.516241 -0.306458 8.427590
1384510102712 35472587066347 687643000000 2.451663 -0.766145 5.822699
1384510102823 35472698211366 687753000000 3.064578 -0.459687 9.193734
