-0.8461539 -0.5384616 -0.08
-0.8461539 -0.5384616 -0.08
-0.8461539 -0.5384616 -0.08
-0.8461539 -0.5384616 -0.08
-0.8461539 -0.5384616 -0.08
-0.8461539 -0.5384616 -0.08
-0.8461539 -0.5384616 -0.08
-0.8461539 -0.5384616 -0.08
-0.8461539 -0.5384616 -0.08
-0.8461539 -0.5384616 -0.08
-0.8461539 -0.5384616 -0.08
-0.7692308 -0.5 -0.08
-0.7692308 -0.5 -0.08
-0.7692308 -0.5384616 -0.04
-0.8076923 -0.5384616 0
-0.8076923 -0.5 0.04
-0.8461539 -0.5 0.12
-0.8461539 -0.4615385 0.24
-0.7692308 -0.4230769 0.28
-0.7307692 -0.4615385 0.4
-0.6538461 -0.4615385 0.52
-0.6153846 -0.4230769 0.64
-0.5769231 -0.3846154 0.76
-0.5 -0.3076923 0.88
-0.3846154 -0.2307692 1
-0.3076923 -0.2307692 1.16
-0.1538462 -0.2307692 1.24
-0.03846154 -0.2307692 1.32
0.03846154 -0.2307692 1.36
0.1153846 -0.2307692 1.36
0.1538462 -0.2307692 1.4
0.2307692 -0.1923077 1.48
0.3076923 -0.1538462 1.52
0.3846154 -0.1923077 1.52
0.4615385 -0.2307692 1.48
0.5 -0.2307692 1.44
0.5384616 -0.1923077 1.44
0.6153846 -0.1538462 1.48
0.6923077 -0.1538462 1.48
0.7692308 -0.07692308 1.48
0.8461539 -0.03846154 1.4
0.8846154 0 1.36
0.9230769 0.03846154 1.28
0.9230769 0.1153846 1.2
0.9615384 0.1538462 1.16
1 0.2692308 1.08
1.038462 0.3461539 0.96
1.153846 0.5 0.84
1.307692 0.6153846 0.8
1.346154 0.7307692 0.76
1.384615 0.8846154 0.76
1.269231 1 0.84
1.038462 1.038462 0.96
0.7307692 1 1.08
0.3846154 0.9615384 1.16
-0.3461539 0.5769231 1.36
-0.6153846 0.3846154 1.36
-0.9230769 0.1153846 1.52
-1.076923 -0.03846154 1.56
-1.307692 -0.3461539 1.48
-1.307692 -0.4230769 1.4
-1.230769 -0.5 1.28
-1.076923 -0.4230769 1.2
-0.8076923 -0.3461539 1.12
-0.5769231 -0.2307692 1.08
-0.4230769 -0.1153846 1.12
-0.3461539 -0.07692308 1.16
-0.3076923 -0.07692308 1.2
-0.3076923 -0.07692308 1.2
-0.3461539 -0.07692308 1.2
-0.3461539 -0.1153846 1.24
-0.3076923 -0.07692308 1.2
-0.2692308 -0.07692308 1.2
-0.1923077 0 1.16
-0.07692308 0 1.16
-0.03846154 0.03846154 1.12
0 0.03846154 1.12
0.03846154 0.07692308 1.12
0.07692308 0.07692308 1.12
0.07692308 0.03846154 1.08
0.07692308 0.03846154 1.04
