1.115385 0.6538461 2.56
1.346154 0.7692308 2.88
1.346154 0.7692308 2.88
1.346154 0.7692308 2.88
1.346154 0.7692308 2.88
1.346154 0.7692308 2.88
1.346154 0.7692308 2.88
1.461538 0.8846154 3
1.461538 0.8846154 3
1.461538 0.8846154 3
1.461538 0.8846154 3
1.461538 0.8846154 3
1.461538 0.8846154 3
1.461538 0.8846154 3
1.423077 0.9230769 3.04
1.269231 0.8461539 2.88
0.9615384 0.7692308 2.56
0.6538461 0.6153846 2.16
0.3846154 0.5 1.8
0.1923077 0.4230769 1.48
0 0.3076923 1.12
-0.07692308 0.2692308 0.8
-0.1153846 0.1923077 0.48
-0.1923077 0.1538462 0.32
-0.1923077 0.1153846 0.12
-0.2307692 0.03846154 -0.04
-0.2307692 0 -0.12
-0.2307692 -0.03846154 -0.16
-0.1538462 -0.07692308 -0.16
-0.1153846 -0.07692308 -0.16
-0.07692308 -0.07692308 -0.2
0 -0.07692308 -0.2
0.03846154 -0.03846154 -0.2
0.07692308 -0.03846154 -0.16
0.07692308 -0.03846154 -0.08
0.07692308 -0.07692308 0
0 -0.07692308 0.08
-0.07692308 -0.1153846 0.2
-0.1153846 -0.1538462 0.36
-0.1538462 -0.1538462 0.48
-0.1923077 -0.1923077 0.64
-0.2307692 -0.1923077 0.8
-0.3076923 -0.2307692 0.96
-0.4230769 -0.3461539 1.12
-0.6153846 -0.4230769 1.2
-0.7692308 -0.5769231 1.28
-1 -0.6538461 1.36
-1.115385 -0.7307692 1.36
-1.192308 -0.7307692 1.32
-1.153846 -0.6923077 1.2
-1.153846 -0.6923077 1.08
-1.115385 -0.6538461 1
-1.038462 -0.6153846 0.84
-0.8076923 -0.5384616 0.72
-0.5384616 -0.4230769 0.56
-0.2692308 -0.3076923 0.48
0 -0.1923077 0.44
0.2692308 -0.07692308 0.44
0.5 0 0.44
0.6923077 0.07692308 0.44
0.8461539 0.1153846 0.48
1 0.1153846 0.52
1.038462 0.07692308 0.56
1.038462 0.03846154 0.64
1.038462 0 0.72
1 -0.03846154 0.76
0.9615384 -0.07692308 0.76
0.9230769 -0.07692308 0.8
0.8846154 -0.1153846 0.8
0.6538461 -0.2307692 0.76
0.5384616 -0.2307692 0.72
0.5384616 -0.2692308 0.6
0.5 -0.2307692 0.52
0.5 -0.2307692 0.44
0.4615385 -0.2307692 0.36
0.3846154 -0.1923077 0.28
0.3461539 -0.2307692 0.16
0.2692308 -0.2307692 0
0.1923077 -0.2307692 -0.2
0 -0.2307692 -0.56
-0.07692308 -0.1538462 -0.72
-0.07692308 -0.03846154 -0.84
-0.07692308 0.1538462 -0.84
0.1538462 0.4230769 -0.6
0.4230769 0.6923077 -0.08
0.5384616 0.8461539 0.64
0.5384616 0.8076923 1.44
0.3846154 0.6153846 2.04
0.1538462 0.3461539 2.32
-0.07692308 0.1538462 2.32
-0.1923077 0.03846154 2.24
-0.1538462 -0.07692308 2.28
-0.07692308 -0.1538462 2.48
0.03846154 -0.1923077 2.64
0.1153846 -0.2307692 2.72
0.1923077 -0.2307692 2.64
0.2307692 -0.2307692 2.44
0.2692308 -0.2307692 2.2
0.3076923 -0.1923077 2
0.3461539 -0.1538462 1.72
0.3461539 -0.1153846 1.52
0.3461539 -0.1153846 1.36
0.3461539 -0.07692308 1.2
0.3461539 -0.07692308 1.12
0.3076923 -0.03846154 1.12
0.3076923 -0.03846154 1.04
0.3461539 0 1
0.3846154 0.07692308 0.92
0.4615385 0.1538462 0.88
0.5384616 0.1923077 0.84
0.6153846 0.3076923 0.8
0.6538461 0.3461539 0.72
0.7692308 0.4615385 0.68
0.8846154 0.5769231 0.64
1.038462 0.7692308 0.64
1.346154 1 0.6
1.576923 1.192308 0.6
1.769231 1.346154 0.56
1.846154 1.461538 0.52
1.615385 1.5 0.64
1.307692 1.5 0.8
0.9230769 1.538462 0.92
0.3846154 1.423077 1.2
-0.07692308 1.269231 1.32
-0.4615385 1.076923 1.44
-1 0.7307692 1.8
-1.538462 0.2307692 1.92
-1.730769 -0.1153846 1.72
-1.653846 -0.3076923 1.52
-1.423077 -0.3461539 1.44
-1.192308 -0.2692308 1.36
-1 -0.2307692 1.12
-0.9230769 -0.1923077 0.96
-0.8846154 -0.1923077 0.92
-0.8846154 -0.2307692 0.92
-0.8076923 -0.1923077 0.96
-0.6923077 -0.1538462 0.96
-0.5769231 -0.07692308 0.96
-0.4615385 -0.03846154 1
-0.3461539 0.03846154 0.96
-0.3076923 0.07692308 0.96
