1.384615 0.7692308 0.88
1.384615 0.7692308 0.88
1.384615 0.7692308 0.88
1.384615 0.7692308 0.88
1.384615 0.7692308 0.88
1.384615 0.7692308 0.88
1.423077 0.8846154 0.84
1.423077 0.8846154 0.84
1.423077 0.8846154 0.84
1.461538 0.9615384 0.84
1.461538 0.9615384 0.84
1.461538 0.9615384 0.84
1.461538 0.9615384 0.84
1.5 1 0.76
1.5 1.076923 0.72
1.384615 1.115385 0.68
1.192308 1.153846 0.68
1.076923 1.192308 0.68
0.9615384 1.269231 0.76
0.8846154 1.346154 0.8
0.7307692 1.423077 0.92
0.3846154 1.423077 1.16
0 1.269231 1.32
-0.3076923 1.038462 1.36
-0.5769231 0.8461539 1.36
-0.8076923 0.5769231 1.36
-0.9230769 0.4230769 1.36
-0.9615384 0.3076923 1.32
-0.9615384 0.2307692 1.36
-1.038462 0.1538462 1.36
-1.115385 0.03846154 1.28
-1.192308 -0.07692308 1.2
-1.269231 -0.1538462 1.16
-1.346154 -0.2692308 1.2
-1.384615 -0.3846154 1.16
-1.346154 -0.4230769 1.12
-1.230769 -0.4230769 1
-1.038462 -0.3846154 0.96
-0.8846154 -0.3461539 0.92
-0.7307692 -0.2692308 0.92
-0.5769231 -0.2307692 0.92
-0.3461539 -0.1538462 0.92
-0.2307692 -0.1153846 0.96
-0.1538462 -0.1153846 0.96
-0.07692308 -0.07692308 1
-0.03846154 -0.07692308 1.04
-0.03846154 -0.07692308 1.08
0 -0.07692308 1.12
0 -0.07692308 1.2
0.03846154 -0.07692308 1.2
0.03846154 -0.07692308 1.2
0.07692308 -0.07692308 1.24
0.07692308 -0.07692308 1.2
0.03846154 -0.1153846 1.16
0.03846154 -0.1153846 1.08
