0.1538462 0.1153846 1.72
0.1538462 0.1153846 1.72
0.1538462 0.1153846 1.72
0.1538462 0.1153846 1.72
0.1538462 0.1153846 1.72
0.1538462 0.1153846 1.72
0.1538462 0.1153846 1.72
0.1538462 0.1153846 1.72
0.1538462 0.1153846 1.72
0.1538462 0.1153846 1.72
0.1538462 0.1153846 1.72
0.5384616 0.4230769 1.76
0.5384616 0.4230769 1.76
0.8846154 0.6538461 1.8
1.230769 0.8846154 1.8
1.461538 1.038462 1.72
1.576923 1.153846 1.68
1.653846 1.192308 1.6
1.653846 1.153846 1.44
1.615385 1.115385 1.28
1.538462 1.038462 1.12
1.5 1 1.04
1.423077 0.9230769 0.96
1.307692 0.8461539 0.84
1.192308 0.8076923 0.76
1.115385 0.7307692 0.72
1.038462 0.6923077 0.64
0.9615384 0.6153846 0.56
0.8846154 0.5769231 0.44
0.7692308 0.5384616 0.4
0.6153846 0.4615385 0.4
0.4615385 0.3846154 0.36
0.3461539 0.3461539 0.32
0.2692308 0.2692308 0.24
0.1538462 0.2307692 0.16
0.07692308 0.1538462 0.08
0 0.1153846 0
-0.07692308 0.07692308 -0.04
-0.1153846 0.07692308 -0.04
-0.1153846 0.07692308 -0.08
-0.1153846 0.1153846 -0.08
-0.1153846 0.1153846 -0.08
-0.1538462 0.07692308 0
-0.1923077 0.07692308 0.08
-0.2307692 0.07692308 0.12
-0.3076923 0.07692308 0.16
-0.3846154 0.03846154 0.16
-0.4230769 0 0.16
-0.5 0 0.2
-0.5769231 -0.03846154 0.28
-0.7307692 -0.07692308 0.48
-0.7307692 -0.07692308 0.48
-0.8076923 -0.07692308 0.56
-0.9230769 -0.1538462 0.6
-1.076923 -0.1923077 0.64
-1.153846 -0.2307692 0.64
-1.269231 -0.3076923 0.68
-1.423077 -0.3846154 0.8
-1.576923 -0.4615385 0.88
-1.653846 -0.5384616 1
-1.692308 -0.5384616 1.04
-1.653846 -0.5 1.08
-1.423077 -0.3461539 1.16
-1.192308 -0.2307692 1.28
-0.9230769 -0.07692308 1.4
-0.6923077 0.1153846 1.52
-0.4230769 0.3076923 1.72
-0.07692308 0.5384616 1.92
0.2692308 0.7307692 2.08
0.6153846 0.8846154 2.08
0.9230769 1 2.04
1.153846 1.076923 1.96
1.346154 1.115385 1.88
1.461538 1.076923 1.72
1.5 1 1.52
1.423077 0.8461539 1.2
1.346154 0.7692308 1.08
1.230769 0.6538461 0.92
0.8461539 0.3461539 0.72
0.7692308 0.3076923 0.72
0.6538461 0.2307692 0.72
0.5769231 0.1923077 0.72
0.5 0.1538462 0.76
0.4230769 0.1538462 0.8
0.3846154 0.07692308 0.84
0.2307692 0 0.84
0.2307692 0 0.84
0.2307692 0.03846154 0.88
0.1923077 0.03846154 0.88
0.1923077 0.03846154 0.88
0.1923077 0.03846154 0.88
0.1923077 0.07692308 0.92
0.1923077 0.07692308 0.92
0.1923077 0.07692308 0.92
0.1923077 0.1153846 0.96
0.1923077 0.07692308 0.96
0.1923077 0.1153846 0.96
0.2307692 0.1153846 0.96
0.2692308 0.1538462 1
0.2692308 0.1923077 1
0.3076923 0.1538462 1
0.3076923 0.1923077 1
0.3076923 0.1923077 1
0.2692308 0.1538462 1
