0.03846154 1.269231 1.2
0.03846154 1.269231 1.2
0.03846154 1.269231 1.2
0.03846154 1.269231 1.2
0.03846154 1.269231 1.2
-0.03846154 1.230769 1.72
-0.03846154 1.230769 1.72
-0.03846154 1.230769 1.72
-0.03846154 1.230769 1.72
-0.03846154 1.230769 1.72
-0.03846154 1.230769 1.72
-0.03846154 1.230769 1.72
-0.1153846 1.115385 2.2
-0.1153846 1.115385 2.2
-0.2307692 0.9230769 2.52
-0.2692308 0.7692308 2.56
-0.2307692 0.6923077 2.52
0 0.7692308 2.56
0.3461539 0.8846154 2.6
0.6538461 0.9615384 2.64
0.8846154 0.9230769 2.6
0.9230769 0.8461539 2.4
0.8461539 0.6923077 2.2
0.6923077 0.6153846 2
0.5769231 0.5 1.88
0.5384616 0.4615385 1.8
0.5384616 0.4230769 1.68
0.5769231 0.3846154 1.6
0.5769231 0.3846154 1.52
0.5769231 0.3461539 1.44
0.5 0.3461539 1.36
0.4230769 0.3076923 1.24
0.3461539 0.2692308 1.16
0.3076923 0.2692308 1.08
0.2692308 0.2692308 1
0.2307692 0.2307692 0.96
0.1923077 0.2307692 0.92
0.1923077 0.1923077 0.92
0.1538462 0.1923077 0.92
0.1153846 0.1923077 0.92
0.1153846 0.1923077 0.92
0.1153846 0.1923077 0.88
0.1153846 0.1923077 0.88
0.1538462 0.2307692 0.92
0.1538462 0.2307692 0.92
0.1538462 0.2307692 1
0.1923077 0.2692308 1.04
0.1923077 0.2692308 1.08
0.2307692 0.2692308 1.16
0.2692308 0.3076923 1.24
0.2692308 0.2692308 1.24
0.3076923 0.2692308 1.24
0.3076923 0.2692308 1.24
0.3076923 0.2307692 1.24
