-0.7307692 -0.5 0.24
-0.7307692 -0.5 0.24
-0.7307692 -0.5 0.24
-0.7307692 -0.5 0.24
-0.7307692 -0.5 0.24
-0.7307692 -0.5 0.24
-0.7307692 -0.5 0.24
-0.7307692 -0.5 0.24
-0.7307692 -0.5 0.24
-0.7692308 -0.5 0.16
-0.7692308 -0.5 0.16
-0.7692308 -0.4615385 0.12
-0.7692308 -0.4230769 0.12
-0.8076923 -0.4615385 0.08
-0.8461539 -0.5 0.12
-0.8076923 -0.4615385 0.12
-0.7692308 -0.4230769 0.16
-0.7307692 -0.4230769 0.28
-0.7307692 -0.3846154 0.32
-0.7307692 -0.3846154 0.4
-0.6923077 -0.3846154 0.48
-0.6538461 -0.3846154 0.52
-0.5 -0.3076923 0.6
-0.3846154 -0.1923077 0.76
-0.2307692 -0.07692308 0.96
-0.03846154 0 1.2
0.1153846 0.07692308 1.36
0.2307692 0.03846154 1.48
0.3076923 0 1.52
0.2692308 -0.07692308 1.52
0.1923077 -0.1538462 1.52
0.2307692 -0.1538462 1.48
0.3461539 -0.07692308 1.48
0.7307692 0.03846154 1.48
0.7692308 0 1.44
0.8076923 0 1.36
0.7692308 0 1.32
0.7692308 0 1.28
0.8076923 0.03846154 1.2
0.8461539 0.03846154 1.12
0.8846154 0.1153846 1.08
0.9230769 0.1153846 1.04
0.9615384 0.1538462 1.04
1 0.1923077 1.04
1.038462 0.2692308 1.08
1.038462 0.3461539 1.04
1.076923 0.5 0.92
1.192308 0.6153846 0.84
1.346154 0.8076923 0.76
1.461538 0.9615384 0.72
1.423077 1.038462 0.68
1.307692 1.153846 0.68
1.115385 1.230769 0.68
0.7692308 1.230769 0.8
0 1.153846 1.16
0 1.153846 1.16
-0.4230769 0.9615384 1.4
-0.6538461 0.7307692 1.52
-0.8076923 0.5384616 1.56
-0.8846154 0.3461539 1.6
-0.9230769 0.1923077 1.6
-0.8846154 0.1153846 1.6
-0.8461539 0.03846154 1.68
-0.8461539 -0.03846154 1.68
-0.8461539 -0.1153846 1.72
-0.8076923 -0.1538462 1.64
-0.7692308 -0.1923077 1.52
-0.7307692 -0.1538462 1.48
-0.6153846 -0.1538462 1.44
-0.5 -0.07692308 1.36
-0.3846154 -0.03846154 1.32
-0.3076923 0.03846154 1.28
-0.2307692 0.07692308 1.2
-0.1538462 0.1153846 1.2
-0.1538462 0.1153846 1.16
-0.1153846 0.1153846 1.2
-0.1153846 0.1153846 1.2
-0.07692308 0.1153846 1.16
-0.07692308 0.1153846 1.12
0 0.1153846 1.12
