-0.5384616 -0.1153846 1.56
-0.5384616 -0.1153846 1.56
-0.5384616 -0.1153846 1.56
-0.5384616 -0.1153846 1.56
-0.5384616 -0.1153846 1.56
-0.5384616 -0.1153846 1.56
-0.5384616 -0.1153846 1.56
-0.5384616 -0.1153846 1.56
-0.5384616 -0.1153846 1.56
-0.5 -0.07692308 1.32
-0.5 -0.07692308 1.32
-0.5 -0.07692308 1.32
-0.5 -0.07692308 1.32
-0.4230769 0 1.12
-0.3461539 0.03846154 0.92
-0.2692308 0.1153846 0.72
-0.1538462 0.1538462 0.6
-0.1153846 0.1538462 0.48
-0.07692308 0.1538462 0.36
-0.07692308 0.1153846 0.24
-0.07692308 0.07692308 0.16
-0.07692308 0.07692308 0.12
-0.07692308 0.03846154 0.12
-0.07692308 0.03846154 0.12
-0.07692308 0 0.16
-0.03846154 0 0.16
-0.07692308 -0.07692308 0.16
-0.07692308 -0.1153846 0.16
-0.07692308 -0.1923077 0.16
-0.07692308 -0.1923077 0.2
-0.1153846 -0.1923077 0.24
-0.1538462 -0.1923077 0.32
-0.2307692 -0.2307692 0.4
-0.2692308 -0.2307692 0.48
-0.3076923 -0.2307692 0.56
-0.3846154 -0.2692308 0.6
-0.4615385 -0.2692308 0.72
-0.5 -0.2692308 0.76
-0.6153846 -0.3461539 0.8
-0.7692308 -0.3846154 0.8
-0.9230769 -0.4230769 0.8
-1 -0.4615385 0.76
-1.076923 -0.5 0.72
-1.153846 -0.5384616 0.64
-1.192308 -0.5769231 0.56
-1.230769 -0.5769231 0.48
-1.192308 -0.5769231 0.4
-1.115385 -0.5384616 0.32
-1.076923 -0.5 0.28
-1.038462 -0.5 0.32
-1.076923 -0.5 0.36
-1.076923 -0.5384616 0.32
-1.038462 -0.5384616 0.28
-0.8846154 -0.5 0.24
-0.6538461 -0.4230769 0.2
-0.3846154 -0.3076923 0.16
-0.03846154 -0.1923077 0.16
0.3076923 -0.07692308 0.2
0.5384616 0 0.28
0.7692308 0.07692308 0.56
0.9615384 0.07692308 0.88
1.115385 0.1153846 1.16
1.115385 0.03846154 1.36
1.076923 0 1.48
0.9615384 -0.07692308 1.56
0.7692308 -0.1923077 1.64
0.6153846 -0.2692308 1.64
0.5384616 -0.3461539 1.56
0.5 -0.3461539 1.44
0.5 -0.3846154 1.28
0.4230769 -0.4230769 1.12
0.3846154 -0.4230769 1
0.3461539 -0.4230769 0.88
0.2692308 -0.4615385 0.76
0.1923077 -0.4615385 0.68
0.1538462 -0.5 0.64
0.1153846 -0.5 0.6
0.03846154 -0.5 0.52
0 -0.5 0.48
0.03846154 -0.4615385 0.36
0.07692308 -0.3846154 0.16
0.1923077 -0.3461539 -0.08
0.1923077 -0.3076923 -0.04
0.1538462 -0.2692308 0.04
0.1538462 -0.2307692 0.08
0.1538462 -0.1923077 0
0.1538462 -0.1153846 -0.12
0.1538462 -0.07692308 -0.24
0.1538462 0.03846154 -0.28
0.1538462 0.1153846 -0.24
0.07692308 0.1538462 0.04
-0.03846154 0.1923077 0.4
-0.1538462 0.1538462 0.8
-0.3076923 0.07692308 1.16
-0.3461539 0 1.48
-0.3461539 -0.03846154 1.72
-0.3461539 -0.1153846 2.04
-0.3846154 -0.1923077 2.32
-0.4230769 -0.3076923 2.48
-0.4615385 -0.3846154 2.52
-0.4615385 -0.4230769 2.48
-0.4230769 -0.4615385 2.4
-0.3461539 -0.4230769 2.24
-0.2307692 -0.4230769 2.08
-0.1153846 -0.3846154 1.88
-0.03846154 -0.3461539 1.68
0.03846154 -0.2692308 1.52
0.07692308 -0.2692308 1.36
0.03846154 -0.2692308 1.28
0 -0.2692308 1.2
-0.07692308 -0.2692308 1.12
-0.07692308 -0.2692308 1.04
-0.03846154 -0.2307692 0.96
0.03846154 -0.1923077 0.88
0.1153846 -0.1153846 0.84
0.2307692 -0.03846154 0.84
0.2307692 0 0.84
0.2692308 0 0.92
0.3076923 0.03846154 0.92
0.3846154 0.07692308 0.88
0.4615385 0.1153846 0.84
0.5384616 0.1923077 0.8
0.6153846 0.2692308 0.76
0.6923077 0.3461539 0.8
0.7692308 0.4615385 0.92
0.9230769 0.6153846 0.92
0.9615384 0.6923077 0.8
0.9615384 0.7692308 0.76
1 0.8076923 0.68
1.038462 0.8846154 0.68
1.076923 0.9615384 0.68
1.115385 1.038462 0.72
1.038462 1.115385 0.8
0.7307692 1.153846 1
0.2692308 1.115385 1.36
-0.3076923 0.9230769 1.64
-0.7307692 0.6153846 1.76
-1 0.3461539 1.76
-1 0.1923077 1.72
-0.9615384 0.1153846 1.6
-1.038462 0.07692308 1.56
-1.192308 -0.07692308 1.48
-1.269231 -0.2307692 1.4
-1.230769 -0.2692308 1.24
-1.153846 -0.3076923 1.08
-1.038462 -0.2692308 1
-0.9230769 -0.2307692 0.92
-0.8461539 -0.2307692 0.92
-0.6538461 -0.1538462 0.92
-0.4615385 -0.03846154 0.92
-0.2307692 0.03846154 0.92
-0.07692308 0.1153846 0.92
0 0.1538462 0.96
0.07692308 0.1923077 0.96
0.03846154 0.1538462 1
0.03846154 0.1153846 1.04
0 0.07692308 1.04
0.03846154 0.07692308 1.04
0.07692308 0.1153846 1.04
0.1153846 0.1538462 1.08
0.1538462 0.1538462 1.16
0.1923077 0.1923077 1.2
0.1923077 0.1923077 1.16
0.1923077 0.1923077 1.12
0.1923077 0.1923077 1.04
0.1923077 0.1538462 1.04
