0.7692308 0.7307692 1.8
0.7692308 0.7307692 1.8
0.6153846 0.6538461 1.56
0.5 0.6153846 1.36
0.5 0.6153846 1.36
0.5 0.6153846 1.36
0.5 0.6153846 1.36
0.5 0.6153846 1.36
0.5 0.6153846 1.36
0.5 0.6153846 1.36
0.5 0.6153846 1.36
0.5 0.6153846 1.36
0.5 0.6153846 1.36
0.3461539 0.5384616 1.24
0.2307692 0.4615385 1.16
-0.1153846 0.2307692 0.96
-0.1153846 0.1923077 0.84
-0.07692308 0.1923077 0.68
-0.07692308 0.1538462 0.6
-0.07692308 0.1153846 0.52
-0.1538462 0.07692308 0.44
-0.1538462 0 0.36
-0.1923077 -0.03846154 0.28
-0.1538462 -0.07692308 0.16
-0.1153846 -0.1153846 0.04
-0.1153846 -0.1153846 -0.08
-0.1153846 -0.1923077 -0.16
-0.1538462 -0.2307692 -0.16
-0.1538462 -0.2692308 -0.16
-0.1538462 -0.3461539 -0.16
-0.1538462 -0.3846154 -0.2
-0.1538462 -0.4615385 -0.2
-0.1538462 -0.5 -0.2
-0.1153846 -0.5384616 -0.16
-0.1153846 -0.5384616 -0.12
-0.07692308 -0.5384616 -0.08
0 -0.5769231 0.04
0 -0.5769231 0.08
0.03846154 -0.6153846 0.12
0 -0.6153846 0.16
0 -0.6538461 0.16
-0.03846154 -0.6538461 0.2
-0.03846154 -0.6538461 0.16
-0.03846154 -0.6923077 0.16
-0.07692308 -0.7307692 0.16
-0.1153846 -0.7307692 0.24
-0.1153846 -0.7307692 0.32
-0.1153846 -0.7307692 0.4
-0.07692308 -0.6923077 0.4
0 -0.6538461 0.44
0.03846154 -0.6538461 0.4
0.07692308 -0.6153846 0.36
0.07692308 -0.5769231 0.32
0.07692308 -0.5769231 0.28
0.07692308 -0.5384616 0.32
0.03846154 -0.5384616 0.36
0 -0.5384616 0.4
-0.1153846 -0.6153846 0.48
-0.1538462 -0.6538461 0.48
