1.576923 0.7692308 1.24
1.576923 0.7692308 1.24
1.576923 0.7692308 1.24
1.576923 0.7692308 1.24
1.576923 0.7692308 1.24
1.576923 0.7692308 1.24
1.576923 0.7692308 1.24
1.576923 0.7692308 1.24
1.576923 0.7692308 1.24
1.653846 0.8846154 1.12
1.653846 0.8846154 1.12
1.653846 0.8846154 1.12
1.692308 0.9615384 1.04
1.692308 0.9615384 1.04
1.692308 1 0.88
1.615385 1 0.72
1.5 1 0.6
1.346154 0.9230769 0.48
1.192308 0.8846154 0.36
1.076923 0.8461539 0.24
0.9615384 0.7692308 0.16
0.8846154 0.7692308 0.08
0.7692308 0.6923077 0
0.6538461 0.6538461 -0.04
0.5384616 0.6153846 -0.08
0.4230769 0.5384616 -0.08
0.3461539 0.5 -0.08
0.2307692 0.4615385 -0.04
0.1538462 0.4230769 -0.04
0.07692308 0.3846154 0
0 0.3461539 0
-0.07692308 0.3461539 0
-0.1153846 0.2692308 0.04
-0.2307692 0.2307692 0.04
-0.3076923 0.1923077 0.04
-0.3461539 0.1538462 0.08
-0.4230769 0.1538462 0.12
-0.4615385 0.1153846 0.16
-0.5384616 0.07692308 0.24
-0.5769231 0 0.32
-0.6538461 -0.03846154 0.44
-0.6923077 -0.07692308 0.6
-0.7307692 -0.1153846 0.76
-0.7692308 -0.1923077 0.88
-0.7692308 -0.1923077 1
-0.7692308 -0.2307692 1.08
-0.7307692 -0.1923077 1.24
-0.6538461 -0.1923077 1.36
-0.6153846 -0.2307692 1.52
-0.6538461 -0.2307692 1.64
-0.6538461 -0.2307692 1.72
-0.5769231 -0.1923077 1.8
-0.4615385 -0.1153846 1.8
-0.3461539 0 1.8
-0.1538462 0.1538462 1.76
0.07692308 0.3461539 1.68
0.3846154 0.5769231 1.64
0.6923077 0.8076923 1.56
0.9230769 0.9615384 1.48
1.115385 1.153846 1.44
1.307692 1.307692 1.32
1.461538 1.423077 1.24
1.615385 1.5 1.08
1.730769 1.538462 1
1.884615 1.576923 0.92
1.961538 1.538462 0.84
2 1.461538 0.8
1.884615 1.346154 0.64
1.653846 1.115385 0.56
1.384615 0.9230769 0.44
1.115385 0.7307692 0.4
0.8846154 0.5769231 0.32
0.6923077 0.4230769 0.32
0.5769231 0.3076923 0.36
0.5384616 0.2692308 0.4
0.6153846 0.2307692 0.44
0.6153846 0.2692308 0.48
0.6153846 0.2307692 0.52
0.5769231 0.1923077 0.6
0.5 0.1538462 0.64
0.4615385 0.1538462 0.68
0.4230769 0.1538462 0.76
0.4230769 0.1923077 0.76
0.4615385 0.1923077 0.76
0.5 0.2307692 0.72
0.5384616 0.2692308 0.72
0.5384616 0.2692308 0.72
0.5769231 0.3076923 0.76
0.5384616 0.3076923 0.8
0.5769231 0.3461539 0.76
0.5384616 0.3076923 0.76
0.5384616 0.3461539 0.76
