-0.3461539 0.4230769 2.36
-0.3461539 0.4230769 2.36
-0.3461539 0.4230769 2.36
-0.3461539 0.4230769 2.36
-0.3461539 0.4230769 2.36
-0.3461539 0.4230769 2.36
-0.3461539 0.4230769 2.36
-0.3461539 0.4230769 2.36
-0.3461539 0.4230769 2.36
-0.3461539 0.4230769 2.36
-0.3461539 0.4230769 2.36
-0.3461539 0.4230769 2.36
-0.3461539 0.4230769 2.36
-0.2307692 0.3846154 2.52
-0.1153846 0.3461539 2.6
-0.07692308 0.3076923 2.6
0 0.3076923 2.64
0.1538462 0.3076923 2.52
0.3076923 0.3076923 2.36
0.3846154 0.3461539 2.24
0.4615385 0.3461539 2.12
0.5 0.3461539 2
0.5 0.3076923 1.88
0.4615385 0.2692308 1.76
0.4230769 0.2692308 1.68
0.3461539 0.2307692 1.56
0.2692308 0.2307692 1.48
0.2307692 0.2307692 1.44
0.2692308 0.2692308 1.36
0.2692308 0.2692308 1.32
0.2692308 0.2692308 1.28
0.2307692 0.2692308 1.24
0.1923077 0.2692308 1.16
0.1538462 0.2692308 1.12
0.1153846 0.2307692 1.08
0.1153846 0.2307692 1.04
0.1153846 0.2307692 1.08
0.07692308 0.2307692 1.04
0.07692308 0.1923077 1
0.07692308 0.1923077 1
0.07692308 0.1923077 1
0.07692308 0.1923077 1.04
0.07692308 0.1923077 1.08
0.1153846 0.2307692 1.12
0.1923077 0.2307692 1.16
0.1923077 0.2307692 1.2
0.2307692 0.2307692 1.2
0.2307692 0.1923077 1.16
