-0.6538461 -0.3076923 -0.04
-0.6538461 -0.3076923 -0.04
-0.6538461 -0.3076923 -0.04
-0.6538461 -0.3076923 -0.04
-0.6538461 -0.3076923 -0.04
-0.6538461 -0.3076923 -0.04
-0.6923077 -0.3076923 -0.04
-0.6923077 -0.3076923 -0.04
-0.6923077 -0.3076923 -0.04
-0.6923077 -0.3076923 -0.04
-0.6923077 -0.3076923 -0.04
-0.6923077 -0.3076923 -0.04
-0.6923077 -0.3076923 -0.04
-0.7307692 -0.3846154 0
-0.7692308 -0.3846154 0.04
-0.7692308 -0.3846154 0.04
-0.7692308 -0.3846154 0.04
-0.7692308 -0.3846154 0.12
-0.7307692 -0.3846154 0.16
-0.6923077 -0.3076923 0.28
-0.6153846 -0.3076923 0.4
-0.5384616 -0.3076923 0.56
-0.4230769 -0.2692308 0.76
-0.3076923 -0.2692308 0.96
-0.1923077 -0.2307692 1.24
-0.07692308 -0.1538462 1.48
0 -0.07692308 1.76
0.1153846 -0.03846154 1.92
0.2692308 0 1.96
0.4230769 -0.03846154 1.96
0.5 -0.07692308 1.88
0.5769231 -0.07692308 1.8
0.6153846 -0.07692308 1.72
0.6538461 -0.07692308 1.72
0.6923077 -0.03846154 1.68
0.7307692 -0.03846154 1.64
0.6923077 -0.07692308 1.56
0.6923077 -0.1538462 1.44
0.6923077 -0.1538462 1.28
0.6538461 -0.1538462 1.16
0.6538461 -0.1538462 1.08
0.6153846 -0.1153846 1.04
0.6153846 -0.07692308 1
0.6923077 -0.03846154 1
0.7307692 0.03846154 0.96
0.8076923 0.1153846 0.96
0.8461539 0.2307692 0.92
0.9230769 0.3461539 0.84
1 0.4230769 0.84
1.038462 0.5384616 0.84
1.076923 0.5769231 0.8
1.115385 0.6538461 0.76
1.153846 0.7692308 0.64
1.153846 0.8846154 0.6
1.115385 1 0.56
1.076923 1.153846 0.48
0.9615384 1.307692 0.6
0.6153846 1.384615 1
0.1153846 1.346154 1.52
-0.4615385 1.153846 1.8
-1 0.7692308 1.96
-1.307692 0.3461539 1.92
-1.384615 0.07692308 1.76
-1.076923 -0.1153846 1.56
-0.8846154 -0.1153846 1.56
-0.7307692 -0.07692308 1.56
-0.6923077 -0.07692308 1.56
-0.7307692 -0.07692308 1.56
-0.8076923 -0.1153846 1.6
-0.8846154 -0.2307692 1.52
-0.8076923 -0.2692308 1.36
-0.6923077 -0.1923077 1.24
-0.5384616 -0.1538462 1.16
-0.3846154 -0.03846154 1.12
-0.07692308 0.1153846 1.08
-0.03846154 0.1538462 1.08
-0.03846154 0.1538462 1.08
-0.03846154 0.1153846 1.04
-0.07692308 0.07692308 1.04
-0.07692308 0.07692308 1
-0.07692308 0.07692308 1.04
