1.423077 0.9615384 3.04
1.538462 1.115385 3.12
1.538462 1.115385 3.12
1.538462 1.115385 3.12
1.538462 1.115385 3.12
1.538462 1.192308 3.08
1.538462 1.192308 3.08
1.538462 1.192308 3.08
1.538462 1.192308 3.08
1.538462 1.192308 3.08
1.538462 1.192308 3.08
1.423077 1.192308 2.92
1.423077 1.192308 2.92
1.230769 1.153846 2.64
0.8846154 1.076923 2.24
0.5384616 0.9615384 1.88
0.1153846 0.7307692 1.56
-0.1538462 0.5769231 1.32
-0.3461539 0.4615385 1.12
-0.4230769 0.3846154 1
-0.3846154 0.3846154 0.84
-0.2692308 0.4615385 0.68
-0.1923077 0.5 0.52
-0.07692308 0.5384616 0.36
0 0.5 0.2
0 0.5 0.04
-0.03846154 0.4230769 -0.12
-0.07692308 0.3076923 -0.24
-0.1153846 0.2307692 -0.4
-0.1538462 0.1153846 -0.52
-0.1538462 0 -0.56
-0.1153846 -0.03846154 -0.56
-0.1153846 -0.1153846 -0.48
-0.1153846 -0.1923077 -0.4
-0.1153846 -0.2692308 -0.32
-0.1153846 -0.3461539 -0.28
-0.07692308 -0.3846154 -0.28
-0.07692308 -0.4230769 -0.28
-0.03846154 -0.5 -0.28
0 -0.5384616 -0.28
0 -0.5384616 -0.24
0 -0.5769231 -0.16
-0.07692308 -0.6153846 -0.04
-0.1153846 -0.6538461 0.08
-0.1923077 -0.6538461 0.16
-0.1923077 -0.6923077 0.24
-0.1538462 -0.7307692 0.24
-0.1538462 -0.7307692 0.32
-0.1153846 -0.7307692 0.36
-0.1153846 -0.6923077 0.4
-0.07692308 -0.6923077 0.4
-0.03846154 -0.6153846 0.36
0 -0.6153846 0.32
0.07692308 -0.5769231 0.36
0.1153846 -0.5384616 0.44
0.1538462 -0.5 0.48
0.1538462 -0.4615385 0.56
0.1538462 -0.5 0.56
0.1153846 -0.5 0.52
0.07692308 -0.5 0.48
