1.384615 0.8461539 0.68
1.384615 0.8461539 0.68
1.384615 0.8461539 0.68
1.384615 0.8461539 0.68
1.384615 0.8461539 0.68
1.384615 0.8461539 0.68
1.384615 0.8461539 0.68
1.384615 0.9230769 0.68
1.384615 0.9230769 0.68
1.384615 0.9230769 0.68
1.384615 0.9230769 0.68
1.384615 0.9230769 0.68
1.269231 0.9230769 0.76
1.115385 0.9230769 0.72
0.8846154 1 0.8
0.4230769 1.076923 1.12
0.03846154 0.9230769 1.36
-0.2692308 0.7692308 1.44
-0.5 0.5769231 1.44
-0.6923077 0.3461539 1.44
-0.8461539 0.1538462 1.4
-0.8461539 0.03846154 1.32
-0.7692308 0 1.28
-0.7307692 0.03846154 1.24
-0.7307692 0 1.2
-0.7692308 -0.03846154 1.2
-0.8461539 -0.1153846 1.2
-0.9230769 -0.2307692 1.2
-0.9230769 -0.3076923 1.16
-0.8461539 -0.3461539 1.12
-0.7692308 -0.3076923 1.04
-0.6153846 -0.2692308 1
-0.4615385 -0.1538462 0.96
-0.3461539 -0.1153846 0.96
-0.2692308 -0.07692308 1
-0.1538462 -0.03846154 1
-0.1153846 -0.07692308 1.04
-0.1153846 -0.07692308 1.04
-0.1153846 -0.07692308 1.04
-0.1153846 -0.1153846 1.04
-0.1153846 -0.1538462 1.08
-0.07692308 -0.1153846 1.08
0 -0.1153846 1.08
0.03846154 -0.07692308 1.08
0.07692308 -0.03846154 1.08
0.1153846 -0.03846154 1.08
0.1153846 -0.03846154 1.12
0.1153846 -0.03846154 1.16
0.1153846 -0.03846154 1.16
0.1153846 -0.07692308 1.12
0.07692308 -0.07692308 1.12
0.07692308 -0.07692308 1.12
0.07692308 -0.1153846 1.12
0.03846154 -0.1153846 1.04
0.03846154 -0.1153846 1
