0.1538462 0.1538462 1
0.1538462 0.1538462 1
0.1538462 0.1538462 1
0.1538462 0.1538462 1
0.1538462 0.1538462 1
0.1538462 0.1538462 1
0.1153846 0.2307692 1.08
0.1153846 0.2307692 1.08
0.1153846 0.2307692 1.08
0.1153846 0.2307692 1.08
0.1153846 0.2307692 1.08
0.1538462 0.2692308 1.08
0.1538462 0.3076923 1.16
0.1923077 0.2692308 1.2
0.1923077 0.2692308 1.2
0.1923077 0.2692308 1.16
0.1538462 0.2307692 1.16
0.1153846 0.2307692 1.12
0.07692308 0.1923077 1.08
0 0.1923077 1.04
0 0.1538462 1.04
0 0.1923077 1.04
0.07692308 0.2307692 1.04
0.1153846 0.3076923 1.04
0.1153846 0.3076923 1
0.1153846 0.3461539 1.04
0.07692308 0.3461539 1.08
0 0.3461539 1.12
-0.1153846 0.3461539 1.2
-0.2307692 0.3461539 1.24
-0.3076923 0.3846154 1.24
-0.3846154 0.4615385 1.32
-0.4230769 0.5384616 1.4
-0.4615385 0.5769231 1.48
-0.5 0.6538461 1.52
-0.5384616 0.6923077 1.52
-0.6153846 0.6923077 1.52
-0.6538461 0.6923077 1.56
-0.8461539 0.6538461 1.68
-1.153846 0.5769231 1.64
-1.346154 0.4615385 1.6
-1.576923 0.3846154 1.44
-1.615385 0.3846154 1.32
-1.538462 0.4230769 1.24
-1.461538 0.4230769 1.24
-1.346154 0.3461539 1.24
-1.153846 0.3461539 1.2
-0.8846154 0.4615385 1.16
-0.5769231 0.5384616 1.12
-0.2692308 0.6153846 1.12
0 0.7307692 1.2
0.2692308 0.7307692 1.24
0.5769231 0.8076923 1.24
0.8461539 0.8846154 1.08
0.8846154 0.8076923 0.84
0.7307692 0.5769231 0.68
0.3846154 0.1538462 0.64
0.1153846 -0.1923077 0.8
0.1153846 -0.1153846 1.08
0.4230769 0.3076923 1.32
0.8846154 0.7692308 1.32
1.269231 1.115385 1.08
1.346154 1.115385 0.8
1.230769 0.8076923 0.68
1.076923 0.5 0.72
1 0.2692308 0.72
0.9615384 0.2692308 0.64
1.038462 0.4230769 0.48
1.192308 0.6153846 0.32
1.423077 0.6538461 0.24
1.653846 0.6153846 0.28
1.807692 0.5769231 0.44
1.807692 0.4615385 0.56
1.653846 0.3461539 0.6
1.461538 0.2307692 0.64
1.192308 0.1153846 0.72
0.9615384 0 0.84
0.7692308 -0.07692308 0.92
0.6153846 -0.07692308 0.96
0.5769231 -0.03846154 0.88
0.5384616 0.03846154 0.8
0.4615385 0.03846154 0.68
0.3846154 0 0.64
0.2692308 0 0.68
0.1923077 -0.07692308 0.64
0.03846154 -0.1538462 0.64
-0.07692308 -0.1923077 0.64
-0.1153846 -0.2307692 0.64
-0.07692308 -0.1538462 0.68
0.03846154 -0.07692308 0.72
0.1153846 0 0.8
0.1923077 0.03846154 0.84
0.1538462 0.03846154 0.88
0.1153846 0 0.92
0.1153846 0 1
0.1153846 0 1.04
0.1153846 0.03846154 1.04
0.1153846 0.03846154 1
0.07692308 0 0.92
0.07692308 -0.03846154 0.88
0.1153846 0 0.8
0.1923077 0 0.8
0.2692308 0 0.84
0.3461539 0 0.88
0.4230769 0 0.96
0.4615385 0 1
0.5384616 0.03846154 1.12
0.5769231 0.1153846 1.2
0.6538461 0.2307692 1.24
0.6923077 0.2307692 1.28
0.6153846 0.1923077 1.28
0.6153846 0.1538462 1.2
