0.6153846 0.5384616 1.08
0.6153846 0.5384616 1.08
0.6153846 0.5384616 1.08
0.6923077 0.5769231 1.12
0.6923077 0.5769231 1.12
0.6923077 0.5769231 1.12
0.6923077 0.5769231 1.12
0.6923077 0.5769231 1.12
0.6923077 0.5769231 1.12
0.6923077 0.5769231 1.12
0.6923077 0.5769231 1.12
0.6538461 0.6153846 1.24
0.6538461 0.6153846 1.24
0.6538461 0.6153846 1.24
0.6153846 0.6153846 1.36
0.6153846 0.6538461 1.48
0.6153846 0.6538461 1.6
0.5769231 0.6538461 1.72
0.5 0.6153846 1.88
0.4230769 0.6153846 1.96
0.3076923 0.5769231 2.04
0.2307692 0.5384616 2.12
0.1153846 0.5 2.08
0.03846154 0.4615385 2.08
0 0.4230769 2.08
0 0.4230769 2.2
-0.03846154 0.3846154 2.36
-0.1153846 0.4230769 2.48
-0.1923077 0.5 2.64
-0.2692308 0.6153846 2.84
-0.3846154 0.6923077 2.92
-0.4615385 0.7692308 2.92
-0.5 0.8461539 2.72
-0.5 0.9230769 2.48
-0.5769231 1 2.28
-0.6153846 1.076923 2.08
-0.6923077 1.076923 1.88
-0.7692308 1.153846 1.64
-0.8076923 1.115385 1.44
-0.8461539 1.076923 1.24
-0.8461539 1 1.12
-0.8461539 0.9230769 0.96
-0.8076923 0.8076923 0.84
-0.7692308 0.6923077 0.68
-0.7692308 0.5 0.6
-0.7692308 0.3461539 0.52
-0.8076923 0.2307692 0.44
-0.9230769 0.07692308 0.4
-0.9230769 0.07692308 0.4
-0.8461539 0.07692308 0.36
-0.7307692 0.1538462 0.36
-0.6153846 0.1923077 0.36
-0.5 0.2307692 0.4
-0.3846154 0.2307692 0.44
-0.3461539 0.1923077 0.4
-0.3461539 0.1923077 0.28
-0.3846154 0.1538462 0.24
-0.3846154 0.1153846 0.24
-0.3461539 0.1538462 0.2
-0.2692308 0.1538462 0.12
-0.2307692 0.1538462 0.08
-0.1153846 0.1538462 0
-0.03846154 0.1538462 -0.04
0 0.1538462 -0.08
0 0.1153846 -0.12
0 0.03846154 -0.2
0.03846154 0 -0.24
0.03846154 -0.03846154 -0.28
0.03846154 -0.07692308 -0.24
0.03846154 -0.1153846 -0.24
0.03846154 -0.1538462 -0.24
0.03846154 -0.1923077 -0.24
0.03846154 -0.2307692 -0.28
0.03846154 -0.2692308 -0.28
0.03846154 -0.2692308 -0.28
0.07692308 -0.2307692 -0.24
0.1153846 -0.1923077 -0.24
0.1538462 -0.1923077 -0.24
0.2307692 -0.1538462 -0.2
0.2692308 -0.1538462 -0.2
0.2692308 -0.1538462 -0.2
0.3461539 -0.1153846 -0.2
0.3461539 -0.03846154 -0.16
0.4230769 0.03846154 -0.12
0.5384616 0.1153846 -0.08
0.6538461 0.1923077 0
0.7692308 0.2692308 0.04
0.8461539 0.3461539 0.08
0.8846154 0.3846154 0.12
0.8846154 0.4230769 0.16
0.9230769 0.3846154 0.16
1.038462 0.3846154 0.16
1.115385 0.4230769 0.16
1.230769 0.5384616 0.16
1.346154 0.6153846 0.16
1.384615 0.6538461 0.24
1.384615 0.6923077 0.44
1.307692 0.6923077 0.6
1.230769 0.6923077 0.8
1.153846 0.7307692 0.84
1.192308 0.8076923 0.84
1.192308 0.8846154 0.84
1.230769 0.9615384 0.88
1.230769 1 0.92
1.192308 1 1
1.153846 1.038462 1.04
1.038462 1.038462 1.12
0.9230769 1 1.28
0.7692308 1 1.36
0.6923077 1 1.36
0.6923077 1 1.32
0.6923077 1.076923 1.32
0.6923077 1.115385 1.28
0.6538461 1.115385 1.36
0.5769231 1.076923 1.44
0.5 1 1.48
0.3846154 0.9615384 1.52
0.1923077 0.8846154 1.64
0.03846154 0.8461539 1.68
0.03846154 0.8461539 1.64
0.1153846 0.8461539 1.6
0.1923077 0.8846154 1.68
0.2307692 0.8846154 1.76
0.1923077 0.8846154 1.76
0.1153846 0.8846154 1.8
0 0.9230769 1.8
-0.1538462 0.8461539 1.88
-0.3076923 0.7692308 2
-0.3461539 0.7692308 2.04
-0.3461539 0.7692308 2.04
-0.3846154 0.7692308 2
-0.3846154 0.7307692 1.96
-0.4230769 0.6923077 1.84
-0.4230769 0.6538461 1.72
-0.4615385 0.6153846 1.64
-0.5 0.5769231 1.52
-0.6153846 0.5 1.36
-0.6538461 0.5 1.28
-0.6923077 0.4615385 1.2
-0.6153846 0.5 1.08
-0.5 0.5384616 1
-0.3846154 0.6153846 0.92
-0.2307692 0.6538461 0.88
-0.1538462 0.6538461 0.84
