0.03846154 0.6923077 0.76
0.03846154 0.6923077 0.76
0.03846154 0.6923077 0.76
0.03846154 0.6923077 0.76
0.03846154 0.6923077 0.76
0.1153846 0.7692308 0.76
0.1153846 0.7692308 0.76
0.1153846 0.7692308 0.76
0.1153846 0.7692308 0.76
0.1153846 0.7692308 0.76
0.1923077 0.8076923 0.76
0.1923077 0.8076923 0.76
0.1923077 0.8076923 0.76
0.1923077 0.8076923 0.84
0.1153846 0.8076923 1
0.03846154 0.7692308 1.2
-0.03846154 0.7692308 1.48
-0.07692308 0.7692308 1.76
-0.1538462 0.7307692 2
-0.2307692 0.7307692 2.16
-0.2692308 0.6923077 2.2
-0.2307692 0.7307692 2.24
-0.07692308 0.8076923 2.28
0.1153846 0.9615384 2.36
0.3076923 1.115385 2.48
0.3846154 1.192308 2.56
0.3461539 1.192308 2.6
0.2692308 1.192308 2.72
0.1923077 1.192308 2.84
0.1923077 1.269231 2.88
0.1538462 1.307692 2.76
0.1538462 1.346154 2.56
0.1153846 1.346154 2.48
0.1153846 1.346154 2.36
0.1923077 1.384615 2.24
0.2692308 1.5 2.28
0.3461539 1.615385 2.4
0.3076923 1.692308 2.48
0.2307692 1.769231 2.44
0.1923077 1.769231 2.16
0.1923077 1.769231 1.8
0.1923077 1.692308 1.52
0.1153846 1.615385 1.24
0 1.461538 0.96
-0.07692308 1.346154 0.76
0 1.230769 0.6
0.07692308 1.153846 0.44
0.1153846 1.076923 0.28
0.07692308 1 0.12
0 0.8461539 -0.04
-0.07692308 0.6923077 -0.12
-0.1153846 0.5769231 -0.2
-0.1153846 0.4230769 -0.24
-0.07692308 0.4230769 -0.24
0.07692308 0.4230769 -0.16
0.1923077 0.4230769 -0.16
0.1923077 0.3461539 -0.2
0.1538462 0.2692308 -0.16
0.03846154 0.1923077 -0.12
-0.03846154 0.07692308 -0.12
-0.1153846 -0.03846154 -0.2
-0.07692308 -0.1538462 -0.4
-0.03846154 -0.2692308 -0.52
0.03846154 -0.3076923 -0.56
0.03846154 -0.3461539 -0.52
0.03846154 -0.3846154 -0.48
0.03846154 -0.4615385 -0.52
-0.03846154 -0.5384616 -0.52
-0.07692308 -0.5384616 -0.44
-0.03846154 -0.5 -0.32
0.03846154 -0.4230769 -0.28
0.1153846 -0.3846154 -0.24
0.1923077 -0.3846154 -0.2
0.2307692 -0.3846154 -0.16
0.1538462 -0.4230769 -0.04
0.1538462 -0.4230769 -0.04
0.07692308 -0.4615385 -0.04
0 -0.5 0
0 -0.5 0.04
0.03846154 -0.5384616 0.04
0.07692308 -0.5769231 0.04
0.03846154 -0.6153846 0.08
0 -0.6923077 0.12
-0.03846154 -0.6923077 0.12
-0.07692308 -0.7307692 0.16
-0.07692308 -0.6923077 0.2
-0.07692308 -0.6923077 0.28
-0.03846154 -0.6923077 0.32
0 -0.6923077 0.28
0 -0.6923077 0.2
0 -0.6923077 0.12
-0.03846154 -0.6538461 0.12
0 -0.6538461 0
0 -0.6538461 -0.04
0.03846154 -0.6538461 0
0.03846154 -0.6538461 0
0.03846154 -0.6538461 0.08
0 -0.6538461 0.04
