0.1153846 -0.4615385 0.04
0.1153846 -0.4615385 0.04
0.1153846 -0.4615385 0.04
0.1153846 -0.4615385 0.04
0.1153846 -0.4615385 0.04
0.07692308 -0.5 -0.08
0.07692308 -0.5 -0.08
0.07692308 -0.5 -0.08
0.07692308 -0.5 -0.08
0.07692308 -0.5 -0.08
0.07692308 -0.5 -0.08
0.07692308 -0.5 -0.08
0.07692308 -0.5 -0.08
0.03846154 -0.5384616 -0.08
0.03846154 -0.5 -0.04
0.07692308 -0.4230769 -0.04
0.1153846 -0.3461539 -0.08
0.1538462 -0.2307692 -0.08
0.1538462 -0.1538462 -0.04
0.1538462 -0.07692308 0
0.07692308 0 0.12
0.03846154 0.03846154 0.12
0 0.07692308 0.12
0 0.1538462 0.12
0 0.1538462 0.16
0.03846154 0.1923077 0.16
0.07692308 0.3076923 0.12
0.1153846 0.3461539 0.08
0.1153846 0.3846154 0.04
0.1538462 0.4230769 -0.04
0.1923077 0.3846154 -0.12
0.1538462 0.3461539 -0.12
0.1538462 0.2692308 -0.04
0.1153846 0.2307692 0.12
0 0.1538462 0.32
-0.07692308 0.1153846 0.44
-0.07692308 0.1538462 0.64
-0.07692308 0.1923077 0.92
-0.1538462 0.1923077 1.08
-0.2307692 0.1538462 1.16
-0.2692308 0.1923077 1.2
-0.2692308 0.2307692 1.28
-0.2307692 0.3461539 1.4
-0.1923077 0.4230769 1.44
-0.1538462 0.5384616 1.4
-0.1153846 0.6538461 1.36
0 0.8076923 1.48
0.1153846 1 1.56
0.2307692 1.115385 1.6
0.2692308 1.192308 1.6
0.1923077 1.192308 1.6
0.07692308 1.192308 1.68
0.03846154 1.192308 1.8
0.07692308 1.269231 2
0.1538462 1.269231 2.28
0.1923077 1.230769 2.44
0.1923077 1.153846 2.48
0.1538462 1.076923 2.4
0.1923077 1 2.32
0.1923077 0.9230769 2.2
0.1923077 0.8461539 2.16
0.1538462 0.8076923 2.12
0.07692308 0.7307692 2.04
0 0.6923077 2
0 0.6923077 1.88
0 0.6923077 1.8
0 0.6538461 1.72
0 0.6538461 1.64
-0.03846154 0.6153846 1.48
-0.03846154 0.6153846 1.36
-0.03846154 0.5769231 1.24
-0.03846154 0.5769231 1.12
-0.03846154 0.5769231 1.08
0 0.5769231 1.12
0 0.5769231 1.08
-0.07692308 0.5769231 1.04
-0.07692308 0.5384616 0.96
-0.07692308 0.5769231 0.88
0 0.6153846 0.84
0.03846154 0.6153846 0.76
0.03846154 0.6153846 0.76
0 0.6153846 0.72
0 0.6153846 0.72
0.03846154 0.6153846 0.72
0.03846154 0.6153846 0.76
0.07692308 0.6153846 0.76
0.07692308 0.6153846 0.72
0.03846154 0.6153846 0.68
0.03846154 0.6153846 0.64
0.03846154 0.5769231 0.68
0.03846154 0.5769231 0.68
0.03846154 0.5769231 0.68
0.03846154 0.5769231 0.68
0.03846154 0.5769231 0.72
0.03846154 0.5769231 0.76
0.03846154 0.5769231 0.8
0.03846154 0.5769231 0.8
0.03846154 0.5769231 0.84
0.03846154 0.6153846 0.84
0.03846154 0.6153846 0.88
0 0.6153846 0.96
0 0.6153846 1.08
0.03846154 0.6153846 1.16
0.07692308 0.6153846 1.2
0.1153846 0.6153846 1.32
