-0.07692308 -0.3461539 0.92
-0.07692308 -0.3461539 0.92
-0.07692308 -0.3461539 0.92
-0.07692308 -0.3461539 0.92
-0.07692308 -0.3461539 0.92
-0.07692308 -0.3461539 0.92
-0.07692308 -0.3461539 0.92
-0.07692308 -0.3461539 0.92
-0.1153846 -0.3461539 0.92
-0.1153846 -0.3461539 0.92
-0.1153846 -0.3076923 0.96
-0.1153846 -0.3076923 0.96
-0.1153846 -0.3076923 0.96
-0.07692308 -0.2692308 1
-0.03846154 -0.2692308 1
-0.03846154 -0.2307692 1
-0.03846154 -0.1923077 0.96
-0.1153846 -0.1923077 0.92
-0.2307692 -0.1923077 0.88
-0.3461539 -0.2307692 0.84
-0.3846154 -0.2307692 0.8
-0.4230769 -0.2692308 0.72
-0.4230769 -0.2692308 0.64
-0.3846154 -0.2307692 0.6
-0.3846154 -0.2307692 0.6
-0.4230769 -0.2307692 0.52
-0.4230769 -0.2307692 0.52
-0.4230769 -0.2307692 0.48
-0.4615385 -0.2307692 0.48
-0.4615385 -0.2307692 0.48
-0.5 -0.2307692 0.44
-0.5 -0.1923077 0.4
-0.4615385 -0.1923077 0.32
-0.4615385 -0.1538462 0.24
-0.4615385 -0.1538462 0.24
-0.5769231 -0.1923077 0.24
-0.7692308 -0.2307692 0.28
-0.8846154 -0.2307692 0.32
-0.8846154 -0.2692308 0.28
-0.8076923 -0.3076923 0.24
-0.7692308 -0.3076923 0.24
-0.8461539 -0.3461539 0.24
-0.9230769 -0.2692308 0.28
-0.8461539 -0.1538462 0.36
-0.6923077 0 0.48
-0.4230769 0.1153846 0.6
-0.1923077 0.2692308 0.64
0.03846154 0.4615385 0.68
0.3076923 0.7307692 0.72
0.6538461 1 0.8
1.038462 1.307692 1.04
1.423077 1.538462 1.28
1.653846 1.615385 1.6
1.730769 1.576923 2
1.615385 1.461538 2.2
1.461538 1.269231 2.24
1.230769 1.038462 2.24
1.038462 0.8076923 2.12
0.7692308 0.6153846 2
0.5769231 0.4615385 1.8
0.5 0.3846154 1.68
0.4230769 0.3846154 1.64
0.3846154 0.3846154 1.6
0.3461539 0.3846154 1.6
0.3076923 0.4230769 1.56
0.3461539 0.4615385 1.48
0.3461539 0.5 1.44
0.3461539 0.5 1.4
0.3461539 0.5 1.28
0.3461539 0.4615385 1.2
0.3461539 0.4615385 1.12
0.3461539 0.4615385 1
0.4230769 0.4615385 0.92
0.4615385 0.4615385 0.84
0.4615385 0.4615385 0.76
0.5 0.5 0.64
0.5384616 0.4615385 0.6
0.5769231 0.5384616 0.52
0.6153846 0.5 0.4
0.6538461 0.5384616 0.32
0.6538461 0.5384616 0.28
0.6538461 0.5384616 0.32
0.6923077 0.5384616 0.32
0.6153846 0.5 0.32
0.5 0.5 0.28
0.4615385 0.4615385 0.2
0.3846154 0.4615385 0.12
0.3846154 0.4615385 0
0.5384616 0.5769231 -0.24
0.5384616 0.5769231 -0.24
0.6538461 0.6538461 -0.36
0.6538461 0.7307692 -0.32
0.6153846 0.7692308 -0.2
0.5384616 0.8076923 0
0.4615385 0.8846154 0.12
0.3461539 0.9615384 0.2
0.1923077 0.9615384 0.24
0 0.9230769 0.36
-0.2692308 0.8846154 0.52
-0.4615385 0.8461539 0.8
-0.6538461 0.8076923 1.08
-0.8076923 0.8076923 1.36
-0.8461539 0.7692308 1.6
-0.8461539 0.8461539 1.72
-0.8076923 0.9230769 1.8
-0.7307692 0.9230769 1.8
-0.6538461 0.9615384 1.76
-0.6538461 0.9615384 1.68
-0.6538461 0.9615384 1.68
-0.6538461 0.9230769 1.8
-0.6923077 0.8461539 1.92
-0.6923077 0.8461539 1.96
-0.6923077 0.8846154 1.84
-0.6153846 0.8846154 1.72
-0.4615385 0.9230769 1.68
-0.3846154 0.9615384 1.6
-0.3461539 1 1.52
-0.3461539 0.9615384 1.48
-0.3461539 0.9230769 1.4
-0.3846154 0.8846154 1.4
-0.4230769 0.8461539 1.36
-0.3846154 0.8461539 1.24
-0.3461539 0.8461539 1.12
-0.3461539 0.8076923 1
-0.3076923 0.8076923 0.88
-0.1923077 0.8076923 0.76
-0.1153846 0.8076923 0.68
-0.07692308 0.7692308 0.68
-0.07692308 0.7692308 0.68
-0.1153846 0.7307692 0.72
-0.07692308 0.7307692 0.76
-0.03846154 0.7307692 0.76
0 0.7692308 0.8
0.03846154 0.8076923 0.76
0.07692308 0.7692308 0.76
0.1153846 0.8076923 0.76
0.1538462 0.8461539 0.84
0.1923077 0.8461539 0.88
