0.1923077 -0.2307692 0.84
0.1923077 -0.2307692 0.84
0.1923077 -0.2307692 0.84
0.1923077 -0.2307692 0.84
0.1923077 -0.2307692 0.84
0.1923077 -0.2307692 0.84
0.1923077 -0.2307692 0.84
0.1923077 -0.2307692 0.84
0.1923077 -0.2307692 0.84
0.1923077 -0.2307692 0.84
0.1923077 -0.2307692 0.84
0.1923077 -0.2692308 0.8
0.1923077 -0.2692308 0.8
0.2307692 -0.2692308 0.84
0.1923077 -0.2692308 0.92
0.1153846 -0.2692308 1.04
0.03846154 -0.3076923 1.16
0 -0.3076923 1.12
0 -0.3076923 1.08
0.03846154 -0.3076923 1.08
0.07692308 -0.3076923 1.08
0.07692308 -0.2692308 1.04
0.07692308 -0.2307692 1.08
0.07692308 -0.2307692 1.08
0.07692308 -0.2307692 1.04
0.03846154 -0.2692308 1
0 -0.3076923 1
0 -0.2692308 0.96
0 -0.2692308 0.96
0 -0.2692308 0.96
0.03846154 -0.2307692 0.96
0.03846154 -0.1923077 0.96
0 -0.1923077 0.96
-0.03846154 -0.2307692 0.92
-0.1153846 -0.2307692 0.88
-0.1923077 -0.2307692 0.84
-0.2307692 -0.2307692 0.76
-0.3076923 -0.1923077 0.72
-0.3461539 -0.1923077 0.6
-0.4615385 -0.1923077 0.4
-0.5384616 -0.1538462 0.32
-0.6153846 -0.1923077 0.24
-0.6538461 -0.1923077 0.12
-0.6923077 -0.1923077 0.04
-0.7307692 -0.2307692 -0.04
-0.7692308 -0.2692308 -0.12
-0.7692308 -0.2692308 -0.16
-0.6923077 -0.2307692 -0.16
-0.6153846 -0.1923077 -0.12
-0.5769231 -0.1153846 -0.04
-0.6923077 -0.1538462 0.12
-0.6923077 -0.1153846 0.32
-0.5769231 -0.03846154 0.52
-0.4230769 0.03846154 0.8
-0.2692308 0.1538462 1.04
-0.1538462 0.2692308 1.2
0.03846154 0.4230769 1.44
0.3076923 0.5769231 1.68
0.5384616 0.6538461 1.88
0.7692308 0.7307692 2
0.9615384 0.7692308 2.08
1.115385 0.8076923 2.16
1.269231 0.8076923 2.16
1.384615 0.8076923 2.12
1.269231 0.5769231 1.88
1.076923 0.4230769 1.72
0.9615384 0.3076923 1.6
0.8076923 0.1923077 1.48
0.6153846 0.1153846 1.44
0.5 0.03846154 1.36
0.4615385 0.03846154 1.32
0.4230769 0.07692308 1.32
0.3461539 0.03846154 1.32
0.3076923 0.07692308 1.24
0.3076923 0.07692308 1.16
0.3076923 0.1153846 1.08
0.2692308 0.1153846 1
0.2692308 0.1153846 0.92
0.2692308 0.1153846 0.84
0.2692308 0.1538462 0.76
0.3461539 0.1538462 0.68
0.3461539 0.1538462 0.6
0.3846154 0.1538462 0.56
0.3846154 0.1923077 0.6
0.4230769 0.1923077 0.56
0.4615385 0.2307692 0.56
0.4615385 0.2307692 0.56
0.4615385 0.1923077 0.56
0.5 0.1923077 0.48
0.5769231 0.2307692 0.4
0.6538461 0.2692308 0.32
0.7307692 0.2692308 0.2
0.7692308 0.2692308 0.12
0.9230769 0.3076923 -0.08
0.9615384 0.3461539 -0.24
0.9615384 0.3076923 -0.36
0.8846154 0.3076923 -0.44
0.7307692 0.2307692 -0.4
0.5769231 0.1538462 -0.36
0.5 0.1538462 -0.4
0.3846154 0.1923077 -0.44
0.2692308 0.2307692 -0.48
0.1538462 0.3461539 -0.48
0.07692308 0.5384616 -0.44
0 0.6923077 -0.24
-0.07692308 0.8461539 0.2
-0.1923077 0.9615384 0.72
-0.3076923 1.076923 1.12
-0.3461539 1.230769 1.44
-0.3461539 1.307692 1.72
-0.3846154 1.307692 1.96
-0.5 1.307692 2.04
-0.5 1.384615 2.04
-0.4230769 1.461538 2.04
-0.3076923 1.538462 2.12
-0.2307692 1.576923 2.08
-0.1923077 1.538462 2
-0.1153846 1.5 2.04
0.03846154 1.461538 2.12
0.07692308 1.384615 2.12
0.03846154 1.230769 2.04
-0.1153846 1.038462 2
-0.3076923 0.8461539 1.96
-0.3461539 0.7307692 1.8
-0.3076923 0.6923077 1.68
-0.2692308 0.7307692 1.48
-0.1923077 0.7692308 1.32
-0.1538462 0.8076923 1.2
-0.07692308 0.8461539 1.12
-0.07692308 0.8846154 1.04
-0.07692308 0.8846154 1
-0.1153846 0.8461539 0.96
-0.1538462 0.8076923 0.88
-0.1153846 0.7692308 0.8
-0.03846154 0.7692308 0.76
0.03846154 0.7692308 0.72
0.07692308 0.7692308 0.72
0.07692308 0.7307692 0.72
0.07692308 0.7307692 0.72
0.03846154 0.6923077 0.68
0.07692308 0.6923077 0.64
0.1153846 0.6538461 0.56
0.1153846 0.6538461 0.52
0.1153846 0.6153846 0.52
0.1153846 0.6153846 0.52
0.1538462 0.6538461 0.52
0.1538462 0.6923077 0.56
0.1538462 0.7307692 0.6
0.1538462 0.7692308 0.6
0.07692308 0.8076923 0.68
0.07692308 0.8076923 0.76
0.1153846 0.8461539 0.84
0.1538462 0.9615384 0.96
0.1923077 0.9615384 1
0.1538462 0.9615384 1.12
0.1538462 0.9615384 1.24
