0.4615385 0.5 0.64
0.4615385 0.5 0.64
0.4615385 0.5 0.64
0.4615385 0.5 0.64
0.4615385 0.5 0.64
0.4615385 0.5 0.64
0.4615385 0.5 0.64
0.5384616 0.5769231 0.6
0.5384616 0.5769231 0.6
0.5769231 0.6153846 0.6
0.5769231 0.6153846 0.6
0.5769231 0.6153846 0.6
0.5384616 0.6153846 0.64
0.5384616 0.6153846 0.68
0.4615385 0.6538461 0.8
0.4230769 0.6923077 0.96
0.3461539 0.6538461 1.2
0.2307692 0.5769231 1.36
0.07692308 0.5 1.56
-0.07692308 0.4615385 1.8
-0.07692308 0.4615385 1.92
-0.03846154 0.4615385 2.12
-0.03846154 0.5 2.08
0 0.5384616 2.16
-0.03846154 0.5769231 2.24
-0.07692308 0.6538461 2.36
-0.07692308 0.7692308 2.48
-0.03846154 0.7692308 2.56
-0.1153846 0.8076923 2.56
-0.2307692 0.7692308 2.52
-0.3461539 0.7692308 2.56
-0.3461539 0.8076923 2.6
-0.3461539 0.8461539 2.56
-0.3461539 0.8846154 2.48
-0.4230769 0.9615384 2.36
-0.4615385 1 2.24
-0.5384616 1 2.08
-0.6538461 1 1.96
-0.6923077 0.9615384 1.76
-0.7307692 0.8461539 1.56
-0.7307692 0.8076923 1.36
-0.6923077 0.7692308 1.2
-0.6923077 0.6923077 1.16
-0.7307692 0.6538461 1.12
-0.7692308 0.6538461 1.04
-0.8076923 0.6538461 0.92
-0.8076923 0.6538461 0.84
-0.8461539 0.6153846 0.76
-0.8846154 0.5384616 0.64
-0.8846154 0.5 0.52
-0.8461539 0.4615385 0.4
-0.8076923 0.4230769 0.32
-0.7692308 0.4230769 0.28
-0.6923077 0.3846154 0.24
-0.5769231 0.3846154 0.24
-0.5 0.3461539 0.24
-0.4615385 0.3461539 0.28
-0.4615385 0.3076923 0.24
-0.5 0.2692308 0.24
-0.5384616 0.1923077 0.24
-0.5384616 0.1538462 0.2
-0.5384616 0.1153846 0.2
-0.5 0.07692308 0.2
-0.4615385 0.07692308 0.2
-0.3846154 0.07692308 0.16
-0.3461539 0.03846154 0.16
-0.3076923 0.03846154 0.12
-0.3076923 -0.03846154 0.08
-0.3076923 -0.03846154 0.08
-0.3461539 -0.1153846 0.08
-0.3846154 -0.1538462 0.04
-0.3846154 -0.1538462 0
-0.3461539 -0.1538462 -0.08
-0.3076923 -0.1538462 -0.16
-0.2692308 -0.1538462 -0.2
-0.2307692 -0.1538462 -0.2
-0.2307692 -0.1153846 -0.24
-0.2307692 -0.1153846 -0.28
-0.2307692 -0.1153846 -0.28
-0.1923077 -0.1153846 -0.32
-0.1538462 -0.1538462 -0.36
-0.07692308 -0.1153846 -0.4
0 -0.07692308 -0.48
0.1153846 0 -0.52
0.1923077 0.07692308 -0.6
0.3461539 0.1923077 -0.72
0.5 0.2307692 -0.76
0.5769231 0.2692308 -0.84
0.6538461 0.2692308 -0.84
0.6923077 0.2692308 -0.84
0.7307692 0.3076923 -0.8
0.7692308 0.3846154 -0.76
0.7692308 0.4230769 -0.68
0.8461539 0.5 -0.64
0.9230769 0.5384616 -0.56
0.9615384 0.5769231 -0.48
0.9615384 0.6153846 -0.4
1.038462 0.6923077 -0.36
1.076923 0.8076923 -0.32
1.115385 0.8846154 -0.28
1.192308 0.9615384 -0.2
1.269231 1.038462 -0.08
1.307692 1.115385 0.12
1.346154 1.115385 0.32
1.307692 1.153846 0.56
1.269231 1.153846 0.64
1.307692 1.115385 0.6
1.346154 1.153846 0.56
1.461538 1.269231 0.56
1.5 1.384615 0.72
1.538462 1.461538 0.88
1.538462 1.538462 1
1.5 1.615385 1.08
1.423077 1.653846 1.08
1.346154 1.576923 1.08
1.269231 1.538462 1.08
1.153846 1.5 1.12
1.076923 1.5 1.24
0.9230769 1.5 1.44
0.8461539 1.461538 1.56
0.7307692 1.461538 1.68
0.6153846 1.384615 1.8
0.5384616 1.269231 1.8
0.4615385 1.192308 1.72
0.3846154 1.153846 1.64
0.3461539 1.115385 1.52
0.3076923 1.076923 1.44
0.2307692 1.038462 1.52
0.1923077 1 1.6
0.1923077 1 1.64
0.2307692 1.038462 1.72
0.2692308 1.076923 1.8
0.2692308 1.076923 1.8
0.2307692 1.076923 1.8
0.1538462 1 1.84
0.07692308 0.9615384 1.8
-0.03846154 0.9230769 1.8
-0.1153846 0.8461539 1.8
-0.1538462 0.8076923 1.72
-0.1538462 0.7692308 1.6
-0.1153846 0.7692308 1.52
-0.1153846 0.7307692 1.44
-0.07692308 0.6923077 1.32
-0.03846154 0.6923077 1.16
-0.03846154 0.6923077 1
-0.07692308 0.6538461 0.92
-0.07692308 0.6153846 0.96
-0.07692308 0.6153846 1
-0.07692308 0.5769231 0.92
0 0.5769231 0.92
0 0.5769231 0.92
0 0.5769231 0.96
