0.3461539 0.5 0.88
0.3461539 0.5 0.88
0.3461539 0.5 0.88
0.3461539 0.5 0.96
0.3461539 0.5 0.96
0.3461539 0.5 0.96
0.3461539 0.5 0.96
0.3461539 0.5 0.96
0.3461539 0.5 0.96
0.3461539 0.5 0.96
0.3461539 0.5 0.96
0.3461539 0.5 0.96
0.3846154 0.5 1.04
0.3461539 0.5 1.2
0.1538462 0.4230769 1.44
0 0.4230769 1.8
-0.03846154 0.4230769 2.24
0.03846154 0.5 2.6
0.1923077 0.6153846 2.84
0.2692308 0.6538461 2.92
0.2692308 0.6153846 3
0.1538462 0.5769231 3.12
0.1538462 0.5769231 3.2
0.2692308 0.6538461 3.2
0.3461539 0.7692308 3.28
0.3076923 0.8461539 3.48
0.2307692 1.038462 3.64
0.1538462 1.192308 3.56
0.1923077 1.346154 3.28
0.1538462 1.384615 2.96
0.1153846 1.384615 2.52
0.07692308 1.384615 2.04
0.1153846 1.346154 1.64
0.1538462 1.307692 1.28
0.1538462 1.192308 1
0.1538462 1.115385 0.8
0.07692308 0.9615384 0.6
-0.07692308 0.8461539 0.36
-0.1538462 0.7692308 0.2
-0.1923077 0.7307692 0.16
-0.1923077 0.6153846 0.12
-0.1153846 0.5769231 -0.04
-0.07692308 0.5384616 -0.12
-0.07692308 0.5 -0.24
-0.07692308 0.4615385 -0.24
-0.07692308 0.4230769 -0.24
0 0.4230769 -0.24
0.03846154 0.3461539 -0.28
0.03846154 0.2692308 -0.32
-0.03846154 0.1538462 -0.4
-0.1153846 0.03846154 -0.48
-0.1538462 -0.03846154 -0.52
-0.2307692 -0.1153846 -0.48
-0.2307692 -0.1538462 -0.48
-0.2307692 -0.1538462 -0.52
-0.2307692 -0.2307692 -0.48
-0.2307692 -0.2692308 -0.44
-0.1538462 -0.2692308 -0.44
-0.1538462 -0.3076923 -0.44
-0.1538462 -0.3461539 -0.36
-0.1153846 -0.3461539 -0.24
-0.1153846 -0.3461539 -0.08
-0.07692308 -0.3461539 0
-0.07692308 -0.3846154 0.12
-0.1153846 -0.4230769 0.24
-0.2307692 -0.4615385 0.28
-0.3461539 -0.5 0.28
-0.4230769 -0.5384616 0.4
-0.4615385 -0.5384616 0.52
-0.5 -0.5384616 0.6
-0.5384616 -0.5 0.64
-0.5769231 -0.5 0.64
-0.6923077 -0.5384616 0.64
-0.8461539 -0.5769231 0.72
-1 -0.5769231 0.8
-1.192308 -0.5769231 0.88
-1.346154 -0.5769231 0.88
-1.423077 -0.5769231 0.8
-1.423077 -0.5384616 0.68
-1.346154 -0.5 0.44
-1.307692 -0.3846154 0.32
-1.115385 -0.2307692 0.2
-0.8461539 -0.1153846 0.16
-0.5384616 0.03846154 0.24
-0.2307692 0.1923077 0.32
0.07692308 0.3076923 0.52
0.3076923 0.3076923 0.72
0.5 0.2692308 0.96
0.6153846 0.2692308 0.96
0.8461539 0.2307692 0.84
1.153846 0.1923077 0.96
1.5 0.1538462 0.88
1.692308 0.1538462 0.76
1.730769 0.1153846 0.72
1.615385 0 0.76
1.384615 -0.07692308 0.92
1.076923 -0.1923077 1.04
0.8076923 -0.2692308 1.12
0.6153846 -0.3076923 1.24
0.5 -0.3076923 1.28
0.5 -0.2307692 1.24
0.5769231 -0.1538462 1.2
0.5769231 -0.07692308 1.2
0.5 -0.07692308 1.2
0.4615385 -0.07692308 1.24
0.4615385 -0.07692308 1.2
0.4615385 -0.03846154 1.2
0.4230769 -0.03846154 1.16
0.3846154 -0.03846154 1.08
0.3076923 -0.03846154 1
0.2692308 -0.07692308 0.96
0.2307692 -0.1153846 0.92
0.2307692 -0.1153846 0.92
0.2692308 -0.07692308 0.92
0.3461539 -0.03846154 0.88
0.3076923 -0.07692308 0.84
0.2307692 -0.03846154 0.8
0.1538462 -0.03846154 0.76
0.1153846 -0.03846154 0.72
0.1153846 0.03846154 0.68
0.1538462 0.1153846 0.6
0.1923077 0.1538462 0.52
0.2307692 0.1923077 0.48
0.2692308 0.2307692 0.48
0.2692308 0.2692308 0.48
0.2307692 0.2692308 0.4
0.1923077 0.2692308 0.32
0.2307692 0.2692308 0.2
0.2692308 0.1923077 0
0.2692308 0.1153846 -0.24
0.3076923 0.03846154 -0.44
0.3846154 0 -0.52
0.3461539 0 -0.56
0.1538462 0.07692308 -0.44
0.07692308 0.1538462 -0.2
0.1923077 0.3076923 0.12
0.5769231 0.5769231 0.56
1 0.8461539 0.92
1.269231 1.076923 1.12
1.192308 1.153846 1.36
0.9615384 1.192308 1.72
0.7692308 1.230769 2.08
0.6153846 1.269231 2.48
0.4615385 1.192308 2.84
0.2692308 1.038462 2.96
0.1923077 0.9230769 2.84
0.1923077 0.8461539 2.52
0.1153846 0.8076923 2.2
-0.07692308 0.7307692 2.04
-0.3461539 0.6923077 2
-0.5769231 0.6153846 2.08
-0.6153846 0.5384616 2.08
-0.6538461 0.5769231 1.92
-0.7692308 0.5 1.68
-0.7692308 0.5 1.68
-0.8076923 0.5 1.52
-0.9615384 0.4230769 1.44
-1.038462 0.3846154 1.44
-1.076923 0.3461539 1.48
-1 0.3461539 1.48
-0.8846154 0.3846154 1.44
-0.6923077 0.4230769 1.36
-0.5769231 0.5 1.24
-0.5384616 0.5384616 1.12
-0.5 0.5384616 1
-0.4230769 0.5769231 1
-0.3846154 0.5769231 1
-0.3461539 0.5769231 1.04
-0.3076923 0.5384616 1.04
-0.2692308 0.5769231 1
-0.1923077 0.5769231 1.04
-0.1923077 0.5384616 1.04
-0.1538462 0.5384616 1
-0.07692308 0.5384616 1
-0.03846154 0.5 0.88
0 0.4615385 0.84
0 0.4230769 0.8
0 0.3846154 0.8
0 0.3461539 0.84
0 0.3846154 0.84
0.07692308 0.4230769 0.88
0.1153846 0.4230769 0.88
0.1153846 0.4230769 0.84
0.1153846 0.4230769 0.84
0.1153846 0.4230769 0.8
0.1538462 0.4230769 0.76
0.1923077 0.4230769 0.76
0.1923077 0.4230769 0.72
0.2692308 0.4615385 0.68
0.3076923 0.4615385 0.68
0.3461539 0.4230769 0.72
0.4230769 0.4230769 0.72
0.5 0.4230769 0.72
0.5384616 0.4230769 0.72
0.7307692 0.4615385 0.64
0.7307692 0.4615385 0.64
0.8076923 0.4615385 0.68
0.9230769 0.4615385 0.72
1.038462 0.4615385 0.8
1.153846 0.5384616 0.84
1.230769 0.6153846 0.96
1.230769 0.6923077 1.04
1.230769 0.8076923 1.08
1.153846 0.9230769 1.08
0.9615384 0.8846154 1.08
0.6923077 0.8461539 1.16
0.3846154 0.7307692 1.2
0.03846154 0.6923077 1.16
-0.1923077 0.6153846 1.2
-0.3461539 0.6153846 1.28
-0.5 0.6153846 1.4
-0.5769231 0.6538461 1.52
-0.6538461 0.6538461 1.52
-0.7307692 0.6153846 1.48
-0.7692308 0.5769231 1.44
-0.8461539 0.5384616 1.32
-0.9615384 0.4615385 1.2
-2.230769 0.1153846 1.44
-3.461539 -0.5769231 2.04
-2.153846 -0.3461539 1.28
-0.9615384 0.2307692 0.64
-0.03846154 0.9615384 0.16
0.3461539 1.115385 0.2
0.07692308 0.6923077 0.72
-0.3461539 0.4230769 1.08
-0.5769231 0.3076923 1.04
-0.4230769 0.2692308 0.76
-0.1923077 0.3461539 0.68
0 0.3846154 0.76
