0.7307692 0.2692308 0.6
0.7307692 0.2692308 0.6
0.7307692 0.2692308 0.6
0.7692308 0.3846154 0.68
0.7692308 0.3846154 0.68
0.7692308 0.3846154 0.68
0.7692308 0.3846154 0.68
0.7692308 0.3846154 0.68
0.7692308 0.3846154 0.68
0.7692308 0.3846154 0.68
0.7692308 0.3846154 0.68
0.8076923 0.5384616 0.8
0.8076923 0.5384616 0.8
0.8076923 0.6538461 1
0.7307692 0.6923077 1.2
0.5384616 0.6153846 1.36
0.3461539 0.5 1.44
0.07692308 0.4230769 1.44
-0.07692308 0.3461539 1.36
-0.1153846 0.3461539 1.32
-0.2307692 0.3076923 1.28
-0.3076923 0.2692308 1.24
-0.3846154 0.2692308 1.2
-0.4230769 0.2692308 1.2
-0.3846154 0.3076923 1.2
-0.3846154 0.2692308 1.2
-0.3846154 0.2692308 1.24
-0.3461539 0.2307692 1.2
-0.3076923 0.1538462 1.2
-0.1923077 0.1538462 1.16
0.07692308 0.1923077 1.16
0.4230769 0.2692308 1.2
0.7307692 0.3076923 1.12
1.076923 0.4230769 1
1.384615 0.5769231 0.84
1.692308 0.8076923 0.76
1.961538 1.038462 0.76
2.076923 1.230769 0.8
2.076923 1.346154 0.84
1.884615 1.384615 0.92
1.692308 1.346154 1
1.384615 1.307692 1.12
1.153846 1.192308 1.16
0.9230769 1.076923 1.16
0.7307692 1 1.12
0.6153846 0.8461539 1.12
0.5 0.8076923 1.16
0.3846154 0.8461539 1.2
0.2692308 0.8461539 1.28
0.03846154 0.8076923 1.24
-0.1923077 0.7307692 1.16
-0.3461539 0.6538461 1.08
-0.4615385 0.6153846 1
-0.5769231 0.6153846 1
-0.6153846 0.5769231 0.96
-0.6538461 0.5769231 0.84
-0.6538461 0.5769231 0.84
-0.6538461 0.6153846 0.88
-0.6153846 0.6153846 0.84
-0.6538461 0.5769231 0.8
-0.8461539 0.5769231 0.72
-0.9230769 0.5769231 0.68
-0.8846154 0.6153846 0.76
-0.8076923 0.6538461 0.96
-0.8076923 0.6538461 1.12
-0.8846154 0.5769231 1.12
-0.9230769 0.5 1.08
-0.8846154 0.4230769 1.04
-0.8076923 0.3846154 1.04
-0.6153846 0.3461539 1.08
-0.4615385 0.3076923 1.04
-0.3846154 0.2692308 1.08
-0.3461539 0.2307692 1.12
-0.3076923 0.1923077 1.12
-0.2692308 0.1923077 1.16
-0.2307692 0.1538462 1.16
-0.2307692 0.07692308 1.12
-0.2307692 0.07692308 1.08
-0.1923077 0.03846154 1.04
-0.1153846 0.07692308 1
-0.07692308 0.1153846 0.92
-0.03846154 0.1153846 0.88
-0.03846154 0.1538462 0.88
0.03846154 0.1923077 0.88
0.07692308 0.2307692 0.92
0.07692308 0.2307692 0.88
0.07692308 0.1923077 0.88
0.07692308 0.1538462 0.84
0.07692308 0.1538462 0.84
0.07692308 0.1153846 0.88
0.03846154 0.1153846 0.92
0 0.1153846 1
0 0.07692308 1
0 0.1153846 1.08
0 0.1538462 1.12
0.07692308 0.1538462 1.16
0.07692308 0.1923077 1.12
0.07692308 0.1923077 1.08
0.03846154 0.2692308 1.08
0 0.2307692 1.08
0 0.2307692 1.08
0 0.2307692 1.08
0 0.2307692 1.08
0 0.2307692 1.12
0.07692308 0.2307692 1.12
0.1923077 0.2307692 1.16
0.2692308 0.2692308 1.16
0.3076923 0.2692308 1.04
0.3846154 0.2692308 0.88
0.3846154 0.3076923 0.84
0.3461539 0.2692308 0.88
