0.6153846 0.5769231 0.96
0.6153846 0.5769231 0.96
0.6153846 0.5769231 0.96
0.6153846 0.5769231 0.96
0.6153846 0.5769231 0.96
0.6153846 0.5769231 0.96
0.6153846 0.5769231 0.96
0.6153846 0.5769231 0.96
0.6153846 0.5769231 1
0.6153846 0.5769231 1
0.6153846 0.5769231 1
0.6153846 0.5769231 1
0.6153846 0.6153846 1.16
0.5769231 0.6153846 1.36
0.5 0.6153846 1.52
0.4230769 0.5769231 1.6
0.2692308 0.5769231 1.72
0.1538462 0.5769231 1.8
0.07692308 0.5769231 1.92
0 0.5769231 2.08
-0.07692308 0.5384616 2.12
-0.1538462 0.5384616 2.2
-0.2692308 0.5 2.28
-0.3461539 0.5 2.4
-0.3461539 0.5769231 2.48
-0.3076923 0.6538461 2.6
-0.3846154 0.7307692 2.68
-0.4615385 0.7692308 2.72
-0.6153846 0.7692308 2.6
-0.7692308 0.7307692 2.4
-0.8846154 0.7307692 2.2
-0.9230769 0.6923077 2.04
-0.9230769 0.6923077 1.84
-0.8076923 0.6538461 1.64
-0.6538461 0.6538461 1.44
-0.5 0.7307692 1.36
-0.3846154 0.7692308 1.24
-0.3461539 0.7692308 1.16
-0.4230769 0.7307692 1.12
-0.5384616 0.6923077 1.12
-0.6153846 0.6538461 1.12
-0.6923077 0.5769231 1.04
-0.7307692 0.5384616 0.96
-0.7307692 0.5 0.88
-0.6538461 0.4615385 0.76
-0.6153846 0.4230769 0.68
-0.5769231 0.3461539 0.68
-0.5769231 0.3076923 0.6
-0.6153846 0.2692308 0.56
-0.6538461 0.1923077 0.52
-0.6153846 0.1923077 0.44
-0.6153846 0.1923077 0.4
-0.5769231 0.1538462 0.4
-0.5769231 0.1538462 0.44
-0.5 0.1538462 0.4
-0.5 0.1538462 0.36
-0.4615385 0.1153846 0.32
-0.4615385 0.1153846 0.24
-0.4615385 0.1153846 0.2
-0.3846154 0.1153846 0.16
-0.3461539 0.1153846 0.12
-0.3461539 0.1153846 0.08
-0.3076923 0.1153846 0
-0.2692308 0.1153846 0
-0.1923077 0.1153846 -0.04
-0.1538462 0.1153846 -0.04
-0.1153846 0.1153846 -0.04
-0.03846154 0.1153846 -0.04
0 0.1153846 -0.04
0.03846154 0.07692308 -0.08
0.07692308 0.03846154 -0.16
0.07692308 0 -0.2
0.07692308 -0.03846154 -0.24
0.07692308 -0.07692308 -0.28
0.07692308 -0.03846154 -0.28
0.07692308 -0.07692308 -0.28
0.1153846 -0.07692308 -0.32
0.07692308 -0.1153846 -0.32
0.03846154 -0.1153846 -0.32
0.03846154 -0.1538462 -0.36
0.07692308 -0.1153846 -0.4
0.1538462 -0.1153846 -0.4
0.1923077 -0.1153846 -0.4
0.2692308 -0.1153846 -0.4
0.3076923 -0.1153846 -0.4
0.3461539 -0.07692308 -0.4
0.4615385 0 -0.36
0.5769231 0.03846154 -0.28
0.6538461 0.1153846 -0.2
0.7692308 0.1923077 -0.12
0.8846154 0.2692308 0
1.038462 0.3076923 0.08
1.115385 0.3076923 0.12
1.192308 0.3846154 0.16
1.230769 0.4230769 0.16
1.192308 0.4615385 0.24
1.192308 0.5 0.32
1.230769 0.5 0.4
1.269231 0.5384616 0.44
1.269231 0.5 0.44
1.269231 0.5384616 0.56
1.269231 0.5769231 0.68
1.230769 0.5769231 0.84
1.115385 0.5769231 1
1.076923 0.6153846 1.08
1.115385 0.6153846 1.12
1.115385 0.6153846 1.2
1.076923 0.6538461 1.28
1.038462 0.6538461 1.36
0.9615384 0.6538461 1.36
0.9230769 0.6923077 1.28
0.9615384 0.7692308 1.2
1 0.8076923 1.24
0.9230769 0.8076923 1.4
0.8461539 0.8461539 1.48
0.7692308 0.8846154 1.52
0.6923077 0.9230769 1.52
0.5769231 0.9230769 1.56
0.4230769 0.9230769 1.52
0.3461539 0.9230769 1.44
0.3076923 0.9615384 1.36
0.2692308 1 1.36
0.2307692 1.038462 1.36
0.1538462 1.076923 1.44
0.03846154 1.038462 1.52
-0.1153846 1.038462 1.64
-0.1923077 1 1.64
-0.2307692 1.076923 1.6
-0.1538462 1.076923 1.56
-0.1538462 1.076923 1.56
-0.1538462 1.038462 1.6
-0.1538462 1 1.6
-0.2307692 0.9230769 1.6
-0.2692308 0.8461539 1.64
-0.3461539 0.8076923 1.68
-0.4230769 0.7692308 1.68
-0.4615385 0.6923077 1.64
-0.5 0.6923077 1.6
-0.5384616 0.6923077 1.64
-0.5 0.6538461 1.64
-0.5384616 0.6153846 1.56
-0.5 0.5769231 1.44
-0.5 0.6153846 1.28
-0.5 0.5769231 1.2
-0.5 0.5769231 1.12
-0.4615385 0.5769231 1.04
-0.3461539 0.6153846 1
-0.2692308 0.6153846 1.04
-0.2307692 0.6153846 1.08
-0.2692308 0.5769231 1.12
-0.3461539 0.5 1.12
-0.3846154 0.4615385 1.12
-0.3461539 0.4230769 1.12
-0.2692308 0.4230769 1.04
-0.1538462 0.4615385 1
-0.07692308 0.4615385 0.96
0.03846154 0.5 0.96
0.07692308 0.5384616 0.88
0.1538462 0.5769231 0.84
0.1923077 0.5769231 0.84
0.1538462 0.5384616 0.84
0.03846154 0.4615385 0.84
0 0.4230769 0.92
0 0.3846154 1
0 0.3846154 0.96
0.1153846 0.3461539 0.72
0.1538462 0.4615385 0.56
