1384250009969 99250531021888 2014131000000 8.274362 -5.056554 2.298434
1384250010079 99250641281898 2014241000000 8.887277 -4.596867 2.758120
1384250010199 99250761154945 2014351000000 15.016433 -3.830723 9.040505
1384250010285 99250847336585 2014461000000 21.145590 -9.193734 16.548723
1384250010398 99250960587317 2014571000000 15.629349 -14.250289 4.137181
1384250010509 99251071762855 2014681000000 1.225831 -0.153229 -6.282385
1384250010620 99251182358558 2014791000000 0.766145 2.298434 -4.750096
1384250010733 99251295182044 2014901000000 -0.306458 3.524265 -2.911349
1384250010845 99251406967933 2015011000000 5.056554 0.306458 -1.532289
1384250010954 99251516678626 2015121000000 20.685904 -10.266337 8.427590
1384250011066 99251628861243 2015231000000 18.847157 -14.097059 18.234240
1384250011177 99251739548499 2015341000000 12.564771 -5.209783 17.774553
1384250011288 99251850266273 2015451000000 8.427590 -4.750096 -0.919373
1384250011399 99251961869056 2015561000000 10.266337 -1.379060 5.516241
1384250011510 99252072525794 2015671000000 9.193734 -3.064578 3.217807
1384250011622 99252184281165 2015781000000 9.653421 0.766145 3.524265
