1384250013396 99253958206946 2017561000000 8.274362 -5.209783 1.991976
1384250013507 99254068924720 2017671000000 9.040505 -5.209783 2.451663
1384250013618 99254180252845 2017781000000 16.395493 -5.516241 11.492168
1384250013714 99254276444251 2017891000000 25.589228 -13.484144 16.855181
1384250013825 99254387894446 2018001000000 10.266337 -10.879252 0.000000
1384250013937 99254498978431 2018111000000 3.217807 -1.072602 -6.129157
1384250014048 99254610153968 2018221000000 0.459687 2.145205 -7.508216
1384250014159 99254721237952 2018331000000 -0.459687 4.290410 -4.137181
1384250014269 99254831864173 2018441000000 6.129157 -1.225831 0.000000
1384250014381 99254943833167 2018551000000 23.597252 -17.621325 8.580819
1384250014493 99255055435950 2018661000000 18.847157 -15.782578 13.484144
1384250014605 99255167740638 2018771000000 10.266337 4.596867 1.225831
1384250014715 99255277664954 2018881000000 9.346964 1.072602 4.443638
1384250014827 99255388962562 2018991000000 9.193734 -3.983952 0.153229
1384250014937 99255499588782 2019101000000 9.346964 -3.064578 2.145205
1384250015049 99255611130530 2019211000000 8.734048 -3.983952 4.443638
