1384250016735 99257297348792 2020901000000 9.193734 -4.750096 2.298434
1384250016848 99257410050208 2021011000000 10.266337 -3.830723 3.524265
1384250016960 99257522171790 2021121000000 17.927782 -5.669470 14.097059
1384250017071 99257632981116 2021231000000 23.137566 -15.322891 11.185710
1384250017182 99257744644935 2021341000000 12.105083 -10.572795 -2.145205
1384250017293 99257855881507 2021451000000 -0.153229 2.298434 -5.056554
1384250017405 99257967331702 2021561000000 -1.991976 3.371036 -4.750096
1384250017530 99258092362220 2021671000000 1.072602 3.217807 -3.371036
1384250017616 99258178513343 2021781000000 8.734048 -2.145205 -1.838747
1384250017728 99258290055091 2021891000000 25.895685 -17.161638 11.951855
1384250017839 99258401291663 2022001000000 17.468096 -11.032481 14.250289
1384250017954 99258516007240 2022111000000 7.201759 -2.451663 3.677494
1384250018065 99258627213294 2022221000000 10.113108 0.000000 5.975927
1384250018176 99258738480384 2022331000000 9.040505 -3.371036 1.838747
1384250018287 99258849564368 2022441000000 7.201759 -3.677494 3.371036
1384250018386 99258948014075 2022551000000 8.734048 -2.298434 2.758120
