1384855452917 28196042903837 723130000000 7.048530 -4.596867 7.048530
1384855453026 28196151943144 723240000000 6.282385 -4.290410 7.508216
1384855453115 28196241634306 723350000000 9.806650 -10.419566 17.314867
1384855453228 28196354244170 723460000000 11.338940 -4.596867 12.717999
1384855453351 28196476833281 723570000000 6.895301 -1.225831 7.048530
1384855453464 28196589748320 723680000000 2.604892 1.072602 4.596867
1384855453562 28196687770781 723790000000 -0.612916 1.532289 1.225831
1384855453674 28196799770293 723900000000 -3.830723 1.685518 -1.532289
1384855453790 28196916072783 724010000000 -4.137181 -2.298434 -1.072602
1384855453893 28197019435820 724120000000 -1.532289 -6.588843 0.153229
1384855453995 28197120784697 724230000000 -0.766145 -10.726024 1.532289
1384855454123 28197249416289 724340000000 7.354988 -12.105083 7.201759
1384855454222 28197348537382 724450000000 8.887277 -12.258313 6.435614
1384855454329 28197454891142 724560000000 15.016433 -7.048530 11.798626
1384855454444 28197570217070 724670000000 10.726024 -5.516241 7.354988
1384855454586 28197712093291 724780000000 9.346964 -1.532289 6.282385
1384855454646 28197772029814 724890000000 6.588843 -4.290410 6.588843
1384855454758 28197884334502 725000000000 5.669470 -5.822699 6.435614
1384855454871 28197996883330 725110000000 5.669470 -4.750096 6.435614
1384855454995 28198121364531 725220000000 6.129157 -9.346964 7.201759
1384855455108 28198234523711 725330000000 6.435614 -4.290410 7.048530
1384855455212 28198337856230 725440000000 6.129157 -4.903325 6.435614
