-0.3846154 -0.4230769 -0.04
-0.3846154 -0.4230769 -0.04
-0.3846154 -0.4230769 -0.04
-0.3846154 -0.4230769 -0.04
-0.3846154 -0.4230769 -0.04
-0.3846154 -0.4230769 -0.04
-0.3846154 -0.3846154 -0.08
-0.3846154 -0.3846154 -0.08
-0.3846154 -0.3846154 -0.08
-0.3846154 -0.3846154 -0.08
-0.3846154 -0.3846154 -0.08
-0.3846154 -0.3846154 -0.08
-0.4230769 -0.4230769 -0.12
-0.5 -0.5 -0.12
-0.5769231 -0.5384616 -0.12
-0.6923077 -0.5769231 -0.16
-0.7692308 -0.5769231 -0.12
-0.7692308 -0.5384616 -0.08
-0.7692308 -0.4615385 -0.08
-0.7692308 -0.4230769 -0.08
-0.7692308 -0.3846154 -0.04
-0.7692308 -0.3846154 0
-0.7307692 -0.3461539 0.04
-0.6923077 -0.3461539 0.04
-0.6923077 -0.3076923 0
-0.7692308 -0.3076923 0
-0.8461539 -0.3076923 0.04
-0.8846154 -0.2692308 0.04
-0.8076923 -0.2692308 0.04
-0.7692308 -0.1923077 0.12
-0.6538461 -0.1538462 0.16
-0.6538461 -0.1538462 0.24
-0.7307692 -0.1923077 0.24
-0.7692308 -0.2307692 0.16
-0.8461539 -0.2692308 0.16
-0.8846154 -0.2692308 0.2
-0.8846154 -0.2307692 0.28
-0.8461539 -0.1923077 0.44
-0.8076923 -0.1153846 0.6
-0.7692308 -0.07692308 0.72
-0.7307692 -0.07692308 0.84
-0.6538461 -0.07692308 0.92
-0.7307692 -0.1538462 1.12
-0.7692308 -0.1923077 1.32
-0.8076923 -0.2307692 1.48
-0.8076923 -0.1923077 1.56
-0.7692308 -0.1923077 1.64
-0.6923077 -0.1923077 1.68
-0.5384616 -0.1538462 1.72
-0.3076923 -0.07692308 1.8
-0.1538462 -0.07692308 1.8
-0.03846154 -0.07692308 1.76
0.07692308 -0.03846154 1.72
0.1538462 -0.03846154 1.68
0.1923077 -0.03846154 1.64
0.2692308 -0.03846154 1.56
0.3461539 -0.07692308 1.48
0.4230769 -0.03846154 1.4
0.5 -0.03846154 1.36
0.5 -0.03846154 1.32
0.4230769 -0.03846154 1.28
0.3846154 -0.03846154 1.28
0.3461539 -0.03846154 1.24
0.3076923 -0.03846154 1.24
0.2692308 -0.03846154 1.2
0.1923077 -0.03846154 1.16
0.1538462 -0.03846154 1.08
0.1153846 0 1.04
0.1923077 0 0.92
0.1923077 0 0.88
0.2307692 0.03846154 0.84
0.1923077 0.07692308 0.8
0.1923077 0.07692308 0.72
0.1923077 0.1153846 0.68
0.1923077 0.1538462 0.64
0.1538462 0.1923077 0.72
0.07692308 0.1538462 0.76
0.03846154 0.1923077 0.8
0.03846154 0.2307692 0.72
0 0.2692308 0.72
-0.03846154 0.2692308 0.72
-0.07692308 0.3076923 0.72
-0.07692308 0.3461539 0.72
-0.1538462 0.3461539 0.76
-0.2307692 0.3461539 0.8
-0.3076923 0.4230769 0.88
-0.3461539 0.4615385 0.88
-0.4230769 0.5 0.92
-0.6153846 0.5 1
-0.7307692 0.5 1.08
-0.8461539 0.5 1.04
-0.9230769 0.5 1.04
-1 0.4615385 1.08
-1.076923 0.4230769 1.08
-1.115385 0.4615385 1.12
-1.115385 0.4615385 1.12
-1.153846 0.4615385 1.12
-1.192308 0.4230769 1.12
-1.269231 0.3461539 1.16
-1.307692 0.3076923 1.12
-1.269231 0.3076923 1.04
-1.230769 0.3461539 0.92
-1.192308 0.3461539 0.88
-1.153846 0.3461539 0.88
-1.076923 0.3461539 0.84
-1.038462 0.3846154 0.8
-1.038462 0.3076923 0.84
-1.076923 0.2692308 0.84
-1.076923 0.2692308 0.8
-1.038462 0.2692308 0.76
-0.9615384 0.2692308 0.76
-0.9230769 0.3076923 0.76
-0.8846154 0.3461539 0.8
-0.8461539 0.3846154 0.92
-0.8461539 0.3846154 0.92
-0.8076923 0.3461539 0.92
-0.7692308 0.3461539 0.92
-0.7307692 0.3461539 0.88
-0.6538461 0.3461539 0.84
-0.6153846 0.3461539 0.84
-0.5384616 0.3461539 0.8
-0.5 0.3461539 0.76
-0.5 0.3461539 0.76
-0.4615385 0.3076923 0.8
-0.4615385 0.3076923 0.8
-0.4230769 0.3076923 0.8
-0.4230769 0.3076923 0.8
-0.4230769 0.3076923 0.76
-0.4230769 0.2692308 0.76
