-0.2692308 -0.2692308 0.04
-0.2692308 -0.2692308 0.04
-0.2692308 -0.2692308 0.04
-0.2692308 -0.2692308 0.04
-0.2692308 -0.2692308 0.04
-0.2307692 -0.2692308 0.04
-0.2307692 -0.2692308 0.04
-0.2307692 -0.2692308 0.04
-0.2307692 -0.2692308 0.04
-0.2307692 -0.2692308 0.04
-0.2307692 -0.2692308 0.04
-0.2692308 -0.3461539 0.08
-0.3076923 -0.4230769 0.08
-0.4615385 -0.5769231 0.04
-0.5769231 -0.6923077 0
-0.6153846 -0.6923077 -0.08
-0.5769231 -0.6923077 -0.12
-0.5384616 -0.6538461 -0.08
-0.5384616 -0.5769231 -0.04
-0.5 -0.5384616 0.04
-0.5384616 -0.5 0.08
-0.5384616 -0.4230769 0.16
-0.5384616 -0.4230769 0.2
-0.5384616 -0.3846154 0.24
-0.5 -0.3461539 0.28
-0.5 -0.3461539 0.36
-0.4615385 -0.3076923 0.4
-0.4230769 -0.2692308 0.36
-0.4230769 -0.3076923 0.4
-0.4615385 -0.3461539 0.44
-0.5 -0.3846154 0.48
-0.5 -0.4230769 0.56
-0.4230769 -0.4230769 0.6
-0.3076923 -0.3846154 0.64
-0.2307692 -0.3461539 0.72
-0.1923077 -0.2692308 0.8
-0.1153846 -0.2307692 0.88
-0.07692308 -0.2307692 1
-0.03846154 -0.2307692 1.08
0.03846154 -0.2692308 1.16
0.1153846 -0.2692308 1.2
0.2307692 -0.2307692 1.28
0.3461539 -0.1538462 1.32
0.5 -0.07692308 1.4
0.5384616 -0.07692308 1.52
0.5769231 -0.07692308 1.6
0.5384616 -0.1153846 1.64
0.5384616 -0.1538462 1.64
0.5 -0.1923077 1.64
0.5 -0.2307692 1.6
0.5384616 -0.1923077 1.56
0.5769231 -0.1923077 1.52
0.6153846 -0.1538462 1.52
0.6538461 -0.1538462 1.48
0.6538461 -0.1538462 1.44
0.6923077 -0.1538462 1.36
0.6538461 -0.1538462 1.28
0.6538461 -0.1923077 1.24
0.6153846 -0.1923077 1.2
0.6153846 -0.1538462 1.12
0.6153846 -0.1538462 1.04
0.5769231 -0.1538462 1
0.5769231 -0.1153846 0.96
0.6153846 -0.07692308 0.96
0.6538461 -0.03846154 0.92
0.6923077 0 0.84
0.6923077 0 0.8
0.6538461 -0.03846154 0.76
0.6153846 -0.03846154 0.76
0.6153846 -0.03846154 0.72
0.6153846 0 0.64
0.5769231 0 0.6
0.5769231 0.03846154 0.64
0.5384616 0.07692308 0.68
0.5384616 0.07692308 0.72
0.5384616 0.1153846 0.72
0.5384616 0.1538462 0.76
0.5384616 0.1923077 0.76
0.5384616 0.1923077 0.76
0.5 0.2307692 0.76
0.4230769 0.2307692 0.8
0.3846154 0.2692308 0.8
0.3461539 0.2692308 0.8
0.3461539 0.2692308 0.8
0.3461539 0.3076923 0.8
0.4230769 0.3846154 0.76
0.3461539 0.3461539 0.8
0.2692308 0.3461539 0.84
0.1538462 0.3076923 0.88
0.1153846 0.3076923 0.88
0.07692308 0.3461539 0.84
0.07692308 0.4230769 0.76
0.07692308 0.5 0.76
0 0.5769231 0.88
-0.1538462 0.6153846 1.04
-0.2307692 0.5769231 1.08
-0.3076923 0.6153846 1.04
-0.3461539 0.5769231 1.04
-0.3846154 0.6153846 1
-0.4230769 0.6538461 1
-0.5 0.6538461 1.16
-0.5769231 0.6153846 1.24
-0.6538461 0.6153846 1.24
-0.7307692 0.5769231 1.24
-0.7307692 0.5769231 1.24
-0.7307692 0.5769231 1.24
-0.7307692 0.5769231 1.2
-0.8846154 0.5384616 1.28
-1.538462 0.4615385 1.52
-1.115385 0.3461539 1.4
-0.9615384 0.5 1.32
-0.9230769 0.4230769 1.4
-0.8846154 0.4615385 1.44
-0.7692308 0.5 1.4
-0.6923077 0.5 1.36
-0.6538461 0.4615385 1.36
-0.6538461 0.4230769 1.32
-0.5769231 0.4230769 1.2
-0.4615385 0.4230769 1.12
-0.3846154 0.4230769 1
-0.3076923 0.4230769 0.96
-0.1923077 0.4230769 0.88
-0.1153846 0.4615385 0.84
0 0.4615385 0.76
0.07692308 0.5 0.76
0.07692308 0.5 0.76
0.07692308 0.4615385 0.84
0.07692308 0.4615385 0.8
0.07692308 0.4615385 0.76
0.07692308 0.4615385 0.76
0.07692308 0.4615385 0.76
0.07692308 0.5 0.8
0.07692308 0.5 0.84
0.03846154 0.4615385 0.88
0 0.4615385 0.88
0 0.4230769 0.88
-0.03846154 0.4230769 0.92
-0.07692308 0.4230769 0.92
-0.07692308 0.4230769 0.92
-0.1153846 0.4230769 0.96
-0.1153846 0.4230769 0.96
-0.1153846 0.4230769 1
-0.1153846 0.4230769 1
-0.1153846 0.4230769 1.04
-0.1538462 0.3846154 1.04
-0.1538462 0.3846154 1.04
-0.1538462 0.3846154 1.04
-0.1538462 0.3846154 1
-0.1538462 0.3846154 0.96
-0.1538462 0.3846154 0.92
-0.1153846 0.3846154 0.88
-0.1153846 0.3846154 0.88
-0.1153846 0.3846154 0.88
