-0.1538462 -0.5769231 0.6
-0.1538462 -0.5769231 0.6
-0.1538462 -0.5769231 0.6
-0.1538462 -0.5769231 0.56
-0.1538462 -0.5769231 0.56
-0.1538462 -0.5769231 0.56
-0.1538462 -0.5769231 0.56
-0.1538462 -0.5769231 0.56
-0.1538462 -0.5769231 0.56
-0.1538462 -0.5769231 0.56
-0.1153846 -0.5769231 0.56
-0.1538462 -0.5769231 0.56
-0.1538462 -0.5384616 0.56
-0.1153846 -0.5 0.52
-0.1153846 -0.5 0.48
-0.1153846 -0.4615385 0.48
-0.07692308 -0.4230769 0.48
-0.03846154 -0.3846154 0.48
-0.03846154 -0.3461539 0.4
-0.03846154 -0.3076923 0.32
-0.07692308 -0.3076923 0.28
-0.03846154 -0.3076923 0.28
0 -0.2692308 0.28
0.03846154 -0.2307692 0.24
0.07692308 -0.1538462 0.2
0.07692308 -0.1153846 0.2
0.07692308 -0.1153846 0.16
0.07692308 -0.1153846 0.16
0 -0.1153846 0.2
-0.07692308 -0.1538462 0.24
-0.1538462 -0.1923077 0.24
-0.2307692 -0.1923077 0.24
-0.2307692 -0.1923077 0.24
-0.2307692 -0.1538462 0.24
-0.1923077 -0.1153846 0.24
-0.2307692 -0.1538462 0.24
-0.2692308 -0.1538462 0.28
-0.2692308 -0.1923077 0.36
-0.2692308 -0.1538462 0.4
-0.3076923 -0.1153846 0.44
-0.3461539 -0.1153846 0.48
-0.3846154 -0.07692308 0.48
-0.4230769 -0.07692308 0.52
-0.4615385 -0.07692308 0.56
-0.4615385 -0.07692308 0.6
-0.4615385 -0.07692308 0.64
-0.5 -0.07692308 0.68
-0.4615385 -0.07692308 0.68
-0.4615385 -0.03846154 0.68
-0.5 0 0.68
-0.5769231 0.07692308 0.76
-0.6538461 0.1153846 0.84
-0.7692308 0.1538462 1
-0.8461539 0.1538462 1.12
-0.8846154 0.1538462 1.16
-0.9230769 0.1923077 1.2
-0.9230769 0.2307692 1.16
-0.9615384 0.2307692 1.2
-0.9615384 0.2307692 1.2
-1 0.2307692 1.24
-1.038462 0.2307692 1.24
-1.076923 0.2307692 1.28
-1.115385 0.2307692 1.32
-1.153846 0.2307692 1.36
-1.115385 0.3076923 1.36
-1.076923 0.3461539 1.36
-1 0.4230769 1.28
-0.9615384 0.4230769 1.2
-0.9615384 0.4230769 1.24
-0.9615384 0.4230769 1.28
-0.9230769 0.4230769 1.32
-0.9230769 0.4230769 1.32
-0.9230769 0.4230769 1.32
-0.8846154 0.4230769 1.28
-0.8461539 0.3846154 1.24
-0.8461539 0.3846154 1.2
-0.8076923 0.3846154 1.08
-0.7692308 0.3846154 1
-0.7692308 0.3846154 0.92
-0.7692308 0.3461539 0.92
-0.7307692 0.3461539 0.96
-0.7307692 0.3461539 1
-0.7307692 0.3846154 0.96
-0.6923077 0.3846154 0.96
-0.6923077 0.3846154 0.92
-0.6923077 0.3846154 0.92
-0.6538461 0.3846154 0.88
-0.6538461 0.3846154 0.84
-0.6538461 0.3846154 0.8
-0.6538461 0.3461539 0.8
-0.6538461 0.3461539 0.8
-0.6538461 0.3846154 0.8
-0.6153846 0.3846154 0.76
-0.6153846 0.3846154 0.76
-0.6153846 0.3846154 0.76
-0.5769231 0.3846154 0.8
-0.5769231 0.4230769 0.8
-0.5769231 0.4230769 0.76
-0.5769231 0.4230769 0.76
-0.5769231 0.4230769 0.76
-0.5769231 0.4230769 0.76
-0.5769231 0.4230769 0.76
-0.5769231 0.4230769 0.76
-0.5769231 0.4230769 0.72
-0.5769231 0.4230769 0.72
-0.5384616 0.4230769 0.72
-0.5384616 0.4230769 0.72
-0.5384616 0.4230769 0.68
-0.5384616 0.4230769 0.68
-0.5384616 0.4230769 0.72
-0.5384616 0.3846154 0.72
-0.5384616 0.4230769 0.72
-0.5 0.4230769 0.72
-0.5 0.4230769 0.68
-0.5 0.4230769 0.68
-0.5 0.4230769 0.72
-0.5 0.3846154 0.72
-0.5 0.4230769 0.72
-0.5 0.4230769 0.72
-0.5 0.4230769 0.68
-0.5 0.3846154 0.68
-0.5384616 0.3846154 0.72
-0.5384616 0.3846154 0.72
-0.5384616 0.3846154 0.76
-0.5 0.3846154 0.72
-0.5 0.4230769 0.72
-0.5384616 0.3846154 0.72
-0.5384616 0.3846154 0.72
-0.5384616 0.3846154 0.76
-0.5384616 0.3846154 0.76
-0.5384616 0.4230769 0.76
-0.5384616 0.3846154 0.76
-0.5384616 0.3846154 0.8
-0.5384616 0.3846154 0.76
-0.5384616 0.3846154 0.72
-0.5 0.3846154 0.68
-0.5 0.3846154 0.68
-0.5 0.3846154 0.68
-0.5 0.3846154 0.72
