-0.4230769 -0.07692308 1.16
-0.4230769 -0.07692308 1.16
-0.4230769 -0.07692308 1.16
-0.4230769 -0.07692308 1.16
-0.4230769 -0.07692308 1.16
-0.4230769 -0.07692308 1.16
-0.4230769 -0.07692308 1.16
-0.4230769 -0.07692308 1.16
-0.4230769 -0.07692308 1.16
-0.4230769 -0.07692308 1.16
-0.4230769 -0.07692308 1.16
-0.4230769 -0.07692308 1.16
-0.4230769 -0.07692308 1.16
-0.4230769 -0.07692308 1.2
-0.4230769 -0.07692308 1.28
-0.4615385 -0.07692308 1.32
-0.4615385 -0.07692308 1.4
-0.4230769 -0.07692308 1.6
-0.3846154 -0.07692308 1.68
-0.3461539 -0.03846154 1.76
-0.2692308 0 1.84
-0.2307692 0.07692308 1.96
-0.1153846 0.1153846 2.04
-0.03846154 0.1538462 2.08
0.03846154 0.2307692 2.16
0.1538462 0.3076923 2.12
0.2692308 0.3461539 2.08
0.4230769 0.3846154 2.04
0.5 0.4230769 2
0.5769231 0.4230769 1.96
0.6538461 0.4615385 1.92
0.6538461 0.4615385 1.92
0.6923077 0.4615385 1.88
0.6923077 0.4615385 1.84
0.6923077 0.4615385 1.8
0.7307692 0.5 1.68
0.7307692 0.5 1.64
0.7307692 0.5 1.52
0.7692308 0.5384616 1.44
0.8076923 0.5769231 1.36
0.8461539 0.6153846 1.24
0.8846154 0.6153846 1.12
0.9230769 0.6153846 1
0.8846154 0.6153846 0.88
0.8846154 0.6153846 0.68
0.8846154 0.5769231 0.6
0.8461539 0.5769231 0.56
0.8461539 0.5769231 0.48
0.7692308 0.5384616 0.44
0.7692308 0.5 0.36
0.6923077 0.4615385 0.32
0.6923077 0.4615385 0.24
0.6153846 0.3846154 0.2
0.6153846 0.3461539 0.16
0.5769231 0.3076923 0.12
0.5384616 0.2692308 0.08
0.5 0.2307692 0
0.4615385 0.1923077 -0.04
0.3846154 0.1538462 -0.08
0.3461539 0.07692308 -0.12
0.3076923 0.07692308 -0.12
0.2692308 0.03846154 -0.16
0.2307692 0.03846154 -0.16
0.2307692 0 -0.16
0.1538462 0 -0.16
0.1153846 -0.03846154 -0.16
0.03846154 -0.07692308 -0.16
-0.03846154 -0.1153846 -0.16
-0.1153846 -0.1538462 -0.2
-0.1538462 -0.1538462 -0.2
-0.1538462 -0.1538462 -0.24
-0.1538462 -0.1538462 -0.2
-0.1923077 -0.1153846 -0.12
-0.2692308 -0.1153846 -0.08
-0.3076923 -0.1538462 -0.04
-0.3461539 -0.1538462 0
-0.3846154 -0.1538462 0
-0.4615385 -0.1538462 0
-0.4615385 -0.1538462 0.04
-0.5 -0.1153846 0.04
-0.5384616 -0.07692308 0.04
-0.5384616 -0.03846154 0.08
-0.6153846 -0.03846154 0.16
-0.6923077 -0.07692308 0.24
-0.8076923 -0.1153846 0.32
-0.8846154 -0.1538462 0.4
-0.9615384 -0.1538462 0.44
-1 -0.1153846 0.48
-1.038462 -0.07692308 0.6
-1 -0.03846154 0.68
-1.038462 0.03846154 0.8
-1.076923 0.07692308 0.92
-1.076923 0.1153846 1.08
-1.115385 0.1153846 1.2
-1.153846 0.1538462 1.4
-1.153846 0.1923077 1.56
-1.153846 0.1923077 1.72
-1.076923 0.2307692 1.84
-1 0.2692308 1.96
-0.8846154 0.3461539 2.08
-0.7307692 0.4230769 2.16
-0.5 0.4615385 2.24
