0.1153846 0.07692308 0.84
0.1153846 0.07692308 0.84
0.1153846 0.07692308 0.84
0.1153846 0.07692308 0.84
0.1153846 0.07692308 0.84
0.1153846 0.07692308 0.84
0.1153846 0.07692308 0.84
0.1153846 0.07692308 0.84
0.1153846 0.07692308 0.84
0.1153846 0.07692308 0.84
0.1153846 0.07692308 0.84
0.1153846 0.07692308 0.84
0.1153846 0.07692308 0.84
0.07692308 0.07692308 0.84
0.1153846 0.07692308 0.88
0.1153846 0.1153846 0.84
0.1153846 0.1153846 0.88
0.1538462 0.07692308 0.88
0.1153846 0.07692308 0.92
0.1153846 0.03846154 0.96
0.1153846 0.03846154 1
0.1153846 0.03846154 1.08
0.1538462 0.03846154 1.12
0.1923077 0.03846154 1.16
0.2307692 0.03846154 1.2
0.2307692 0.03846154 1.28
0.2307692 0.03846154 1.4
0.2307692 0 1.44
0.2307692 0 1.48
0.2307692 -0.03846154 1.56
0.2307692 -0.03846154 1.64
0.2692308 -0.03846154 1.72
0.2692308 -0.03846154 1.76
0.3076923 -0.03846154 1.84
0.2692308 -0.03846154 1.88
0.2307692 -0.07692308 1.92
0.2307692 -0.07692308 1.92
0.1923077 -0.03846154 1.92
0.1923077 -0.03846154 1.92
0.1923077 0 1.84
0.1923077 0.03846154 1.8
0.1923077 0.07692308 1.72
0.1923077 0.1153846 1.64
0.2307692 0.1538462 1.56
0.1923077 0.1923077 1.48
0.1538462 0.2307692 1.36
0.1153846 0.1923077 1.24
0.03846154 0.1923077 1.12
0 0.1923077 1
0 0.1923077 0.84
0 0.1923077 0.72
0 0.1538462 0.6
0 0.1153846 0.48
0.03846154 0.1153846 0.36
0 0.1153846 0.28
0 0.07692308 0.24
0 0.03846154 0.2
-0.03846154 0 0.2
-0.03846154 0 0.2
0 -0.03846154 0.2
0 -0.03846154 0.16
0 -0.03846154 0.2
0 -0.03846154 0.24
0 -0.03846154 0.28
0 -0.07692308 0.28
0.03846154 -0.07692308 0.32
0 -0.1153846 0.36
-0.03846154 -0.1538462 0.4
-0.1153846 -0.1923077 0.44
-0.1538462 -0.2307692 0.48
-0.2692308 -0.2692308 0.64
-0.3076923 -0.2692308 0.72
-0.3076923 -0.2692308 0.76
-0.3461539 -0.2692308 0.8
-0.4230769 -0.2692308 0.8
-0.4615385 -0.3076923 0.8
-0.4615385 -0.3461539 0.84
-0.5 -0.3461539 0.88
-0.5769231 -0.3846154 0.92
-0.6153846 -0.3846154 0.96
-0.6153846 -0.4230769 0.96
-0.6153846 -0.4230769 1
-0.6153846 -0.3846154 1
-0.5769231 -0.3846154 1
-0.5 -0.3461539 1.04
-0.4615385 -0.3076923 1.04
-0.3461539 -0.2307692 1.04
-0.2692308 -0.2307692 1.04
-0.1538462 -0.1923077 1.04
-0.07692308 -0.1538462 1.04
0 -0.1538462 1.04
0.07692308 -0.1153846 1.04
0.1538462 -0.07692308 1.08
0.2307692 -0.07692308 1.12
0.3076923 -0.07692308 1.08
0.3846154 -0.07692308 1.04
0.3846154 -0.1153846 1.04
0.3846154 -0.1153846 1
0.4230769 -0.1538462 1
0.4230769 -0.1923077 0.96
0.4230769 -0.1923077 0.92
0.4615385 -0.1923077 0.88
0.4230769 -0.1923077 0.84
0.4230769 -0.1923077 0.84
0.4230769 -0.1923077 0.8
0.4615385 -0.1538462 0.8
0.3846154 -0.1538462 0.8
0.3461539 -0.1923077 0.8
0.2692308 -0.1923077 0.8
0.2307692 -0.1923077 0.8
0.1923077 -0.1923077 0.8
0.1923077 -0.2307692 0.72
0.1923077 -0.1923077 0.68
0.1538462 -0.1923077 0.64
0.1538462 -0.1923077 0.6
0.1538462 -0.1538462 0.56
0.1538462 -0.1538462 0.52
0.1538462 -0.1153846 0.48
0.1538462 -0.1153846 0.44
0.1538462 -0.1153846 0.4
0.1153846 -0.07692308 0.36
0.1153846 -0.07692308 0.36
0.03846154 -0.07692308 0.4
0.03846154 -0.03846154 0.4
-0.03846154 -0.03846154 0.44
-0.07692308 -0.03846154 0.44
-0.07692308 -0.03846154 0.4
-0.07692308 -0.03846154 0.4
-0.03846154 -0.03846154 0.32
0.03846154 -0.03846154 0.32
0.1153846 0 0.32
0.1153846 0.03846154 0.36
0.1153846 0.03846154 0.44
0.03846154 0.03846154 0.56
0 0.03846154 0.64
-0.07692308 0.03846154 0.76
-0.1153846 0 0.88
-0.1153846 0 0.96
-0.07692308 0 1.08
0 0.03846154 1.2
0.03846154 0.07692308 1.36
0 0.1153846 1.52
-0.07692308 0.07692308 1.68
-0.1153846 0.03846154 1.84
-0.1538462 0 1.88
-0.1538462 -0.03846154 1.92
-0.1153846 0 1.92
-0.1153846 0 1.88
-0.1153846 0 1.84
-0.07692308 0 1.8
-0.07692308 0 1.72
-0.03846154 0.03846154 1.64
0 0.07692308 1.56
0.07692308 0.1153846 1.48
0.1153846 0.1153846 1.44
0.1153846 0.1153846 1.36
0.1538462 0.1153846 1.32
0.1923077 0.1153846 1.24
0.1923077 0.1153846 1.2
0.2307692 0.1153846 1.16
0.3076923 0.1538462 1.12
0.3461539 0.1538462 1.08
0.4615385 0.1923077 1
0.4615385 0.1923077 1
0.5 0.1538462 0.96
0.5 0.1538462 0.96
0.5769231 0.1923077 0.92
0.6153846 0.1923077 0.92
0.6538461 0.2307692 0.92
0.6153846 0.2307692 0.92
0.5769231 0.2307692 0.96
0.5384616 0.2307692 0.96
0.5 0.2307692 1
0.4615385 0.2307692 1
0.3846154 0.2307692 0.96
0.3846154 0.2692308 0.92
0.3846154 0.2692308 0.92
0.3461539 0.3076923 0.96
0.3076923 0.3461539 1
0.2307692 0.3461539 1
0.07692308 0.3076923 1.04
0 0.2692308 1.04
-0.07692308 0.2692308 1.08
-0.1923077 0.2692308 1.12
-0.3076923 0.2307692 1.12
-0.3846154 0.1923077 1.12
-0.4230769 0.1538462 1.12
-0.4615385 0.1538462 1.12
-0.4615385 0.1538462 1.12
-0.4615385 0.1538462 1.12
-0.4615385 0.1538462 1.16
-0.4615385 0.1538462 1.12
-0.4615385 0.1538462 1.12
-0.4615385 0.1153846 1.08
-0.4230769 0.1153846 1.04
-0.4230769 0.1153846 1.04
-0.3846154 0.1538462 1
