0.2692308 0.1153846 0.8
0.2692308 0.1153846 0.8
0.2692308 0.1153846 0.8
0.2692308 0.1153846 0.8
0.2692308 0.1153846 0.8
0.2692308 0.1153846 0.8
0.2692308 0.1153846 0.8
0.2692308 0.1153846 0.8
0.2692308 0.1153846 0.8
0.2692308 0.1153846 0.8
0.2692308 0.1538462 0.8
0.2692308 0.1538462 0.8
0.3076923 0.1538462 0.88
0.3461539 0.1538462 0.88
0.3461539 0.1538462 0.92
0.3076923 0.1153846 0.96
0.3076923 0.1153846 1
0.2692308 0.1153846 1.04
0.3076923 0.1153846 1.08
0.3076923 0.1153846 1.12
0.3461539 0.1538462 1.2
0.3461539 0.1538462 1.24
0.3461539 0.1538462 1.32
0.3461539 0.1538462 1.36
0.2692308 0.1153846 1.4
0.2307692 0.1153846 1.4
0.1538462 0.07692308 1.44
0 0 1.56
-0.07692308 0 1.64
-0.1153846 0 1.8
-0.1923077 0 1.92
-0.2692308 0 2.08
-0.3461539 0 2.16
-0.3846154 -0.03846154 2.16
-0.4615385 -0.03846154 2.08
-0.5384616 -0.03846154 2
-0.5769231 -0.03846154 1.92
-0.6153846 -0.07692308 1.84
-0.6538461 -0.1153846 1.8
-0.7307692 -0.1153846 1.8
-0.7692308 -0.07692308 1.8
-0.8076923 -0.07692308 1.84
-0.8076923 -0.03846154 1.88
-0.8461539 0 1.84
-0.8461539 0.07692308 1.72
-0.8461539 0.1153846 1.56
-0.8461539 0.1538462 1.4
-0.8461539 0.1538462 1.28
-0.8461539 0.1538462 1.16
-0.8846154 0.1153846 1
-0.9230769 0.1153846 0.88
-0.9230769 0.07692308 0.76
-0.9230769 0.07692308 0.64
-0.9230769 0.07692308 0.56
-0.8846154 0.07692308 0.48
-0.8461539 0.07692308 0.44
-0.8076923 0.07692308 0.36
-0.8076923 0.03846154 0.28
-0.7692308 0.07692308 0.2
-0.7307692 0.07692308 0.16
-0.7307692 0.07692308 0.08
-0.6923077 0.03846154 0.04
-0.6538461 0.07692308 0
-0.6153846 0.07692308 -0.04
-0.5769231 0.03846154 -0.08
-0.5769231 0.03846154 -0.12
-0.5 0.03846154 -0.16
-0.3846154 0.07692308 -0.24
-0.3076923 0.07692308 -0.28
-0.2307692 0.07692308 -0.32
-0.1538462 0.03846154 -0.32
-0.1153846 0.03846154 -0.32
-0.03846154 0.07692308 -0.32
0 0.07692308 -0.28
0 0.07692308 -0.2
0 0.07692308 -0.2
-0.03846154 0.07692308 -0.16
0 0 -0.12
0 0 -0.12
0.03846154 0 -0.12
0.1153846 0 -0.12
0.1923077 0.03846154 -0.12
0.2692308 0.1153846 -0.12
0.3461539 0.1538462 -0.08
0.3846154 0.1923077 0
0.4230769 0.2692308 0.08
0.5 0.3076923 0.2
0.5 0.3076923 0.32
0.5384616 0.3076923 0.44
0.6153846 0.3076923 0.56
0.6923077 0.3076923 0.6
0.7692308 0.3461539 0.68
0.8076923 0.3846154 0.76
0.7692308 0.4230769 0.84
0.7692308 0.4615385 0.96
0.7692308 0.5 1.08
0.8076923 0.5 1.24
0.8461539 0.5384616 1.4
0.8846154 0.5 1.48
0.9615384 0.5769231 1.56
1 0.5769231 1.64
1 0.5769231 1.72
0.9230769 0.5769231 1.8
0.8076923 0.5384616 1.92
0.6538461 0.4615385 1.96
0.5 0.3461539 2
0.3461539 0.2692308 2
0.2692308 0.2307692 2
0.2307692 0.2307692 2
0.2307692 0.2692308 1.96
0.1923077 0.2692308 1.92
0.1153846 0.2692308 1.92
0.07692308 0.2692308 1.92
