0.07692308 -0.5 0.48
0.07692308 -0.5 0.48
0.07692308 -0.5 0.48
0.07692308 -0.5 0.48
0.07692308 -0.5 0.48
0.07692308 -0.5 0.48
0.07692308 -0.5 0.48
0.07692308 -0.5 0.48
0.07692308 -0.5 0.48
0.07692308 -0.5384616 0.48
0.07692308 -0.5384616 0.48
0.07692308 -0.5384616 0.48
0.07692308 -0.5384616 0.48
0.07692308 -0.5384616 0.48
0.03846154 -0.5769231 0.48
0.03846154 -0.5769231 0.48
0.03846154 -0.5769231 0.48
0.03846154 -0.5769231 0.48
0 -0.5769231 0.52
0.03846154 -0.5384616 0.52
0.03846154 -0.5384616 0.48
0.07692308 -0.5384616 0.48
0.1153846 -0.5 0.44
0.1153846 -0.5 0.44
0.1153846 -0.5 0.4
0.1153846 -0.5 0.4
0.1153846 -0.5 0.4
0.1153846 -0.5 0.4
0.07692308 -0.5 0.4
0.03846154 -0.4615385 0.44
0 -0.4615385 0.44
0 -0.4615385 0.44
0 -0.4615385 0.44
0 -0.4230769 0.4
0.03846154 -0.3846154 0.4
0.07692308 -0.3846154 0.36
0.1153846 -0.3461539 0.36
0.1538462 -0.3461539 0.32
0.1538462 -0.3076923 0.32
0.1923077 -0.2692308 0.32
0.1538462 -0.2692308 0.36
0.1153846 -0.2692308 0.4
0.1153846 -0.2307692 0.4
0.07692308 -0.2692308 0.44
0.07692308 -0.2692308 0.44
0.07692308 -0.2307692 0.44
0.07692308 -0.2307692 0.48
0.07692308 -0.2307692 0.48
0.1153846 -0.1923077 0.48
0.1538462 -0.1153846 0.48
0.1923077 -0.07692308 0.48
0.2307692 -0.03846154 0.52
0.2307692 0 0.56
0.2307692 0 0.64
0.1923077 0.03846154 0.72
0.1538462 0.03846154 0.76
0.07692308 0.03846154 0.8
0.07692308 0 0.84
0.1153846 0 0.84
0.1153846 0.07692308 0.88
0.1538462 0.1153846 0.92
0.1538462 0.1153846 1
0.1538462 0.1538462 1.08
0.07692308 0.1538462 1.16
0.07692308 0.1538462 1.28
0.03846154 0.1153846 1.36
0.07692308 0.1538462 1.48
0.1153846 0.1538462 1.6
0.1153846 0.1538462 1.72
0.07692308 0.1538462 1.84
0.1153846 0.1923077 1.92
0.1153846 0.1923077 1.96
0.1923077 0.1923077 1.96
0.2307692 0.1923077 1.92
0.2692308 0.1538462 1.92
0.2692308 0.1538462 1.88
0.2307692 0.1538462 1.88
0.1923077 0.1153846 1.92
0.1153846 0.07692308 1.92
0.07692308 0.07692308 1.88
0.07692308 0.07692308 1.84
0.07692308 0.07692308 1.76
