0 -0.4615385 0.64
0 -0.4615385 0.64
0 -0.4615385 0.64
0 -0.4615385 0.64
0 -0.4615385 0.64
0 -0.4615385 0.64
0 -0.4615385 0.64
0 -0.4615385 0.64
0 -0.4615385 0.64
0 -0.4615385 0.64
0 -0.4615385 0.64
0.03846154 -0.4615385 0.64
0.03846154 -0.4615385 0.64
0.03846154 -0.5 0.64
0.07692308 -0.4615385 0.68
0.07692308 -0.4615385 0.64
0.07692308 -0.4615385 0.64
0.1153846 -0.4615385 0.6
0.1153846 -0.5 0.56
0.1153846 -0.5 0.56
0.07692308 -0.5 0.56
0.07692308 -0.5384616 0.56
0.07692308 -0.5384616 0.56
0.07692308 -0.5384616 0.6
0.07692308 -0.5384616 0.6
0.03846154 -0.5384616 0.6
0.07692308 -0.5384616 0.64
0.07692308 -0.5 0.64
0.07692308 -0.5 0.6
0.07692308 -0.5 0.6
0.1153846 -0.4615385 0.6
0.1153846 -0.4615385 0.56
0.1153846 -0.4615385 0.56
0.1153846 -0.4230769 0.56
0.07692308 -0.4615385 0.52
0.07692308 -0.4230769 0.52
0.03846154 -0.4230769 0.52
0.03846154 -0.4230769 0.52
0.03846154 -0.3846154 0.52
0.03846154 -0.3461539 0.48
0.03846154 -0.3461539 0.48
0.07692308 -0.3461539 0.4
0.07692308 -0.3076923 0.4
0.1153846 -0.3076923 0.32
0.1153846 -0.3076923 0.28
0.1153846 -0.2692308 0.28
0.07692308 -0.2692308 0.32
0.07692308 -0.2692308 0.32
0 -0.2692308 0.32
0 -0.2692308 0.36
-0.03846154 -0.2692308 0.36
-0.03846154 -0.2307692 0.4
0 -0.2307692 0.4
0.07692308 -0.1923077 0.36
0.1538462 -0.07692308 0.4
0.1923077 -0.07692308 0.4
0.1923077 -0.07692308 0.44
0.1153846 -0.03846154 0.6
0.1153846 -0.03846154 0.6
0.07692308 -0.03846154 0.68
0 -0.03846154 0.76
0 0 0.84
0.1153846 0.1153846 0.96
0.1153846 0.1153846 0.96
0.1538462 0.1538462 1.04
0.1923077 0.1923077 1.12
0.1538462 0.1923077 1.16
0.1153846 0.2307692 1.24
0.1153846 0.2692308 1.32
0.1153846 0.2307692 1.4
0.1153846 0.2307692 1.44
0.1153846 0.2307692 1.52
0.1153846 0.2307692 1.56
0.1153846 0.2307692 1.64
0.07692308 0.1923077 1.76
0.03846154 0.1923077 1.88
0.03846154 0.1923077 1.96
0 0.1538462 2
0 0.1538462 2
0.03846154 0.1538462 1.92
0.03846154 0.1538462 1.88
0.07692308 0.1538462 1.84
0.07692308 0.1923077 1.8
0.1153846 0.2307692 1.76
0.1153846 0.2307692 1.72
0.1538462 0.2692308 1.64
0.1538462 0.2307692 1.56
0.1153846 0.2307692 1.48
0.07692308 0.1923077 1.44
