0.07692308 0.1923077 0.68
0.07692308 0.1923077 0.68
0.07692308 0.1923077 0.68
0.07692308 0.1923077 0.68
0.07692308 0.1923077 0.68
0.07692308 0.1923077 0.72
0.07692308 0.1923077 0.72
0.07692308 0.1923077 0.72
0.07692308 0.1923077 0.72
0.07692308 0.1923077 0.72
0.07692308 0.1923077 0.72
0.07692308 0.1923077 0.72
0 0.1538462 0.76
0 0.1538462 0.76
-0.03846154 0.1153846 0.8
-0.07692308 0.07692308 0.84
-0.1538462 0.03846154 0.88
-0.1923077 -0.03846154 0.92
-0.2692308 -0.07692308 1.04
-0.3461539 -0.1153846 1.2
-0.3846154 -0.1538462 1.36
-0.4230769 -0.1923077 1.44
-0.3846154 -0.1538462 1.52
-0.3076923 -0.1153846 1.56
-0.2692308 -0.07692308 1.6
-0.1923077 -0.03846154 1.68
-0.07692308 0 1.76
0 0.03846154 1.84
0.07692308 0.07692308 1.92
0.1153846 0.1538462 2.04
0.1923077 0.1538462 2.08
0.1923077 0.1923077 2.16
0.2307692 0.1923077 2.16
0.3076923 0.1923077 2.12
0.3846154 0.2307692 2.04
0.4615385 0.2692308 2
0.5769231 0.2692308 1.88
0.6153846 0.2692308 1.84
0.6538461 0.3076923 1.84
0.6923077 0.3461539 1.84
0.6923077 0.3846154 1.84
0.7307692 0.4230769 1.8
0.7692308 0.4230769 1.68
0.8461539 0.4615385 1.52
0.8461539 0.5 1.4
0.8846154 0.5384616 1.28
0.9230769 0.5769231 1.2
0.9615384 0.5769231 1.08
0.9615384 0.5769231 1
0.9230769 0.6153846 0.92
0.8846154 0.5769231 0.8
0.8461539 0.5769231 0.64
0.8461539 0.5769231 0.64
0.8076923 0.5384616 0.56
0.8461539 0.5 0.4
0.8461539 0.5 0.32
0.8076923 0.4615385 0.24
0.8076923 0.4230769 0.2
0.7307692 0.3846154 0.16
0.6538461 0.3461539 0.12
0.6153846 0.3076923 0.08
0.5769231 0.2692308 0.04
0.5384616 0.1923077 0
0.5 0.1923077 -0.04
0.4615385 0.1538462 -0.08
0.4230769 0.1538462 -0.08
0.4230769 0.1153846 -0.12
0.3846154 0.1153846 -0.12
0.3461539 0.1153846 -0.12
0.2692308 0.07692308 -0.08
0.2307692 0.07692308 -0.08
0.1538462 0.07692308 -0.08
0.03846154 0 -0.08
-0.03846154 -0.03846154 -0.12
-0.1153846 -0.07692308 -0.12
-0.1538462 -0.07692308 -0.16
-0.1923077 -0.07692308 -0.16
-0.2307692 -0.07692308 -0.12
-0.3076923 -0.1153846 -0.12
-0.3076923 -0.1538462 -0.08
-0.3461539 -0.1538462 -0.08
-0.3846154 -0.1153846 -0.04
-0.5 -0.1153846 -0.04
-0.5 -0.1153846 -0.04
-0.5384616 -0.07692308 -0.04
-0.5769231 -0.07692308 0.04
-0.6538461 -0.1153846 0.08
-0.6923077 -0.1538462 0.08
-0.7307692 -0.1923077 0.12
-0.7692308 -0.1923077 0.16
-0.8076923 -0.1923077 0.2
-0.8461539 -0.1538462 0.28
-0.8846154 -0.1538462 0.36
-0.9615384 -0.07692308 0.48
-1 -0.07692308 0.52
-1.038462 -0.07692308 0.64
-1 -0.03846154 0.68
-1 0 0.76
-1 0.07692308 0.92
-1.038462 0.1153846 1.12
-1.076923 0.1538462 1.32
-1.115385 0.1538462 1.56
-1.115385 0.1923077 1.76
-1.076923 0.1923077 1.88
-0.9615384 0.3076923 1.96
-0.8076923 0.3461539 2.08
-0.6153846 0.4615385 2.16
-0.4615385 0.5 2.28
-0.3076923 0.5769231 2.4
-0.1153846 0.6153846 2.52
