0.1153846 0 1
0.1153846 0 1
0.1153846 0 1
0.1153846 0 1
0.1153846 0 1
0.1153846 0 1
0.1153846 0 1
0.1153846 0 1
0.1153846 0 1
0.1153846 0 1
0.1153846 0 1
0.07692308 -0.03846154 1
0.1153846 -0.03846154 1.04
0.1153846 -0.03846154 1.08
0.1538462 -0.07692308 1.12
0.1923077 -0.07692308 1.12
0.1923077 -0.07692308 1.12
0.2307692 -0.1153846 1.12
0.1923077 -0.1153846 1.2
0.1923077 -0.1153846 1.28
0.1153846 -0.1538462 1.4
0.1153846 -0.1538462 1.52
0.1153846 -0.1538462 1.6
0.1538462 -0.1538462 1.64
0.1923077 -0.1538462 1.64
0.2307692 -0.1153846 1.64
0.2692308 -0.1538462 1.6
0.2692308 -0.1538462 1.6
0.2692308 -0.1538462 1.6
0.2307692 -0.1923077 1.64
0.1538462 -0.2307692 1.64
0.07692308 -0.2307692 1.68
0.03846154 -0.2307692 1.72
0 -0.2307692 1.72
0 -0.1923077 1.68
0.03846154 -0.1923077 1.64
0.07692308 -0.1538462 1.56
0.1153846 -0.1153846 1.52
0.1153846 -0.1153846 1.44
0.07692308 -0.1153846 1.36
0.07692308 -0.1153846 1.32
0.07692308 -0.1153846 1.24
0.03846154 -0.07692308 1.16
0.03846154 -0.07692308 1.04
0 -0.1153846 0.92
0 -0.1153846 0.76
0 -0.1538462 0.68
0 -0.1538462 0.56
0.03846154 -0.1538462 0.52
0.03846154 -0.1923077 0.44
0.07692308 -0.1923077 0.36
0.1153846 -0.1923077 0.28
0.1153846 -0.1923077 0.24
0.07692308 -0.2307692 0.16
0.03846154 -0.2692308 0.12
0 -0.3076923 0.12
0 -0.3461539 0.08
0 -0.3461539 0.12
0.03846154 -0.3461539 0.16
0.07692308 -0.3846154 0.2
0.1153846 -0.3846154 0.2
0.07692308 -0.3846154 0.24
0.07692308 -0.4230769 0.28
0.07692308 -0.4230769 0.28
0.07692308 -0.4230769 0.32
0.07692308 -0.4615385 0.32
0.1153846 -0.5 0.36
0.07692308 -0.5384616 0.4
0.07692308 -0.5384616 0.44
0.03846154 -0.5384616 0.52
0.03846154 -0.5769231 0.6
0.03846154 -0.5384616 0.64
0.07692308 -0.5769231 0.68
