0.07692308 -0.5384616 0.6
0.07692308 -0.5384616 0.6
0.07692308 -0.5384616 0.6
0.07692308 -0.5384616 0.6
0.07692308 -0.5384616 0.6
0.07692308 -0.5384616 0.6
0.07692308 -0.5384616 0.6
0.07692308 -0.5384616 0.6
0.07692308 -0.5384616 0.6
0.07692308 -0.5384616 0.6
0.07692308 -0.5384616 0.6
0.07692308 -0.5769231 0.6
0.07692308 -0.5769231 0.64
0.03846154 -0.5769231 0.68
0.03846154 -0.6153846 0.72
0.03846154 -0.6153846 0.72
0 -0.5769231 0.72
0.03846154 -0.5769231 0.72
0.03846154 -0.5769231 0.72
0.03846154 -0.5384616 0.72
0.03846154 -0.5384616 0.64
0.07692308 -0.5384616 0.6
0.1153846 -0.5 0.6
0.1153846 -0.5 0.56
0.1153846 -0.5 0.56
0.1153846 -0.5384616 0.56
0.1153846 -0.5 0.52
0.07692308 -0.5 0.52
0.03846154 -0.5 0.52
0.03846154 -0.5 0.56
0 -0.4615385 0.56
0 -0.4615385 0.56
0 -0.4230769 0.52
0 -0.3846154 0.48
0.03846154 -0.3461539 0.44
0.03846154 -0.3461539 0.36
0.07692308 -0.3461539 0.32
0.07692308 -0.3076923 0.24
0.1153846 -0.3076923 0.2
0.1153846 -0.2692308 0.2
0.1153846 -0.2307692 0.2
0.1153846 -0.2307692 0.2
0.07692308 -0.1923077 0.24
0.03846154 -0.1923077 0.28
0 -0.1923077 0.32
0 -0.2307692 0.32
0.07692308 -0.2307692 0.24
0.1538462 -0.1923077 0.24
0.2307692 -0.1153846 0.28
0.2307692 -0.07692308 0.32
0.1923077 -0.07692308 0.4
0.1538462 -0.03846154 0.52
0.1153846 -0.03846154 0.6
0.07692308 0 0.72
0 0 0.8
0 0 0.88
0.1538462 0.03846154 0.8
0.1538462 0.03846154 0.8
0.2692308 0.1153846 0.84
0.3461539 0.1538462 0.88
0.3461539 0.1923077 1
0.3076923 0.2692308 1.16
0.2307692 0.2307692 1.28
0.1538462 0.1923077 1.4
0.07692308 0.1923077 1.48
0 0.1923077 1.56
0 0.1538462 1.56
0.03846154 0.1923077 1.56
0.07692308 0.1538462 1.52
0.07692308 0.1923077 1.52
0.1153846 0.1923077 1.52
0.1153846 0.1923077 1.56
0.1153846 0.1923077 1.64
0.1153846 0.1923077 1.64
0.1153846 0.1923077 1.72
0.1153846 0.1538462 1.76
0.1153846 0.1538462 1.8
0.07692308 0.1538462 1.8
0.03846154 0.1153846 1.84
0.03846154 0.1153846 1.84
0 0.07692308 1.84
0 0.1153846 1.8
0.03846154 0.1153846 1.76
0.07692308 0.1153846 1.72
0.1153846 0.1538462 1.68
0.1153846 0.1538462 1.64
0.1538462 0.1538462 1.56
