-0.4230769 -0.1538462 1.32
-0.3846154 -0.1153846 1.36
-0.3846154 -0.1153846 1.36
-0.3846154 -0.1153846 1.36
-0.3846154 -0.1153846 1.36
-0.3846154 -0.1153846 1.36
-0.3846154 -0.1153846 1.36
-0.3846154 -0.1153846 1.36
-0.3846154 -0.1153846 1.36
-0.3846154 -0.1153846 1.36
-0.3846154 -0.1153846 1.36
-0.3846154 -0.1153846 1.36
-0.3846154 -0.1153846 1.36
-0.3461539 -0.07692308 1.4
-0.2692308 -0.07692308 1.44
-0.2307692 -0.03846154 1.52
-0.1923077 0 1.64
-0.1538462 0.07692308 1.72
-0.1153846 0.1153846 1.88
-0.07692308 0.1153846 1.96
0 0.1538462 2.04
0.07692308 0.1538462 2.08
0.1538462 0.1923077 2.08
0.1923077 0.1923077 2.12
0.2692308 0.2307692 2.12
0.3461539 0.2692308 2.12
0.5 0.2692308 2.08
0.5769231 0.3461539 2.04
0.6538461 0.3846154 2
0.6923077 0.3846154 1.96
0.6923077 0.4230769 1.84
0.6923077 0.4230769 1.76
0.7307692 0.4230769 1.68
0.7307692 0.4615385 1.64
0.7692308 0.5 1.52
0.7692308 0.5384616 1.44
0.8461539 0.5769231 1.32
0.9230769 0.5769231 1.2
0.9615384 0.6153846 1.08
1 0.6153846 0.92
1 0.6153846 0.84
0.9615384 0.6153846 0.76
0.8846154 0.5769231 0.72
0.8076923 0.5769231 0.68
0.7692308 0.5769231 0.6
0.7692308 0.5384616 0.52
0.7307692 0.5 0.44
0.7307692 0.4615385 0.32
0.7307692 0.4615385 0.24
0.7307692 0.4615385 0.16
0.6923077 0.4230769 0.12
0.6538461 0.4230769 0.12
0.6153846 0.3846154 0.12
0.5769231 0.3846154 0.08
0.5384616 0.3461539 0.08
0.5 0.3461539 0.08
0.4230769 0.3076923 0.08
0.2692308 0.2307692 0.04
0.1923077 0.1923077 0.04
0.07692308 0.1153846 -0.04
-0.03846154 0.07692308 -0.08
-0.1153846 0 -0.12
-0.1923077 -0.03846154 -0.16
-0.1923077 -0.07692308 -0.16
-0.2307692 -0.07692308 -0.16
-0.2692308 -0.1153846 -0.16
-0.3076923 -0.1538462 -0.16
-0.3461539 -0.1923077 -0.2
-0.3461539 -0.2307692 -0.2
-0.3461539 -0.2307692 -0.2
-0.3461539 -0.1923077 -0.2
-0.3846154 -0.1923077 -0.2
-0.4230769 -0.1923077 -0.2
-0.4615385 -0.1923077 -0.16
-0.5 -0.1923077 -0.12
-0.5769231 -0.1923077 -0.08
-0.6538461 -0.1923077 -0.04
-0.6923077 -0.2307692 0
-0.7307692 -0.2307692 0
-0.7307692 -0.1538462 0
-0.7307692 -0.07692308 0.04
-0.7307692 -0.03846154 0.08
-0.7692308 0 0.12
-0.8076923 0 0.2
-0.8076923 0 0.32
-0.8461539 0 0.44
-0.9230769 0.07692308 0.64
-1.038462 0.03846154 0.88
-1.153846 0 1.12
-1.346154 -0.03846154 1.44
-1.538462 -0.03846154 1.68
-1.653846 -0.07692308 1.88
-1.615385 -0.07692308 2.04
-1.5 -0.03846154 2.12
-0.7692308 0.3846154 2.24
-0.4230769 0.5384616 2.28
-0.07692308 0.6538461 2.24
0.2692308 0.7307692 2.16
