0.1153846 0.03846154 1.08
0.1153846 0.03846154 1.08
0.1153846 0.03846154 1.08
0.1153846 0.03846154 1.08
0.1153846 0.03846154 1.08
0.1153846 0.03846154 1.08
0.1153846 0.03846154 1.08
0.1153846 0.03846154 1.08
0.1153846 0.03846154 1.08
0.1153846 0.03846154 1.08
0.1153846 0.03846154 1.08
0.1153846 0 1.12
0.07692308 0 1.16
0.1153846 0 1.2
0.07692308 0 1.2
0.1153846 0 1.24
0.1923077 0 1.28
0.2307692 0 1.36
0.2307692 0 1.4
0.2307692 0 1.44
0.2307692 -0.03846154 1.48
0.1923077 -0.07692308 1.56
0.1538462 -0.07692308 1.68
0.1153846 -0.1153846 1.76
0.1538462 -0.1153846 1.84
0.1538462 -0.1153846 1.88
0.1923077 -0.07692308 1.92
0.1923077 -0.07692308 1.96
0.1923077 -0.03846154 1.96
0.2307692 -0.03846154 1.96
0.2692308 -0.03846154 2
0.2692308 0 2
0.2307692 0.07692308 2.04
0.1923077 0.1153846 2.04
0.1538462 0.1538462 2
0.1153846 0.1923077 1.88
0.07692308 0.2307692 1.72
0.1153846 0.2692308 1.56
0.1153846 0.3076923 1.44
0.1153846 0.3076923 1.28
0.1153846 0.3076923 1.16
0.1153846 0.2692308 1.04
0.07692308 0.2692308 0.96
0.07692308 0.2307692 0.84
0.03846154 0.1923077 0.72
0 0.1538462 0.6
-0.03846154 0.1153846 0.48
-0.07692308 0 0.28
-0.07692308 -0.03846154 0.2
-0.03846154 -0.03846154 0.12
0 -0.1153846 0.08
0 -0.1538462 0.04
0 -0.1923077 0.04
0 -0.2307692 0
0.03846154 -0.2692308 0.04
0.03846154 -0.3076923 0.04
0.03846154 -0.3461539 0.04
0.03846154 -0.3846154 0.04
0 -0.4230769 0.04
0 -0.4230769 0.04
0 -0.4615385 0.04
0.03846154 -0.4615385 0.08
0.07692308 -0.4615385 0.16
0.07692308 -0.4615385 0.16
0.1153846 -0.5 0.2
0.1153846 -0.5 0.24
0.1153846 -0.5384616 0.28
0.03846154 -0.5769231 0.32
0 -0.6153846 0.36
0 -0.6538461 0.4
-0.03846154 -0.6538461 0.44
