0.1153846 0 0.88
0.1153846 0 0.88
0.1153846 0 0.88
0.1153846 0 0.88
0.1153846 0 0.88
0.1153846 0 0.88
0.1153846 0 0.88
0.1153846 0 0.88
0.1153846 0 0.88
0.1153846 0 0.88
0.1153846 0 0.88
0.1153846 0 0.88
0.1153846 0.03846154 0.88
0.1538462 0.03846154 0.92
0.1538462 0.03846154 0.92
0.1538462 0 0.92
0.1538462 0 0.92
0.1153846 -0.03846154 0.96
0.1153846 -0.03846154 1
0.1153846 -0.03846154 1
0.1538462 -0.03846154 1.08
0.1923077 -0.03846154 1.12
0.1923077 -0.03846154 1.16
0.1923077 -0.07692308 1.2
0.1923077 -0.07692308 1.28
0.1923077 -0.07692308 1.32
0.1923077 -0.07692308 1.36
0.1538462 -0.1153846 1.44
0.1923077 -0.1538462 1.44
0.1923077 -0.1538462 1.48
0.1923077 -0.1538462 1.52
0.2307692 -0.1538462 1.6
0.2307692 -0.1538462 1.68
0.2307692 -0.1538462 1.8
0.1923077 -0.1923077 1.84
0.1538462 -0.1923077 1.92
0.1538462 -0.1923077 1.88
0.1538462 -0.1923077 1.88
0.1538462 -0.1538462 1.84
0.1538462 -0.1153846 1.72
0.1153846 -0.1153846 1.68
0.07692308 -0.1153846 1.64
0.07692308 -0.1153846 1.56
0.07692308 -0.07692308 1.48
0.07692308 -0.07692308 1.4
0.1153846 -0.03846154 1.28
0.1153846 0 1.2
0.1153846 -0.03846154 1.08
0.07692308 -0.03846154 0.92
0.07692308 -0.07692308 0.8
0.03846154 -0.07692308 0.68
0.03846154 -0.1153846 0.6
0.03846154 -0.1538462 0.48
0 -0.1538462 0.4
0 -0.1923077 0.32
-0.03846154 -0.1923077 0.28
-0.03846154 -0.2307692 0.24
0 -0.2307692 0.24
0 -0.2307692 0.2
0.03846154 -0.2692308 0.16
0.03846154 -0.3076923 0.16
0.07692308 -0.3076923 0.12
0.03846154 -0.3461539 0.16
0.07692308 -0.3461539 0.16
0.07692308 -0.3846154 0.16
0.07692308 -0.3846154 0.12
0.07692308 -0.4230769 0.12
0.03846154 -0.4615385 0.16
0.07692308 -0.5 0.16
0.07692308 -0.5 0.28
0.07692308 -0.5 0.28
