0.07692308 -0.5769231 0.8
0.07692308 -0.5769231 0.8
0.07692308 -0.5769231 0.8
0.07692308 -0.5769231 0.8
0.07692308 -0.5769231 0.8
0.07692308 -0.5769231 0.8
0.07692308 -0.5769231 0.8
0.07692308 -0.5769231 0.8
0.07692308 -0.5769231 0.8
0.07692308 -0.5769231 0.8
0.07692308 -0.6153846 0.8
0.07692308 -0.5769231 0.76
0.1153846 -0.5769231 0.76
0.1153846 -0.5769231 0.8
0.1153846 -0.5769231 0.76
0.1153846 -0.5384616 0.76
0.1153846 -0.5384616 0.76
0.1153846 -0.5384616 0.76
0.1153846 -0.5 0.72
0.1153846 -0.5 0.68
0.1153846 -0.5 0.68
0.1153846 -0.4615385 0.68
0.1153846 -0.4615385 0.64
0.1153846 -0.4615385 0.64
0.1153846 -0.4615385 0.6
0.1153846 -0.4615385 0.56
0.1153846 -0.4230769 0.56
0.1153846 -0.4230769 0.48
0.1153846 -0.3846154 0.48
0.1153846 -0.3461539 0.48
0.07692308 -0.3076923 0.44
0.1153846 -0.2692308 0.4
0.1153846 -0.2692308 0.32
0.1538462 -0.2692308 0.28
0.1538462 -0.2307692 0.24
0.1538462 -0.2307692 0.2
0.1153846 -0.2692308 0.16
0.07692308 -0.2692308 0.16
0.03846154 -0.2692308 0.16
0 -0.2692308 0.16
0 -0.2692308 0.2
0.03846154 -0.2307692 0.2
0.03846154 -0.2307692 0.24
0.03846154 -0.1923077 0.28
0 -0.1538462 0.32
0.03846154 -0.1538462 0.32
0.07692308 -0.1153846 0.36
0.1153846 -0.07692308 0.4
0.1923077 -0.03846154 0.44
0.1923077 0 0.52
0.1923077 0 0.64
0.1923077 0.03846154 0.76
0.1923077 0.03846154 0.84
0.1538462 0 0.96
0.1153846 -0.03846154 1.08
0.07692308 -0.03846154 1.2
0.03846154 -0.03846154 1.36
0.03846154 -0.07692308 1.52
0.03846154 -0.07692308 1.64
0.07692308 -0.07692308 1.8
0.07692308 -0.07692308 1.96
0.1153846 -0.03846154 2.08
0.1538462 -0.07692308 2.12
0.1538462 -0.07692308 2.12
0.1153846 -0.07692308 2.08
0.1153846 -0.1153846 2.04
0.1153846 -0.1153846 1.96
0.1153846 -0.1153846 1.92
0.1153846 -0.1153846 1.84
0.1153846 -0.07692308 1.8
0.1538462 -0.03846154 1.72
0.1538462 -0.03846154 1.64
0.1538462 -0.03846154 1.56
0.1538462 -0.03846154 1.52
0.1153846 0 1.44
0.1538462 0 1.36
0.1538462 0.03846154 1.32
0.1923077 0.03846154 1.24
0.1923077 0.07692308 1.16
0.1923077 0.07692308 1.12
0.1538462 0.07692308 1.08
0.1538462 0.07692308 1.04
0.1153846 0.03846154 1.04
0.1153846 0.07692308 1
0.1153846 0.07692308 1
0.07692308 0.07692308 1.04
0.1153846 0.07692308 1
0.1153846 0.07692308 1
0.1153846 0.1153846 0.96
0.1153846 0.1153846 0.92
0.1153846 0.1153846 0.84
