1384186302811 79201100777090 1701452000000 5.975927 -3.217807 7.661446
1384186302924 79201213600577 1701562000000 5.975927 -3.371036 7.354988
1384186303035 79201324867667 1701672000000 5.822699 -3.217807 7.508216
1384186303146 79201436043204 1701782000000 5.516241 -1.225831 10.726024
1384186303244 79201533546866 1701892000000 7.814674 -1.379060 16.548723
1384186303366 79201656135977 1702002000000 7.508216 -1.225831 16.701952
1384186303478 79201767372550 1702112000000 4.290410 -0.612916 10.266337
1384186303604 79201893501700 1702222000000 -0.153229 -0.459687 -1.225831
1384186303690 79201979866446 1702332000000 -6.435614 0.766145 -1.991976
1384186303801 79202090370596 1702442000000 -8.887277 1.685518 2.758120
1384186303933 79202222328604 1702552000000 -8.887277 2.298434 4.137181
1384186304025 79202314888419 1702662000000 -8.274362 1.991976 4.443638
1384186304136 79202426063956 1702772000000 -8.580819 2.145205 5.209783
1384186304248 79202537331046 1702882000000 -8.274362 1.838747 5.975927
1384186304360 79202649483145 1702992000000 -8.580819 2.451663 5.363012
