1384186347856 79246146004141 1746502000000 5.209783 -3.677494 7.661446
1384186347968 79246257210196 1746612000000 5.209783 -3.524265 7.967903
1384186348079 79246368568839 1746722000000 4.903325 -1.685518 11.645397
1384186348190 79246479225577 1746832000000 7.048530 -3.217807 18.693928
1384186348301 79246590309561 1746942000000 7.048530 -6.129157 13.637373
1384186348412 79246701485098 1747052000000 -0.153229 -0.306458 4.750096
1384186348523 79246812233389 1747162000000 -2.451663 -0.612916 -0.459687
1384186348660 79246949257315 1747272000000 -6.282385 1.225831 0.000000
1384186348746 79247035408438 1747382000000 -8.274362 2.604892 2.911349
1384186348857 79247146645010 1747492000000 -8.734048 3.524265 4.443638
1384186348971 79247260567130 1747602000000 -8.887277 3.677494 3.371036
1384186349082 79247371529044 1747712000000 -8.734048 2.911349 3.677494
1384186349193 79247482887686 1747822000000 -8.121132 3.524265 3.677494
1384186349303 79247592842520 1747932000000 -7.814674 3.371036 4.290410
1384186349414 79247704170645 1748042000000 -7.661446 4.596867 4.137181
