1384269235606 116109529507668 6285386000000 7.508216 -1.072602 5.669470
1384269235708 116109631497415 6285496000000 7.967903 -0.766145 6.435614
1384269235809 116109732815774 6285606000000 7.508216 -1.685518 6.129157
1384269235935 116109858090432 6285716000000 7.354988 -2.451663 6.282385
1384269236032 116109955410989 6285826000000 7.354988 -4.750096 6.435614
1384269236157 116110080533059 6285936000000 9.346964 -6.742072 5.975927
1384269236258 116110181790384 6286046000000 11.185710 0.612916 9.040505
1384269236360 116110283047708 6286156000000 11.951855 2.604892 8.887277
1384269236488 116110411679299 6286266000000 9.653421 0.612916 4.750096
1384269236596 116110519040139 6286376000000 7.661446 2.145205 4.290410
1384269236697 116110620419534 6286486000000 7.048530 0.766145 12.411542
1384269236799 116110722622903 6286596000000 5.209783 -3.524265 16.089035
1384269236928 116110851803811 6286706000000 3.524265 -3.064578 10.419566
1384269237031 116110954983743 6286816000000 1.072602 -0.153229 4.596867
1384269237143 116111066037210 6286926000000 0.766145 5.516241 3.217807
1384269237237 116111160519631 6287036000000 1.379060 9.346964 5.822699
1384269237358 116111281827005 6287146000000 1.072602 9.040505 7.814674
1384269237470 116111393033059 6287256000000 -0.153229 7.814674 7.967903
1384269237572 116111495511087 6287366000000 0.459687 5.516241 8.274362
1384269237698 116111621731790 6287476000000 0.919373 7.814674 7.048530
1384269237800 116111723141702 6287586000000 0.919373 7.354988 7.354988
