1384269305481 116179404385598 6355256000000 9.040505 2.604892 4.443638
1384269305583 116179507016213 6355366000000 8.734048 3.064578 4.596867
1384269305684 116179607632668 6355476000000 8.121132 2.451663 4.443638
1384269305788 116179711056741 6355586000000 8.274362 2.145205 4.443638
1384269305920 116179843380959 6355696000000 9.040505 0.306458 8.274362
1384269306015 116179938382180 6355806000000 10.113108 3.371036 7.967903
1384269306121 116180044766458 6355916000000 12.411542 7.048530 5.056554
1384269306247 116180170315774 6356026000000 9.806650 7.201759 2.451663
1384269306359 116180282345804 6356136000000 7.354988 2.911349 0.306458
1384269306459 116180382046731 6356246000000 6.588843 5.363012 1.838747
1384269306587 116180510830911 6356356000000 7.201759 8.274362 7.201759
1384269306673 116180597012551 6356466000000 4.903325 8.121132 11.645397
1384269306800 116180723568948 6356576000000 3.217807 3.064578 11.032481
1384269306901 116180824704202 6356686000000 1.225831 2.451663 4.903325
1384269307003 116180926388772 6356796000000 0.459687 6.282385 2.451663
1384269307132 116181055996927 6356906000000 1.991976 10.419566 1.838747
1384269307232 116181155850442 6357016000000 0.766145 9.959879 1.532289
1384269307345 116181268887551 6357126000000 0.612916 8.887277 3.371036
1384269307447 116181370022805 6357236000000 0.612916 8.580819 3.983952
1384269307548 116181471219094 6357346000000 0.612916 8.121132 3.524265
1384269307676 116181599911721 6357456000000 0.459687 8.427590 4.596867
