0.07692308 0.7307692 0.6
0.07692308 0.7307692 0.6
0.07692308 0.7307692 0.6
0.07692308 0.7307692 0.76
0.07692308 0.7307692 0.76
0.07692308 0.7307692 0.76
0.07692308 0.7307692 0.76
0.03846154 0.7307692 0.92
0.03846154 0.7307692 0.92
0.03846154 0.7307692 0.92
0.03846154 0.7307692 0.92
0.03846154 0.7307692 0.92
-0.03846154 0.7692308 1.08
-0.03846154 0.7692308 1.08
-0.03846154 0.9230769 1.32
0.1153846 1 1.6
0.2692308 1.038462 1.88
0.3461539 1.038462 1.96
0.3461539 1.038462 1.92
0.2307692 1 1.68
0.2692308 1.076923 1.6
0.3461539 1.153846 1.6
0.4615385 1.192308 1.68
0.5384616 1.230769 1.76
0.5769231 1.153846 1.84
0.6153846 1.115385 1.8
0.6153846 1.076923 1.48
0.5 1.076923 1.44
0.4230769 1 1.28
0.3461539 0.9615384 1.16
0.2692308 0.9230769 1.08
0.2307692 0.8461539 1
0.1153846 0.7692308 1
0.07692308 0.7307692 1
0.07692308 0.7692308 0.84
0.07692308 0.7692308 0.84
0.07692308 0.7692308 0.8
0.07692308 0.7692308 0.76
0.1153846 0.7692308 0.8
0.1538462 0.7692308 0.84
0.2307692 0.7692308 0.88
0.2692308 0.7692308 0.92
0.2692308 0.7692308 0.96
0.3076923 0.7692308 1
0.3461539 0.8076923 1
0.4230769 0.8076923 1
0.4230769 0.8076923 1
0.4230769 0.8076923 1
