-0.07692308 0.8076923 1.12
0.3076923 1.038462 1.4
0.3076923 1.038462 1.4
0.3076923 1.038462 1.4
0.3076923 1.038462 1.4
0.3076923 1.038462 1.4
0.3076923 1.038462 1.4
0.3076923 1.038462 1.4
0.3076923 1.038462 1.4
0.3076923 1.038462 1.4
0.5384616 1.115385 1.64
0.7307692 1.192308 1.88
0.8846154 1.230769 2.12
1.038462 1.307692 2.16
1.192308 1.384615 1.96
1.269231 1.5 1.72
1.384615 1.538462 1.56
1.423077 1.5 1.52
1.461538 1.461538 1.56
1.538462 1.384615 1.56
1.653846 1.307692 1.52
1.730769 1.230769 1.52
1.730769 1.192308 1.44
1.692308 1.153846 1.4
1.615385 1.115385 1.36
1.576923 1.038462 1.28
1.461538 1 1.16
1.423077 0.9230769 1.12
1.307692 0.8076923 0.96
1.269231 0.8076923 0.92
1.269231 0.7692308 0.88
1.230769 0.7307692 0.84
1.230769 0.7307692 0.76
1.307692 0.7307692 0.6
1.346154 0.6923077 0.44
1.346154 0.6923077 0.32
1.269231 0.6538461 0.16
1.230769 0.6153846 0.12
1.192308 0.5 0.08
1.115385 0.4230769 0.08
1.076923 0.3461539 0.08
1 0.2692308 0.12
0.9615384 0.1923077 0.12
0.8846154 0.1538462 0.12
0.8076923 0.1538462 0.08
0.7307692 0.1538462 0.04
0.5769231 0.1153846 -0.08
0.4615385 0.07692308 -0.12
0.3461539 0.03846154 -0.08
0.3076923 0 -0.04
0.3076923 -0.03846154 0.04
0.3076923 -0.03846154 0.04
0.2307692 0 0.04
0.1153846 0 0
0.03846154 0 -0.08
0 -0.03846154 -0.12
-0.03846154 -0.07692308 -0.16
0 -0.07692308 -0.12
0 -0.07692308 -0.04
-0.03846154 -0.07692308 0.16
-0.1153846 -0.03846154 0.24
-0.1923077 0 0.24
-0.2692308 0 0.24
-0.2692308 0.03846154 0.2
-0.2692308 0.03846154 0.2
-0.2692308 0.07692308 0.24
-0.2307692 0.07692308 0.32
-0.2692308 0.07692308 0.44
-0.3076923 0.1153846 0.6
-0.2692308 0.1153846 0.76
-0.2692308 0.1153846 0.84
-0.2307692 0.1153846 0.88
-0.2307692 0.1153846 0.84
-0.2307692 0.1153846 0.8
-0.2692308 0.1538462 0.84
-0.3076923 0.1923077 0.88
-0.3076923 0.2307692 1
-0.2692308 0.2692308 1.08
-0.2692308 0.2307692 1.16
-0.2307692 0.2307692 1.2
-0.2307692 0.2307692 1.2
-0.2307692 0.2692308 1.2
-0.2307692 0.3076923 1.2
-0.1923077 0.3846154 1.28
-0.1923077 0.4230769 1.36
-0.1923077 0.5384616 1.4
-0.1538462 0.5384616 1.36
-0.03846154 0.5 1.36
0.03846154 0.5 1.44
0.1538462 0.4615385 1.52
0.1923077 0.4615385 1.56
0.2692308 0.5 1.52
0.3461539 0.5384616 1.48
0.3846154 0.5769231 1.44
0.4230769 0.6153846 1.36
0.5384616 0.6538461 1.32
0.5769231 0.6153846 1.28
0.6153846 0.5769231 1.28
0.6153846 0.5 1.28
0.6153846 0.4615385 1.24
0.5769231 0.4615385 1.16
0.5384616 0.5 1.12
0.5384616 0.5 1.04
0.6153846 0.5 0.96
0.7692308 0.4615385 0.88
0.9615384 0.4230769 0.84
1.076923 0.4230769 0.8
1.192308 0.3846154 0.8
1.192308 0.3846154 0.84
1.230769 0.4230769 0.84
1.230769 0.4230769 0.8
1.192308 0.4230769 0.72
1.192308 0.3846154 0.72
1.115385 0.3461539 0.76
0.9230769 0.3076923 0.92
0.8846154 0.3076923 0.96
0.8846154 0.3461539 0.96
