0 0.3076923 -0.12
0 0.3076923 -0.12
0 0.3076923 -0.12
0 0.3076923 -0.12
0 0.3076923 -0.12
0 0.3076923 -0.12
0 0.3076923 -0.12
0 0.3076923 -0.12
0 0.3076923 -0.12
0 0.3076923 -0.12
0 0.3076923 -0.12
-0.03846154 0.3846154 -0.08
0.03846154 0.4230769 0.04
0.1153846 0.4615385 0.32
0.1153846 0.5 0.4
0.07692308 0.5384616 0.48
-0.03846154 0.5384616 0.6
-0.1153846 0.5769231 0.76
-0.1538462 0.6538461 0.92
-0.1153846 0.6923077 1.04
-0.03846154 0.8076923 1.24
0.1538462 0.8846154 1.6
0.2307692 0.8846154 1.72
0.2692308 0.9230769 1.76
0.3461539 0.9230769 1.68
0.3461539 1.038462 1.56
0.3461539 1.153846 1.48
0.3461539 1.192308 1.44
0.3461539 1.192308 1.4
0.4230769 1.076923 1.6
0.4230769 1.076923 1.6
0.4230769 1 1.6
0.3846154 1 1.56
0.3076923 1 1.44
0.2307692 1 1.28
0.1923077 1 1.08
0.1923077 0.9615384 0.96
0.1923077 0.9230769 0.92
0.2307692 0.8846154 0.92
0.2692308 0.8076923 0.92
0.2692308 0.7692308 0.96
0.2692308 0.7692308 0.96
0.2307692 0.7692308 0.92
0.1923077 0.8076923 0.84
0.1538462 0.8076923 0.76
0.1538462 0.8076923 0.68
0.1538462 0.8076923 0.68
0.1923077 0.8076923 0.68
0.2692308 0.7307692 0.76
0.3076923 0.7307692 0.84
0.3076923 0.6923077 0.84
0.3461539 0.6923077 0.88
0.3461539 0.7307692 0.88
