0.3076923 0.9230769 2.04
0.3076923 0.9230769 2.04
0.3076923 0.9230769 2.04
0.4230769 0.8846154 2.08
0.4230769 0.8846154 2.08
0.4230769 0.8846154 2.08
0.4230769 0.8846154 2.08
0.5384616 0.8461539 2.04
0.5384616 0.8461539 2.04
0.5769231 0.8846154 1.96
0.5384616 0.9615384 1.72
0.3461539 1.192308 1.44
0.2307692 1.307692 1.04
0.1538462 1.269231 0.64
0.1153846 1.076923 0.52
0.1538462 0.8461539 0.6
0.2692308 0.6538461 0.72
0.3461539 0.5 0.76
0.3461539 0.4615385 0.72
0.3076923 0.4230769 0.6
0.1538462 0.4230769 0.4
-0.03846154 0.1153846 -0.44
0 -0.07692308 -0.36
0.03846154 -0.1923077 -0.28
0.07692308 -0.2307692 -0.16
0.03846154 -0.3076923 -0.04
0 -0.3846154 -0.04
-0.07692308 -0.3846154 -0.44
-0.03846154 -0.4615385 -0.56
-0.03846154 -0.5384616 -0.56
0 -0.5769231 -0.44
0 -0.6153846 -0.24
0 -0.6923077 0.04
-0.03846154 -0.7307692 0.16
-0.07692308 -0.7692308 0.24
-0.1153846 -0.7692308 0.24
-0.1153846 -0.7692308 0.24
-0.07692308 -0.7692308 0.2
0 -0.7692308 0.16
0.03846154 -0.7692308 0.12
0.07692308 -0.7692308 0.16
0.03846154 -0.8076923 0.28
0 -0.8461539 0.44
