1.461538 0.4230769 0.84
1.461538 0.4230769 0.84
1.461538 0.4230769 0.84
1.461538 0.4230769 0.84
1.461538 0.4230769 0.84
1.461538 0.4230769 0.84
1.461538 0.4230769 0.84
1.461538 0.4615385 0.72
1.461538 0.4615385 0.72
1.461538 0.4615385 0.72
1.461538 0.4615385 0.72
1.461538 0.4615385 0.72
1.461538 0.5 0.64
1.346154 0.5769231 0.6
0.4615385 0.8076923 0.48
0.2692308 0.7692308 0.56
0.1153846 0.7692308 0.64
0.03846154 0.7307692 0.76
-0.03846154 0.6923077 0.88
-0.1538462 0.6923077 0.96
-0.2307692 0.6538461 1
-0.2692308 0.6153846 1
-0.3461539 0.6153846 1.04
-0.3846154 0.5769231 1.04
-0.3846154 0.5769231 1.04
-0.3846154 0.5769231 1.08
-0.4230769 0.5384616 1.12
-0.4615385 0.5 1.2
-0.4615385 0.4230769 1.24
-0.4230769 0.3461539 1.32
-0.4230769 0.3076923 1.32
-0.4230769 0.3076923 1.28
-0.4230769 0.3076923 1.2
-0.4230769 0.3461539 1.12
-0.3846154 0.3846154 1.04
-0.3461539 0.3461539 1.04
-0.2692308 0.3461539 1.04
-0.2307692 0.2692308 1.12
-0.1538462 0.2307692 1.16
-0.1153846 0.1923077 1.16
-0.07692308 0.1923077 1.16
-0.07692308 0.2307692 1.08
0 0.2307692 0.92
0 0.2307692 0.96
0.03846154 0.1923077 1
0.07692308 0.1923077 1.12
0.07692308 0.1538462 1.2
0.1153846 0.1538462 1.24
0.1538462 0.1923077 1.2
0.1153846 0.1923077 1.2
0.1153846 0.2692308 1.16
0.07692308 0.2692308 1.12
