-0.5 0.4615385 1.4
-0.5 0.4615385 1.4
-0.5 0.4615385 1.4
-0.5 0.4615385 1.4
-0.5 0.4615385 1.4
-0.5 0.4615385 1.4
-0.5 0.4615385 1.4
-0.5 0.4615385 1.4
-0.5 0.4615385 1.4
-0.5 0.4615385 1.4
-0.5 0.4615385 1.4
-0.5 0.5 1.32
-0.4615385 0.5769231 1.2
-0.4230769 0.5769231 1.08
-0.3461539 0.6153846 0.92
-0.3076923 0.6153846 0.8
-0.2692308 0.5769231 0.76
-0.2307692 0.5769231 0.72
-0.1923077 0.5769231 0.68
-0.07692308 0.5384616 0.68
0 0.5384616 0.64
0.1153846 0.5 0.68
0.1923077 0.5 0.64
0.2307692 0.5 0.6
0.2692308 0.5 0.56
0.3076923 0.4615385 0.56
0.4230769 0.4230769 0.56
0.6153846 0.4230769 0.56
0.8461539 0.3846154 0.56
1.038462 0.3461539 0.52
1.153846 0.3076923 0.52
1.192308 0.2692308 0.52
1.192308 0.2692308 0.48
1.153846 0.2307692 0.52
1.153846 0.1923077 0.48
1.153846 0.1538462 0.56
1.076923 0.1153846 0.64
1.038462 0.07692308 0.72
1 0.03846154 0.8
0.9230769 0 0.88
0.8076923 0.03846154 0.96
0.6923077 0.03846154 0.96
0.6153846 0.07692308 0.96
0.5769231 0.07692308 0.92
0.5384616 0.07692308 0.88
0.5769231 0.03846154 0.88
0.6153846 0 0.92
0.6153846 0 0.96
0.6153846 0 0.96
0.6153846 -0.03846154 0.96
0.5769231 0 0.96
0.5384616 0 0.96
0.5 0 0.92
0.4615385 -0.03846154 0.96
