0.8846154 0.8461539 1.6
0.8846154 0.8461539 1.6
0.8846154 0.8461539 1.6
0.8846154 0.8461539 1.6
0.9615384 0.9615384 1.76
0.9615384 0.9615384 1.76
0.9615384 0.9615384 1.76
1.076923 1 1.84
1.076923 1 1.84
1.076923 1 1.84
1.076923 1 1.84
1.269231 1.038462 1.76
1.423077 1.038462 1.68
1.538462 1.076923 1.64
1.576923 1.038462 1.64
1.538462 1.038462 1.64
1.538462 1 1.64
1.5 0.9230769 1.6
1.423077 0.8461539 1.52
1.307692 0.7692308 1.44
1.192308 0.6923077 1.28
1.038462 0.6153846 1.2
1 0.5769231 1.16
0.9615384 0.5 1.16
1 0.4230769 1.12
1.038462 0.4230769 1.08
1.115385 0.4615385 1
1.192308 0.4615385 0.84
1.269231 0.5 0.64
1.346154 0.4615385 0.48
1.346154 0.4615385 0.36
1.230769 0.4615385 0.32
1.153846 0.3461539 0.32
1.115385 0.3076923 0.36
1.115385 0.2692308 0.36
1.076923 0.2307692 0.36
1 0.1923077 0.32
0.9230769 0.1538462 0.28
0.8846154 0.1538462 0.24
0.8461539 0.1538462 0.24
0.8076923 0.1153846 0.28
0.7307692 0.1153846 0.32
0.6538461 0.07692308 0.36
0.5 0.07692308 0.4
0.4615385 0.03846154 0.4
0.4615385 0.07692308 0.36
0.4615385 0.07692308 0.28
0.4615385 0.07692308 0.24
0.4230769 0.03846154 0.24
0.3461539 0.03846154 0.24
0.3076923 0 0.24
0.2307692 0 0.24
0.1153846 0 0.2
0.03846154 0 0.16
-0.03846154 0 0.12
-0.07692308 0 0.08
-0.07692308 0.03846154 0.08
-0.07692308 0.03846154 0.08
-0.07692308 0 0.16
-0.07692308 0 0.24
-0.1153846 -0.03846154 0.32
-0.2307692 -0.03846154 0.36
-0.3076923 -0.03846154 0.4
-0.3461539 -0.03846154 0.4
-0.3846154 -0.03846154 0.4
-0.3846154 0 0.4
-0.3461539 0 0.36
-0.3076923 0 0.4
-0.2692308 0.03846154 0.44
-0.2307692 0.03846154 0.52
-0.1923077 0 0.64
-0.1923077 0.03846154 0.76
-0.2692308 0.03846154 0.84
-0.3461539 0.07692308 0.88
-0.3846154 0.1538462 0.92
-0.4230769 0.1923077 0.92
-0.3461539 0.2307692 0.96
-0.2307692 0.2307692 1
-0.1538462 0.2692308 1.08
-0.07692308 0.2307692 1.2
-0.07692308 0.1923077 1.32
-0.07692308 0.1923077 1.36
-0.1538462 0.2692308 1.36
-0.1923077 0.3461539 1.28
-0.2307692 0.3846154 1.24
-0.2307692 0.4230769 1.28
-0.1538462 0.4230769 1.28
-0.07692308 0.4230769 1.32
0 0.4615385 1.28
0.1538462 0.5384616 1.4
0.1923077 0.5384616 1.44
0.2307692 0.5769231 1.44
0.2692308 0.6538461 1.36
0.3076923 0.6923077 1.28
0.3461539 0.6923077 1.24
0.3846154 0.6923077 1.24
0.4615385 0.6923077 1.28
0.5384616 0.6923077 1.32
0.6923077 0.6923077 1.32
0.8461539 0.6153846 1.36
0.9230769 0.5384616 1.36
1 0.5 1.36
1 0.5 1.28
0.9615384 0.4615385 1.24
0.9230769 0.5 1.2
0.9230769 0.5 1.16
1 0.5 1.12
1.076923 0.5 1.12
1.115385 0.4615385 1.08
1.153846 0.4230769 1.04
1.115385 0.3846154 1
0.6153846 0.4230769 0.68
0.5769231 0.3846154 0.68
0.5384616 0.3846154 0.76
