0.8076923 1.269231 1.84
0.8076923 1.269231 1.84
0.8076923 1.269231 1.84
0.8076923 1.269231 1.84
0.8076923 1.269231 1.84
0.8076923 1.269231 1.84
0.8076923 1.269231 1.84
0.8076923 1.269231 1.84
0.8076923 1.269231 1.84
0.8076923 1.269231 1.84
0.8076923 1.269231 1.84
0.8076923 1.269231 1.84
0.5384616 1.346154 2
0.3076923 1.384615 2.04
0.1538462 1.384615 2
0.1153846 1.346154 1.88
0.1538462 1.269231 1.76
0.1923077 1.230769 1.6
0.1923077 1.192308 1.52
0.1538462 1.153846 1.48
0.07692308 1.115385 1.52
0 1.038462 1.56
-0.03846154 1 1.6
-0.07692308 0.9615384 1.56
-0.03846154 0.9230769 1.52
0 0.9615384 1.44
0.03846154 0.9615384 1.36
0.03846154 1 1.2
0.07692308 0.9615384 1.12
0.07692308 0.9230769 1.12
0 0.8461539 1.16
-0.03846154 0.7692308 1.24
-0.07692308 0.6923077 1.28
-0.07692308 0.6538461 1.36
-0.07692308 0.6538461 1.4
-0.1153846 0.6923077 1.36
-0.1153846 0.7307692 1.2
-0.1153846 0.6923077 0.96
-0.1538462 0.6538461 0.8
-0.3076923 0.5 0.72
-0.3461539 0.4615385 0.76
-0.3461539 0.3461539 0.84
-0.3076923 0.3076923 0.88
-0.3076923 0.3076923 0.84
-0.2692308 0.3461539 0.56
-0.3461539 0.3461539 0.32
-0.4230769 0.2692308 0.16
-0.5 0.1923077 0.12
-0.4615385 0.1538462 0.12
-0.3846154 0.1153846 0.16
-0.2307692 0.1153846 0.32
-0.07692308 0.07692308 0.4
0 0.07692308 0.48
0.03846154 0.1153846 0.32
0 0.1153846 0.08
-0.03846154 0.03846154 -0.08
0 0 -0.2
0.1153846 0 -0.2
0.3461539 0.03846154 0.2
0.5 -0.07692308 0.56
0.5769231 -0.1538462 0.64
0.5384616 -0.07692308 0.52
0.4615385 -0.03846154 0.28
0.3846154 -0.07692308 0.04
0.3076923 -0.1538462 -0.08
0.2307692 -0.1538462 -0.08
0.1923077 -0.07692308 0
0.3846154 0 0.32
0.6538461 -0.07692308 0.8
0.8461539 -0.1538462 1
0.8846154 -0.1538462 0.84
0.6923077 -0.1153846 0.56
0.5769231 -0.07692308 0.28
0.5384616 -0.03846154 0.16
0.5769231 -0.03846154 0.2
0.6923077 -0.03846154 0.32
0.8461539 0 0.44
0.9230769 0 0.64
1 -0.03846154 0.8
1.038462 0 0.84
1.038462 0.03846154 0.76
1 0.1538462 0.68
0.9230769 0.1923077 0.68
0.8461539 0.2692308 0.76
0.8076923 0.2692308 0.88
0.7692308 0.1923077 0.96
0.8461539 0.1923077 1.04
0.9230769 0.1923077 1.12
0.9230769 0.1923077 1.24
0.9230769 0.3076923 1.24
0.7692308 0.4230769 1.28
0.7692308 0.4230769 1.28
0.7307692 0.4230769 1.28
0.6923077 0.4230769 1.32
0.6923077 0.4230769 1.36
0.7307692 0.3846154 1.36
0.6923077 0.4230769 1.36
0.6538461 0.5384616 1.4
0.5769231 0.6153846 1.44
0.5384616 0.6923077 1.44
0.5 0.6923077 1.48
0.4615385 0.7307692 1.52
0.3846154 0.7307692 1.48
0.3076923 0.7307692 1.44
0.2692308 0.7307692 1.32
0.2692308 0.7692308 1.2
0.2692308 0.7692308 1.2
0.2692308 0.7692308 1.24
0.2307692 0.6923077 1.28
0.1923077 0.6538461 1.28
0.1538462 0.6538461 1.2
0 0.6538461 1.16
-0.1153846 0.6153846 1.08
-0.1538462 0.6153846 1
-0.1153846 0.6153846 0.92
-0.07692308 0.5769231 0.88
-0.03846154 0.5769231 0.92
0 0.5384616 1
0.1538462 0.5 1.16
0.1923077 0.5 1.16
0.1923077 0.5384616 1.08
0.1538462 0.5384616 1.04
0.1153846 0.5769231 0.92
0.1538462 0.6153846 0.84
0.1923077 0.6153846 0.8
0.2307692 0.5769231 0.84
0.3076923 0.5384616 1
