1384510541294 35911169097597 1126243000000 5.822699 -1.072602 8.580819
1384510541405 35911280151063 1126353000000 5.363012 -0.766145 8.121132
1384510541515 35911390166933 1126463000000 3.371036 -5.363012 8.427590
1384510541628 35911502654726 1126573000000 3.371036 -10.266337 14.097059
1384510541739 35911613952333 1126683000000 9.346964 -3.064578 13.330915
1384510541851 35911725829774 1126793000000 11.338940 2.451663 10.726024
1384510541973 35911847961122 1126903000000 8.121132 0.766145 6.435614
1384510542075 35911950133974 1127013000000 -2.298434 0.919373 8.580819
1384510542189 35912063659364 1127123000000 -4.750096 -9.500193 13.943830
1384510542299 35912174194032 1127233000000 -3.217807 -8.734048 10.266337
1384510542411 35912285796815 1127343000000 -0.612916 -0.153229 7.354988
1384510542510 35912385284120 1127453000000 3.677494 6.742072 7.354988
1384510542610 35912484893495 1127563000000 -0.306458 8.274362 7.048530
1384510542721 35912596007997 1127673000000 -1.072602 3.677494 7.354988
1384510542832 35912707183534 1127783000000 -2.145205 5.209783 9.500193
1384510542955 35912830260927 1127893000000 -2.758120 4.137181 9.653421
1384510543066 35912941466981 1128003000000 -1.225831 4.290410 9.193734
