1384510569498 35939373473817 1154433000000 5.056554 -1.532289 8.887277
1384510569607 35939482299501 1154543000000 5.209783 -1.838747 8.580819
1384510569711 35939586364443 1154653000000 3.371036 -3.217807 6.742072
1384510569814 35939688750917 1154763000000 3.524265 -10.572795 11.338940
1384510569941 35939816222841 1154873000000 8.121132 -4.903325 14.097059
1384510570043 35939918059999 1154983000000 10.879252 1.379060 11.798626
1384510570144 35940018768007 1155093000000 8.427590 0.000000 7.201759
1384510570254 35940129363710 1155203000000 0.766145 -2.604892 7.354988
1384510570366 35940241149598 1155313000000 -3.524265 -13.790602 13.024457
1384510570477 35940351867372 1155423000000 -2.298434 -11.492168 10.266337
1384510570600 35940475402528 1155533000000 1.532289 -1.532289 8.887277
1384510570712 35940587554628 1155643000000 4.290410 2.911349 7.508216
1384510570807 35940682555849 1155753000000 1.072602 5.056554 7.048530
1384510570909 35940783660585 1155863000000 -0.919373 4.443638 7.814674
1384510571023 35940898101503 1155973000000 -1.991976 3.064578 8.121132
1384510571134 35941008910829 1156083000000 -1.685518 4.443638 9.653421
1384510571248 35941123626405 1156193000000 -4.903325 5.516241 8.734048
1384510571372 35941247375184 1156303000000 -2.145205 3.830723 8.734048
