1384510580623 35950497924501 1165553000000 4.596867 -1.532289 9.040505
1384510580708 35950583434755 1165663000000 5.056554 -1.072602 8.580819
1384510580820 35950695281678 1165773000000 3.217807 -4.443638 7.201759
1384510580930 35950805236513 1165883000000 2.604892 -11.338940 11.798626
1384510581070 35950945220643 1165993000000 8.427590 -2.145205 13.790602
1384510581168 35951043029481 1166103000000 11.032481 2.604892 10.572795
1384510581277 35951152404481 1166213000000 6.895301 0.306458 8.580819
1384510581389 35951264190370 1166323000000 -0.612916 -8.427590 9.653421
1384510581484 35951359130555 1166433000000 -3.983952 -13.177687 13.637373
1384510581597 35951471679384 1166543000000 -0.306458 -6.895301 11.032481
1384510581718 35951593078309 1166653000000 4.290410 1.532289 9.040505
1384510581829 35951704101259 1166763000000 3.064578 4.137181 7.048530
1384510581930 35951805389101 1166873000000 0.459687 3.677494 7.201759
1384510582053 35951928130800 1166983000000 -0.919373 3.064578 8.887277
1384510582150 35952024718935 1167093000000 -2.451663 3.217807 9.193734
1384510582261 35952136474306 1167203000000 -1.685518 3.371036 9.806650
