0.6153846 0.1923077 1.2
0.6153846 0.1923077 1.2
0.6153846 0.1923077 1.2
0.6153846 0.1923077 1.2
0.6153846 0.1923077 1.2
0.6153846 0.1923077 1.2
0.6153846 0.1923077 1.2
0.6153846 0.1923077 1.2
0.6153846 0.1923077 1.2
0.6153846 0.1923077 1.2
0.6153846 0.1923077 1.2
0.6538461 0.2692308 1.2
0.6538461 0.2692308 1.2
0.6538461 0.2692308 1.2
0.6538461 0.2692308 1.16
0.6538461 0.3076923 1.12
0.6153846 0.3076923 1.12
0.6153846 0.3076923 1.08
0.5769231 0.3461539 1.04
0.5769231 0.3461539 1.04
0.5384616 0.3846154 1.04
0.5384616 0.3846154 1.04
0.5384616 0.4230769 1
0.5769231 0.4615385 1
0.5384616 0.5 1
0.5 0.5 1
0.3846154 0.5 1
0.3076923 0.5 0.96
0.2307692 0.5 0.92
0.2307692 0.5 0.92
0.1923077 0.5384616 0.92
0.1538462 0.5 0.96
0.1153846 0.5384616 0.96
0.07692308 0.5384616 1
0.03846154 0.5769231 1.04
0 0.5769231 1
-0.03846154 0.5384616 0.92
-0.07692308 0.5384616 0.88
-0.07692308 0.5 0.84
-0.1153846 0.5 0.92
-0.1923077 0.4615385 1
-0.2307692 0.4615385 1
-0.2692308 0.4230769 1
-0.3076923 0.4230769 0.92
-0.2692308 0.3846154 0.88
-0.2692308 0.3846154 0.84
-0.2692308 0.3461539 0.88
-0.3076923 0.3461539 0.96
-0.3076923 0.3461539 1
-0.3846154 0.3461539 1.04
-0.3846154 0.2692308 1.04
-0.3846154 0.2692308 1.04
-0.3461539 0.2307692 0.92
-0.2692308 0.2307692 0.96
-0.2692308 0.2692308 1.04
-0.2692308 0.2692308 1.12
-0.3076923 0.2692308 1.12
-0.3461539 0.2692308 1.08
-0.3076923 0.2307692 0.96
-0.2692308 0.2307692 0.84
-0.2307692 0.2307692 0.8
-0.1923077 0.1923077 0.76
-0.2307692 0.1923077 0.8
-0.3461539 0.1923077 0.88
-0.4230769 0.1923077 0.96
-0.4615385 0.1538462 1
-0.4615385 0.1153846 1
-0.4615385 0.1153846 1
-0.4615385 0.07692308 1
-0.5 0.07692308 0.96
-0.5384616 0.03846154 0.96
-0.6153846 0 0.92
-0.6153846 -0.03846154 0.92
-0.6153846 -0.03846154 0.96
-0.6153846 -0.03846154 1
-0.5769231 0 1
-0.5769231 0 1
-0.5384616 0 0.96
-0.5 0 0.96
-0.5 0 0.96
-0.4615385 0 1
-0.4230769 0 1
-0.3846154 0 1
-0.3461539 0 0.96
-0.3076923 0 0.92
-0.3076923 0 0.92
