0.8846154 0.5 0.88
0.8846154 0.5 0.88
0.8846154 0.5 0.88
0.8846154 0.5 0.88
0.8846154 0.5 0.88
0.8846154 0.5 0.88
0.8846154 0.5 0.88
0.8846154 0.5 0.88
0.8846154 0.5 0.88
0.8846154 0.5 0.88
0.8846154 0.5 0.88
0.9230769 0.5 0.96
0.9230769 0.5 1.04
0.9615384 0.5 1.04
0.9230769 0.5384616 1.08
0.9230769 0.5769231 1.12
0.8846154 0.6153846 1.12
0.8076923 0.6538461 1.12
0.7692308 0.6923077 1.08
0.7307692 0.6923077 1.08
0.6538461 0.7307692 1.12
0.5769231 0.7307692 1.16
0.5 0.7307692 1.2
0.4230769 0.7307692 1.28
0.3461539 0.7692308 1.32
0.3461539 0.7692308 1.28
0.3461539 0.8461539 1.28
0.3461539 0.8461539 1.32
0.2692308 0.8461539 1.36
0.1923077 0.8461539 1.44
0.1153846 0.8461539 1.44
0 0.7692308 1.52
-0.03846154 0.7692308 1.6
-0.1153846 0.7692308 1.68
-0.1538462 0.7692308 1.76
-0.1538462 0.7692308 1.8
-0.1538462 0.8076923 1.8
-0.1538462 0.8076923 1.76
-0.1538462 0.7692308 1.68
-0.1538462 0.7307692 1.6
-0.1538462 0.7307692 1.56
-0.1538462 0.7307692 1.52
-0.1538462 0.6923077 1.52
-0.1538462 0.6923077 1.52
-0.1923077 0.6153846 1.52
-0.2307692 0.5384616 1.6
-0.2692308 0.4615385 1.68
-0.3076923 0.4230769 1.76
-0.3461539 0.4230769 1.8
-0.3846154 0.3846154 1.8
-0.4230769 0.3461539 1.72
-0.4615385 0.3076923 1.68
-0.4615385 0.3076923 1.72
-0.4615385 0.3461539 1.72
-0.4615385 0.3461539 1.72
-0.5 0.3461539 1.64
-0.5384616 0.3076923 1.52
-0.5769231 0.2692308 1.44
-0.5769231 0.2307692 1.32
-0.6153846 0.1923077 1.24
-0.6153846 0.1923077 1.24
-0.5769231 0.2307692 1.24
-0.5769231 0.2307692 1.2
-0.6153846 0.2307692 1.12
-0.6538461 0.1923077 1
-0.6538461 0.1923077 0.92
-0.6153846 0.1538462 0.84
-0.6153846 0.1153846 0.76
-0.6153846 0.1153846 0.68
-0.6538461 0.07692308 0.64
-0.6538461 0.07692308 0.56
-0.6538461 0.03846154 0.48
-0.6538461 0 0.44
-0.6538461 0 0.48
-0.6538461 0 0.48
-0.5769231 0 0.48
-0.5384616 0.03846154 0.44
-0.4615385 0.07692308 0.44
-0.4230769 0.07692308 0.4
-0.3461539 0.1153846 0.36
-0.3076923 0.1153846 0.32
-0.3076923 0.1153846 0.32
-0.2692308 0.07692308 0.24
-0.2307692 0.07692308 0.2
-0.1923077 0.07692308 0.12
-0.1153846 0.07692308 0.08
-0.07692308 0.07692308 0.08
0.03846154 0.07692308 0.08
0.07692308 0.07692308 0.12
0.07692308 0.07692308 0.2
0.07692308 0.07692308 0.28
0 0 0.36
-0.07692308 0 0.4
-0.1153846 -0.03846154 0.4
-0.1538462 -0.07692308 0.4
-0.07692308 -0.03846154 0.32
0.03846154 0 0.28
0.1153846 0.03846154 0.24
0.2307692 0.07692308 0.2
0.3461539 0.1153846 0.12
0.3846154 0.1153846 0.04
0.4230769 0.1153846 -0.04
0.4615385 0.07692308 -0.08
0.5 0.07692308 0.04
0.5384616 0.07692308 0.2
0.5769231 0.07692308 0.36
0.6538461 0.07692308 0.48
0.6923077 0.07692308 0.52
0.6923077 0.07692308 0.56
0.7307692 0.07692308 0.52
0.7307692 0.07692308 0.48
0.7692308 0.07692308 0.48
0.7692308 0.07692308 0.52
0.7692308 0.1153846 0.6
0.7692308 0.1153846 0.6
0.7692308 0.07692308 0.6
0.7307692 0.07692308 0.6
0.6923077 0.07692308 0.6
0.6923077 0.07692308 0.6
0.6153846 0.07692308 0.72
0.6153846 0.1153846 0.8
0.6153846 0.1153846 0.84
0.6538461 0.1538462 0.88
0.6923077 0.1538462 0.92
0.7307692 0.1538462 0.96
0.6923077 0.1538462 1.04
0.6153846 0.1153846 1.12
0.5 0.1153846 1.2
0.4615385 0.07692308 1.24
0.5 0.1153846 1.2
0.5769231 0.1538462 1.16
0.6923077 0.2307692 1.2
0.7307692 0.2692308 1.28
0.6538461 0.2692308 1.36
0.5769231 0.2692308 1.36
0.6153846 0.3461539 1.36
0.6923077 0.3846154 1.36
0.7307692 0.4230769 1.44
0.6538461 0.4230769 1.56
0.5 0.4230769 1.68
0.3846154 0.3846154 1.76
0.2692308 0.3846154 1.72
0.2692308 0.3846154 1.48
0.2692308 0.3846154 1.48
0.2692308 0.4230769 1.44
0.2307692 0.4615385 1.48
0.1538462 0.4615385 1.52
0.07692308 0.4230769 1.6
0 0.4230769 1.64
0 0.4230769 1.6
0 0.4230769 1.52
0.03846154 0.4615385 1.48
0.03846154 0.5 1.48
0 0.5 1.56
-0.07692308 0.5 1.6
-0.1153846 0.5 1.6
-0.1153846 0.5 1.52
-0.1153846 0.5 1.44
-0.1153846 0.5 1.4
-0.1153846 0.5 1.36
-0.1153846 0.5 1.36
-0.1153846 0.5 1.32
-0.1538462 0.5 1.32
-0.1538462 0.5 1.28
-0.1923077 0.5 1.24
-0.2307692 0.4615385 1.24
-0.2692308 0.4615385 1.2
-0.3076923 0.4230769 1.2
-0.3076923 0.4230769 1.16
-0.2692308 0.4230769 1.16
-0.1923077 0.4230769 1.16
-0.1538462 0.4615385 1.12
-0.1153846 0.4615385 1.08
-0.07692308 0.4615385 1.08
-0.07692308 0.4615385 1.04
-0.07692308 0.4615385 1.04
-0.1153846 0.4230769 1.04
-0.1153846 0.3846154 1
-0.1153846 0.3846154 1
-0.1153846 0.3461539 1
-0.1153846 0.3846154 1
-0.07692308 0.3846154 1
-0.07692308 0.3846154 1.04
-0.07692308 0.3846154 1.04
-0.03846154 0.3846154 1
0 0.3461539 0.96
0 0.3461539 0.92
0 0.3461539 0.88
0 0.3076923 0.84
