0.6923077 0.1538462 1.12
0.6923077 0.1538462 1.12
0.6923077 0.1538462 1.12
0.6923077 0.1538462 1.12
0.6923077 0.1538462 1.12
0.6923077 0.1538462 1.12
0.6923077 0.1538462 1.12
0.6153846 0.1153846 1.12
0.6153846 0.1153846 1.12
0.6153846 0.1153846 1.12
0.6153846 0.1153846 1.12
0.6153846 0.1153846 1.12
0.6153846 0.1153846 1.12
0.6153846 0.1153846 1.12
0.6153846 0.07692308 1.04
0.6153846 0.1153846 1.04
0.6153846 0.1153846 1.04
0.6153846 0.1538462 1
0.6538461 0.1538462 0.96
0.6538461 0.1923077 0.92
0.6923077 0.2307692 0.92
0.6923077 0.2692308 0.92
0.6923077 0.3076923 0.96
0.6923077 0.3076923 1
0.6538461 0.3461539 1
0.6153846 0.3461539 1
0.6153846 0.3461539 1
0.5769231 0.3846154 1
0.5769231 0.3846154 1
0.5384616 0.4230769 1
0.5 0.4230769 1
0.5 0.4615385 1
0.4230769 0.4615385 1.04
0.3846154 0.5 1.12
0.3076923 0.4615385 1.12
0.2307692 0.4615385 1.16
0.1538462 0.4615385 1.12
0.1153846 0.4230769 1.08
0.1153846 0.4230769 1
0.1153846 0.4615385 0.96
0.1153846 0.5 1
0.07692308 0.5 1.04
0 0.5 1.08
-0.07692308 0.5 1.08
-0.07692308 0.4615385 1.04
-0.1153846 0.4615385 1.04
-0.1153846 0.4230769 1
-0.1538462 0.4230769 0.96
-0.1538462 0.3846154 1
-0.1923077 0.4230769 1
-0.2307692 0.4230769 1.04
-0.2307692 0.4230769 1
-0.1923077 0.4230769 1
-0.2307692 0.3846154 0.96
-0.2692308 0.3461539 0.96
-0.3461539 0.3076923 0.96
-0.3461539 0.2692308 1
-0.3846154 0.2692308 1
-0.4230769 0.2307692 1
-0.4230769 0.1923077 0.96
-0.4230769 0.1538462 0.92
-0.4230769 0.1538462 1
-0.4615385 0.1538462 1.04
-0.5 0.1153846 1.04
-0.5 0.1153846 1.04
-0.5 0.07692308 1.04
-0.5 0.07692308 1
-0.5 0.07692308 1
-0.5 0.03846154 1.04
-0.5 0.03846154 1.04
-0.5384616 0.03846154 1.04
-0.5384616 0 1
-0.5769231 -0.03846154 1
-0.5769231 -0.03846154 1
-0.5769231 -0.07692308 1
-0.5769231 -0.07692308 1
-0.5769231 -0.07692308 1
-0.5769231 -0.07692308 1.04
-0.5384616 -0.1153846 1.04
-0.5 -0.1153846 1
-0.4615385 -0.07692308 1
-0.4230769 -0.03846154 1
-0.3846154 -0.03846154 1
-0.3461539 0 1
