0.1153846 0.4230769 1.16
0.1153846 0.4230769 1.16
0.1153846 0.4230769 1.16
0.07692308 0.3461539 1.32
0.07692308 0.3461539 1.32
0.07692308 0.3461539 1.32
0.07692308 0.3461539 1.32
0.07692308 0.3461539 1.32
0.07692308 0.3461539 1.32
0.07692308 0.3461539 1.32
0.07692308 0.3461539 1.32
0.03846154 0.2692308 1.52
0.03846154 0.2692308 1.72
0.1153846 0.2692308 1.88
0.1538462 0.2692308 2.04
0.2307692 0.3461539 2.12
0.3076923 0.3846154 2.2
0.3461539 0.4230769 2.24
0.3461539 0.4615385 2.24
0.3461539 0.4615385 2.2
0.2692308 0.4615385 2.2
0.2307692 0.5 2.16
0.2307692 0.5384616 2.12
0.1923077 0.6153846 2.08
0.1923077 0.6153846 1.96
0.1153846 0.6538461 1.88
0.07692308 0.6538461 1.8
0.03846154 0.6538461 1.72
0 0.6538461 1.68
-0.03846154 0.6153846 1.6
-0.03846154 0.6153846 1.56
-0.03846154 0.6538461 1.48
0 0.6538461 1.4
0.03846154 0.6923077 1.32
0.03846154 0.6923077 1.28
0.03846154 0.6538461 1.2
0.03846154 0.6153846 1.16
0 0.5769231 1.12
0 0.5 1.04
0 0.5 1
0 0.4615385 0.96
0 0.4615385 1.04
-0.03846154 0.4230769 1
-0.03846154 0.3846154 0.96
-0.03846154 0.3461539 0.88
-0.03846154 0.3076923 0.8
0 0.3076923 0.72
0 0.2307692 0.68
0 0.1923077 0.68
-0.03846154 0.1538462 0.68
-0.03846154 0.1538462 0.64
0 0.1538462 0.56
0.03846154 0.1153846 0.48
0.03846154 0.07692308 0.4
0 0.03846154 0.44
-0.07692308 0 0.44
-0.1153846 -0.07692308 0.44
-0.1153846 -0.1153846 0.4
-0.1153846 -0.1538462 0.32
-0.07692308 -0.1153846 0.2
0 -0.07692308 0.12
0.07692308 -0.1153846 0.04
0.07692308 -0.1538462 0
0.07692308 -0.1923077 -0.08
0.07692308 -0.2692308 -0.12
0.03846154 -0.3076923 -0.16
0.03846154 -0.3461539 -0.16
0.03846154 -0.4230769 -0.12
0.07692308 -0.4230769 -0.12
0.07692308 -0.4230769 -0.08
0.07692308 -0.3846154 -0.08
0.1153846 -0.4230769 -0.04
0.1153846 -0.4615385 -0.04
0.1153846 -0.5 -0.04
0.1153846 -0.5384616 -0.04
0.07692308 -0.5384616 -0.04
0.1153846 -0.5384616 -0.04
0.1153846 -0.5384616 -0.04
0.1153846 -0.5 -0.04
0.1153846 -0.5 0
0.1153846 -0.5384616 0.04
0.1153846 -0.5384616 0.04
