-0.03846154 -0.7307692 0.48
-0.03846154 -0.7307692 0.48
-0.03846154 -0.7307692 0.48
-0.03846154 -0.7307692 0.48
-0.03846154 -0.7307692 0.48
-0.03846154 -0.7307692 0.48
-0.03846154 -0.7307692 0.48
-0.03846154 -0.6923077 0.44
-0.03846154 -0.6923077 0.44
-0.03846154 -0.6923077 0.44
-0.03846154 -0.6923077 0.44
0 -0.6923077 0.44
0 -0.6538461 0.4
0.03846154 -0.6153846 0.32
0.03846154 -0.5769231 0.28
0.03846154 -0.5384616 0.24
0.03846154 -0.5384616 0.2
0.03846154 -0.5 0.16
0.03846154 -0.5 0.12
0.03846154 -0.4615385 0.12
0.07692308 -0.4230769 0.12
0.07692308 -0.3846154 0.12
0.07692308 -0.3846154 0.08
0.07692308 -0.3461539 0.04
0.07692308 -0.3461539 -0.04
0.07692308 -0.3076923 -0.08
0.07692308 -0.2692308 -0.08
0.03846154 -0.2692308 -0.04
0.03846154 -0.2307692 0.04
0 -0.2307692 0.12
0 -0.1923077 0.2
0 -0.1538462 0.24
0 -0.1153846 0.16
0 -0.07692308 0.12
0.03846154 -0.07692308 0.08
0.03846154 0 0.16
0.03846154 0 0.24
0 0.03846154 0.36
-0.03846154 0.07692308 0.44
-0.03846154 0.07692308 0.52
-0.03846154 0.07692308 0.48
0 0.07692308 0.48
0 0.1538462 0.52
0.03846154 0.1923077 0.64
0 0.2307692 0.76
-0.03846154 0.2692308 0.88
-0.03846154 0.2692308 0.92
-0.07692308 0.2692308 0.84
-0.07692308 0.3076923 0.76
0 0.3846154 0.8
0.03846154 0.4615385 0.84
0.07692308 0.5384616 0.92
0.07692308 0.5769231 1.08
0.03846154 0.6153846 1.2
0 0.6153846 1.28
0 0.6153846 1.28
0 0.5769231 1.28
0 0.5769231 1.36
0.03846154 0.5769231 1.48
0 0.5769231 1.56
0 0.6153846 1.64
0 0.6153846 1.6
0.07692308 0.6538461 1.56
0.1153846 0.6538461 1.64
0.1538462 0.6153846 1.72
0.07692308 0.5769231 1.92
0 0.4615385 2.12
-0.1153846 0.3846154 2.32
-0.1538462 0.2692308 2.44
-0.1538462 0.2692308 2.44
-0.1153846 0.2692308 2.36
-0.1153846 0.3076923 2.24
-0.07692308 0.3076923 2.16
-0.1153846 0.3076923 2
-0.07692308 0.3076923 1.84
-0.07692308 0.3076923 1.76
-0.07692308 0.3076923 1.72
-0.1153846 0.3076923 1.72
-0.1153846 0.3076923 1.72
-0.1153846 0.3076923 1.64
-0.1153846 0.3461539 1.56
-0.07692308 0.3846154 1.44
0 0.3846154 1.28
0.03846154 0.4230769 1.2
0.03846154 0.4230769 1.12
0.03846154 0.4230769 1.08
0.03846154 0.4230769 1.08
0 0.4230769 1.04
0 0.4230769 1.04
0 0.4230769 1.04
0 0.4230769 1
0.03846154 0.4230769 0.96
0.03846154 0.4615385 0.88
0.03846154 0.4615385 0.8
