-0.2307692 -0.7692308 0.24
-0.2307692 -0.7692308 0.24
-0.2307692 -0.7692308 0.24
-0.2307692 -0.7692308 0.24
-0.2307692 -0.7692308 0.24
-0.2307692 -0.7692308 0.24
-0.2307692 -0.7692308 0.24
-0.2307692 -0.7692308 0.24
-0.2307692 -0.7692308 0.24
-0.2307692 -0.7692308 0.24
-0.2307692 -0.7692308 0.24
-0.1538462 -0.6538461 0.16
-0.07692308 -0.5769231 0.04
0 -0.5384616 -0.12
0 -0.5384616 -0.2
-0.03846154 -0.5384616 -0.28
0 -0.5 -0.36
-0.03846154 -0.5 -0.36
-0.03846154 -0.4615385 -0.36
-0.03846154 -0.4230769 -0.36
0 -0.3846154 -0.32
0.03846154 -0.3461539 -0.28
0.03846154 -0.2692308 -0.24
0.03846154 -0.2692308 -0.2
0 -0.2307692 -0.2
-0.03846154 -0.2307692 -0.16
-0.07692308 -0.2307692 -0.16
-0.1153846 -0.1923077 -0.16
-0.07692308 -0.1538462 -0.16
-0.07692308 -0.07692308 -0.12
-0.07692308 0 -0.08
-0.07692308 0.07692308 -0.04
-0.07692308 0.1153846 0.04
-0.07692308 0.1538462 0.08
-0.07692308 0.2307692 0.12
-0.03846154 0.2692308 0.16
-0.03846154 0.3076923 0.24
-0.07692308 0.3076923 0.32
-0.07692308 0.3461539 0.48
-0.07692308 0.4230769 0.64
-0.03846154 0.5 0.68
0 0.5 0.72
0 0.5769231 0.72
0 0.5769231 0.76
0.03846154 0.6153846 0.96
0.03846154 0.6538461 1.16
0.03846154 0.6923077 1.32
0.07692308 0.6923077 1.4
0.07692308 0.6923077 1.4
0.1153846 0.6923077 1.4
0.1923077 0.7307692 1.48
0.1538462 0.7307692 1.6
0.07692308 0.7307692 1.8
0 0.6923077 2
0 0.6538461 2.08
0.03846154 0.6153846 2.04
0.1153846 0.6153846 1.92
0.1923077 0.6153846 1.88
0.1923077 0.5769231 1.96
0.1923077 0.5769231 2.16
0.1153846 0.5 2.4
0.07692308 0.4615385 2.52
0.07692308 0.4230769 2.56
0.07692308 0.3461539 2.52
0.07692308 0.3461539 2.44
0.07692308 0.3461539 2.4
0.03846154 0.3076923 2.28
0.03846154 0.2692308 2.16
0.07692308 0.3076923 1.96
0.07692308 0.3461539 1.88
0.1153846 0.3846154 1.84
0.1923077 0.3846154 1.8
0.1923077 0.3846154 1.68
0.1538462 0.3846154 1.6
0.1153846 0.3846154 1.52
0.07692308 0.3846154 1.44
0.03846154 0.3846154 1.32
0.07692308 0.3846154 1.2
0.07692308 0.4230769 1.08
0.07692308 0.4230769 1.04
0.07692308 0.4230769 1
0.07692308 0.4230769 1
0.07692308 0.4230769 0.96
