1384187371850 80270139687003 2770522000000 3.677494 -1.685518 8.887277
1384187371964 80270254158438 2770632000000 3.830723 -1.991976 9.653421
1384187372076 80270365456046 2770742000000 4.290410 -0.459687 9.500193
1384187372187 80270476540030 2770852000000 7.814674 7.048530 14.403518
1384187372298 80270587868155 2770962000000 5.516241 1.838747 20.992361
1384187372409 80270699013175 2771072000000 2.451663 -2.298434 12.258313
1384187372521 80270810432852 2771182000000 0.306458 -0.766145 -2.758120
1384187372632 80270921486319 2771292000000 1.379060 -0.459687 -2.758120
1384187372743 80271033089102 2771402000000 2.298434 1.991976 0.459687
1384187372854 80271143715323 2771512000000 4.750096 -1.991976 12.871228
1384187372952 80271241646231 2771622000000 4.596867 0.459687 17.774553
1384187373080 80271369270743 2771732000000 6.435614 -0.766145 15.016433
1384187373167 80271457191885 2771842000000 4.443638 -0.153229 11.798626
1384187373277 80271566627921 2771952000000 4.290410 0.919373 7.967903
1384187373388 80271677864493 2772062000000 4.903325 0.000000 8.427590
1384187373499 80271789162100 2772172000000 5.056554 0.459687 9.346964
1384187373611 80271900429190 2772282000000 4.903325 0.000000 9.346964
1384187373727 80272016701163 2772392000000 5.363012 0.459687 8.734048
1384187373838 80272127876700 2772502000000 4.290410 0.153229 9.040505
