1384187415803 80314092995108 2814472000000 2.451663 -0.612916 9.500193
1384187415915 80314204506339 2814582000000 2.604892 -0.612916 9.806650
1384187416027 80314316780508 2814692000000 2.758120 0.306458 10.572795
1384187416127 80314416878165 2814802000000 5.056554 4.596867 15.476120
1384187416238 80314527351798 2814912000000 1.991976 3.064578 17.314867
1384187416350 80314639290274 2815022000000 1.072602 -2.604892 9.653421
1384187416461 80314750587882 2815132000000 -0.766145 -1.532289 0.459687
1384187416572 80314861854971 2815242000000 0.612916 0.766145 -1.072602
1384187416695 80314984596671 2815352000000 1.532289 3.064578 3.983952
1384187416806 80315095833243 2815462000000 1.991976 -2.145205 11.032481
1384187416893 80315182747305 2815572000000 3.371036 -3.677494 17.621325
1384187417030 80315319343985 2815682000000 3.830723 -2.451663 15.476120
1384187417116 80315405708731 2815792000000 3.983952 -0.919373 10.266337
1384187417235 80315524361075 2815902000000 3.830723 0.306458 8.887277
1384187417346 80315635414542 2816012000000 4.443638 -0.919373 9.500193
1384187417456 80315745582999 2816122000000 3.983952 -0.459687 9.500193
1384187417567 80315856209219 2816232000000 3.371036 0.919373 8.887277
1384187417678 80315968117178 2816342000000 4.137181 -1.072602 10.113108
1384187417791 80316080635489 2816452000000 5.056554 -0.766145 9.193734
