1384248826570 98067132767493 830691000000 6.895301 -5.975927 5.056554
1384248826688 98067250290687 830801000000 7.048530 -5.822699 4.750096
1384248826805 98067367508704 830911000000 6.895301 -5.363012 4.596867
1384248826915 98067477707679 831021000000 5.516241 -6.742072 4.596867
1384248827026 98067588883216 831131000000 8.121132 -16.855181 17.927782
1384248827113 98067675553138 831241000000 21.605276 -11.798626 15.476120
1384248827225 98067787766273 831351000000 13.943830 -4.443638 1.072602
1384248827336 98067898880775 831461000000 4.596867 2.451663 0.919373
1384248827448 98068010086829 831571000000 -0.153229 -1.532289 -4.290410
1384248827563 98068124924476 831681000000 -0.459687 -2.298434 -5.516241
1384248827674 98068236283118 831791000000 7.814674 -14.863204 -3.371036
1384248827785 98068347428138 831901000000 12.258313 -21.605276 0.000000
1384248827896 98068458695228 832011000000 13.943830 -11.645397 6.282385
1384248828008 98068570053870 832121000000 10.879252 -3.371036 1.379060
1384248828117 98068679367835 832231000000 9.500193 1.379060 4.750096
1384248828229 98068791184241 832341000000 6.435614 -6.588843 5.056554
1384248828341 98068903580482 832451000000 6.282385 -7.354988 4.443638
1384248828452 98069014725501 832561000000 6.282385 -7.967903 4.596867
1384248828564 98069126084144 832671000000 8.887277 -5.363012 5.209783
