1384248869644 98110206192786 873761000000 6.435614 -5.975927 5.056554
1384248869759 98110320938880 873871000000 6.588843 -5.669470 4.903325
1384248869869 98110431473548 873981000000 6.588843 -5.516241 5.056554
1384248869981 98110543320472 874091000000 6.282385 -8.121132 8.274362
1384248870091 98110653733069 874201000000 16.089035 -16.701952 24.669855
1384248870203 98110765763099 874311000000 17.008410 -7.354988 7.354988
1384248870313 98110875778968 874421000000 4.137181 -1.379060 -0.919373
1384248870424 98110986923988 874531000000 3.217807 3.524265 -0.919373
1384248870536 98111098191077 874641000000 0.306458 0.000000 -5.056554
1384248870647 98111209519202 874751000000 3.830723 -11.951855 -9.040505
1384248870733 98111295700843 874861000000 14.709975 -19.613300 1.225831
1384248870845 98111407059486 874971000000 21.452047 -16.701952 17.468096
1384248870956 98111518265540 875081000000 17.161638 -1.532289 2.758120
1384248871067 98111629624183 875191000000 4.750096 -4.750096 1.532289
1384248871178 98111740738685 875301000000 5.209783 -5.975927 4.903325
1384248871289 98111851425941 875411000000 7.048530 -6.435614 5.516241
1384248871401 98111963303382 875521000000 4.903325 -7.814674 5.516241
1384248871529 98112091141517 875631000000 6.129157 -5.056554 5.209783
