1384510000188 35370063140565 585123000000 -3.064578 0.306458 9.193734
1384510000299 35370174560242 585233000000 -3.217807 0.306458 9.040505
1384510000411 35370286040955 585343000000 -2.911349 -2.911349 4.137181
1384510000522 35370397247010 585453000000 -0.306458 -0.153229 -0.153229
1384510000633 35370507629090 585563000000 4.137181 -4.290410 4.137181
1384510000745 35370619689637 585673000000 13.330915 -0.612916 31.258698
1384510000843 35370717773133 585783000000 6.588843 -1.379060 23.597252
1384510000956 35370830749207 585893000000 8.580819 -3.524265 11.185710
1384510001067 35370942199403 586003000000 5.209783 -1.991976 1.532289
1384510001178 35371053466492 586113000000 0.459687 3.371036 0.919373
1384510001289 35371163940125 586223000000 -1.685518 5.975927 5.056554
1384510001392 35371267242127 586333000000 -11.798626 21.145590 -1.532289
1384510001526 35371401611024 586443000000 -1.838747 6.129157 9.040505
1384510001641 35371516326600 586553000000 -2.604892 5.822699 8.734048
