1384510036347 35406221831972 621273000000 -2.604892 0.459687 9.653421
1384510036456 35406331390077 621383000000 -2.604892 1.072602 9.806650
1384510036543 35406418182069 621493000000 -3.371036 0.000000 7.661446
1384510036661 35406536254579 621603000000 -0.766145 -1.379060 -0.766145
1384510036773 35406647674257 621713000000 3.983952 -5.669470 -0.766145
1384510036884 35406758910829 621823000000 13.943830 -8.580819 19.460072
1384510036981 35406856322938 621933000000 9.040505 -2.604892 26.815060
1384510037092 35406967590028 622043000000 8.580819 -7.508216 15.935806
1384510037204 35407078887636 622153000000 7.201759 -4.137181 7.354988
1384510037314 35407189483339 622263000000 3.371036 -1.685518 0.766145
1384510037426 35407301421815 622373000000 -0.306458 3.064578 4.290410
1384510037539 35407413695985 622483000000 -1.838747 3.217807 6.895301
1384510037659 35407534179384 622593000000 22.831108 29.266722 63.589996
1384510037771 35407646178895 622703000000 -1.685518 4.290410 9.806650
1384510037866 35407741332704 622813000000 -0.612916 3.524265 8.121132
