-0.03846154 -0.6923077 0.44
-0.03846154 -0.6923077 0.44
-0.03846154 -0.6923077 0.44
-0.03846154 -0.6923077 0.44
-0.03846154 -0.6923077 0.44
-0.03846154 -0.6923077 0.44
-0.03846154 -0.6923077 0.44
-0.03846154 -0.6923077 0.44
-0.03846154 -0.6538461 0.48
-0.03846154 -0.6538461 0.48
-0.03846154 -0.6538461 0.48
-0.03846154 -0.6538461 0.48
-0.03846154 -0.6538461 0.48
-0.03846154 -0.6538461 0.48
-0.07692308 -0.6538461 0.48
-0.07692308 -0.6538461 0.48
-0.07692308 -0.6538461 0.44
-0.07692308 -0.6153846 0.4
-0.07692308 -0.5769231 0.4
-0.07692308 -0.5769231 0.44
-0.07692308 -0.5 0.44
-0.07692308 -0.5 0.44
-0.07692308 -0.4615385 0.52
-0.07692308 -0.4230769 0.56
-0.07692308 -0.3846154 0.56
-0.07692308 -0.3461539 0.6
-0.07692308 -0.3461539 0.6
-0.1153846 -0.3461539 0.64
-0.07692308 -0.3076923 0.64
-0.07692308 -0.2692308 0.64
-0.03846154 -0.1923077 0.64
0 -0.1538462 0.68
0 -0.1153846 0.76
-0.03846154 -0.07692308 0.8
-0.07692308 -0.07692308 0.84
-0.1153846 -0.03846154 0.92
-0.1538462 0 0.96
-0.1538462 0.03846154 0.96
-0.07692308 0.1153846 1
0 0.1923077 1
0.07692308 0.2692308 1.04
0.07692308 0.3076923 1.08
0.07692308 0.3076923 1.12
0.03846154 0.3076923 1.16
0 0.3076923 1.2
-0.03846154 0.3461539 1.2
-0.07692308 0.3461539 1.2
-0.03846154 0.3846154 1.2
-0.03846154 0.4230769 1.2
0 0.5 1.2
0.03846154 0.5384616 1.2
0.07692308 0.5384616 1.16
0.1153846 0.5384616 1.2
0.07692308 0.5384616 1.24
0.03846154 0.5384616 1.24
0 0.5384616 1.24
-0.03846154 0.5769231 1.24
0 0.6153846 1.28
0.03846154 0.6153846 1.28
0.07692308 0.6153846 1.28
0.07692308 0.6538461 1.28
0.03846154 0.6538461 1.28
0 0.6153846 1.28
0 0.6153846 1.28
0 0.5769231 1.28
0 0.5769231 1.24
-0.03846154 0.5769231 1.24
0 0.5769231 1.2
0 0.5384616 1.2
0 0.5769231 1.2
0.03846154 0.5769231 1.16
0 0.5 1.12
0 0.5 1.08
0 0.5384616 1.04
0 0.5384616 1
0.03846154 0.5 0.96
0.03846154 0.5 0.96
