-0.5384616 -0.6153846 -0.12
-0.5384616 -0.6153846 -0.12
-0.5384616 -0.6153846 -0.12
-0.5384616 -0.6153846 -0.12
-0.5384616 -0.6153846 -0.12
-0.5384616 -0.6153846 -0.12
-0.5384616 -0.6153846 -0.12
-0.5769231 -0.5769231 -0.16
-0.5769231 -0.5769231 -0.16
-0.5769231 -0.5769231 -0.16
-0.5769231 -0.5769231 -0.12
-0.5769231 -0.5769231 -0.12
-0.5769231 -0.5769231 -0.12
-0.6153846 -0.5384616 -0.12
-0.6538461 -0.5384616 -0.08
-0.6538461 -0.5 -0.04
-0.6538461 -0.5 -0.04
-0.6538461 -0.5 -0.04
-0.6538461 -0.4615385 -0.08
-0.6538461 -0.4615385 -0.12
-0.6923077 -0.4615385 -0.08
-0.6923077 -0.4615385 -0.04
-0.7307692 -0.4230769 -0.04
-0.7307692 -0.4230769 0
-0.7307692 -0.3846154 0.04
-0.7307692 -0.3846154 0.04
-0.7307692 -0.3846154 0.08
-0.7307692 -0.3461539 0.12
-0.7692308 -0.3461539 0.16
-0.7307692 -0.3461539 0.24
-0.7307692 -0.3461539 0.24
-0.7307692 -0.3461539 0.28
-0.6923077 -0.3076923 0.32
-0.6923077 -0.3076923 0.32
-0.6538461 -0.3076923 0.36
-0.6153846 -0.2692308 0.4
-0.6153846 -0.2692308 0.44
-0.5769231 -0.2692308 0.52
-0.5384616 -0.3076923 0.6
-0.5384616 -0.3076923 0.68
-0.5384616 -0.2692308 0.72
-0.5384616 -0.2692308 0.8
-0.5 -0.2692308 0.88
-0.5 -0.2307692 0.96
-0.4230769 -0.2307692 1.04
-0.3846154 -0.1923077 1.12
-0.3076923 -0.1923077 1.2
-0.1923077 -0.1538462 1.36
-0.07692308 -0.1153846 1.48
0.03846154 -0.07692308 1.56
0.1153846 -0.03846154 1.64
0.2307692 0 1.68
0.2307692 0.03846154 1.72
0.2692308 0 1.84
0.3076923 0.03846154 1.8
0.3076923 0 1.72
0.2692308 0 1.64
0.2307692 -0.03846154 1.52
0.1923077 -0.07692308 1.44
0.1923077 -0.1153846 1.32
0.1538462 -0.1153846 1.2
0.1923077 -0.1153846 1.16
0.1538462 -0.1153846 1.12
0.07692308 -0.1153846 1.12
0.03846154 -0.07692308 1.08
0 -0.03846154 1.04
-0.07692308 0 1.04
-0.07692308 0.03846154 1
-0.07692308 0.07692308 0.96
-0.07692308 0.07692308 0.92
-0.07692308 0.07692308 0.92
-0.1538462 0.1153846 0.88
-0.1538462 0.1538462 0.88
-0.1923077 0.1923077 0.84
-0.2307692 0.2307692 0.84
-0.2692308 0.2307692 0.8
-0.3461539 0.2692308 0.8
-0.4230769 0.2692308 0.8
-0.5 0.2692308 0.8
-0.5769231 0.2692308 0.84
-0.6153846 0.3076923 0.88
-0.6538461 0.3076923 0.92
-0.6923077 0.3461539 0.92
-0.7692308 0.4230769 0.92
-0.8076923 0.4230769 0.92
-0.9230769 0.4230769 1
-1.038462 0.3846154 1.04
-1.115385 0.3461539 1.08
-1.192308 0.3076923 1.08
-1.230769 0.3076923 1.08
-1.192308 0.2692308 1
-1.230769 0.3076923 1.04
-1.230769 0.2692308 1.04
-1.230769 0.2692308 1.04
-1.269231 0.1923077 1.08
-1.307692 0.1538462 1.12
-1.269231 0.1538462 1.12
-1.192308 0.1923077 1
-1.115385 0.1923077 0.96
-1 0.1923077 0.92
-0.9615384 0.1923077 0.92
-0.8846154 0.1923077 0.88
-0.8461539 0.2307692 0.84
-0.8076923 0.2307692 0.84
-0.7692308 0.2692308 0.84
-0.7307692 0.2692308 0.84
