0.5769231 -0.03846154 0.96
0.5769231 -0.03846154 0.96
0.5769231 -0.03846154 0.96
0.5769231 -0.03846154 0.96
0.5769231 -0.03846154 0.96
0.5769231 -0.03846154 0.96
0.5769231 -0.03846154 0.96
0.5769231 -0.03846154 0.96
0.5769231 -0.03846154 0.96
0.5769231 -0.03846154 0.92
0.5769231 -0.03846154 0.92
0.5769231 -0.03846154 0.92
0.6153846 -0.03846154 0.84
0.6923077 0.03846154 0.8
0.7307692 0.07692308 0.8
0.7307692 0.07692308 0.84
0.6538461 0.07692308 0.92
0.5 -0.03846154 1
0.3461539 -0.1538462 1.08
0.2692308 -0.1538462 1.04
0.3461539 -0.07692308 0.92
0.4615385 0.07692308 0.88
0.5384616 0.1538462 0.92
0.5384616 0.1923077 1.08
0.3846154 0.1538462 1.24
0.1538462 0.07692308 1.36
-0.07692308 -0.03846154 1.4
-0.1538462 -0.03846154 1.32
-0.03846154 0.07692308 1.16
0.1153846 0.1538462 1.08
0.1538462 0.1923077 1.16
0.1153846 0.2307692 1.32
0.07692308 0.1923077 1.44
-0.1153846 0.1153846 1.44
-0.3076923 0.03846154 1.36
-0.3846154 0 1.2
-0.3846154 0 1.12
-0.3461539 0 1.04
-0.3076923 0.03846154 1.04
-0.3076923 0.03846154 1.08
-0.3076923 0.03846154 1.16
-0.4230769 -0.03846154 1.16
-0.5 -0.07692308 1.12
-0.6153846 -0.1538462 0.96
-0.6153846 -0.1538462 0.96
-0.5769231 -0.1153846 0.96
-0.5 -0.03846154 1
-0.4615385 0 1.04
-0.4230769 0.07692308 1.04
-0.3846154 0.03846154 1
-0.4615385 -0.03846154 0.92
-0.5769231 -0.1153846 0.88
-0.6153846 -0.1923077 0.84
-0.6153846 -0.1923077 0.84
-0.5384616 -0.1923077 0.84
-0.4615385 -0.1538462 0.88
-0.4230769 -0.1923077 0.92
-0.3846154 -0.1923077 0.92
-0.3461539 -0.2307692 0.88
-0.3461539 -0.2307692 0.88
-0.3461539 -0.2692308 0.84
-0.3846154 -0.2692308 0.84
-0.3461539 -0.2692308 0.92
-0.2692308 -0.2307692 1
-0.2307692 -0.1923077 1.04
-0.1538462 -0.1538462 1
-0.1538462 -0.1538462 0.92
-0.1538462 -0.1538462 0.92
-0.1923077 -0.1538462 0.88
