-0.4230769 -0.7307692 0.28
-0.4230769 -0.7307692 0.28
-0.4230769 -0.7307692 0.28
-0.4230769 -0.7307692 0.28
-0.4230769 -0.7307692 0.28
-0.4230769 -0.7307692 0.28
-0.4230769 -0.7307692 0.28
-0.4230769 -0.7307692 0.28
-0.4230769 -0.7307692 0.16
-0.4230769 -0.7307692 0.16
-0.4230769 -0.6923077 0.12
-0.4230769 -0.6923077 0.12
-0.4230769 -0.6923077 0.12
-0.4615385 -0.6923077 0.12
-0.4615385 -0.6923077 0.04
-0.5 -0.6538461 0
-0.4615385 -0.6153846 -0.04
-0.4230769 -0.5769231 -0.04
-0.5384616 -0.5769231 -0.04
-0.6538461 -0.6153846 -0.04
-0.7307692 -0.6538461 -0.08
-0.7307692 -0.6538461 -0.08
-0.6923077 -0.6538461 -0.08
-0.5769231 -0.5769231 -0.08
-0.5 -0.5 -0.04
-0.4615385 -0.4230769 0.04
-0.5384616 -0.3846154 0.08
-0.6153846 -0.4230769 0.12
-0.6538461 -0.4230769 0.16
-0.6538461 -0.3846154 0.24
-0.6153846 -0.3846154 0.24
-0.5769231 -0.3461539 0.24
-0.5769231 -0.3461539 0.2
-0.5384616 -0.3076923 0.2
-0.5384616 -0.2692308 0.2
-0.5769231 -0.2692308 0.28
-0.5769231 -0.2692308 0.32
-0.5769231 -0.2692308 0.36
-0.5 -0.2307692 0.36
-0.4230769 -0.2307692 0.32
-0.4230769 -0.1923077 0.32
-0.4230769 -0.1923077 0.36
-0.4230769 -0.1923077 0.48
-0.4615385 -0.1923077 0.6
-0.4230769 -0.1538462 0.68
-0.4230769 -0.1538462 0.76
-0.4230769 -0.1538462 0.88
-0.4615385 -0.1538462 0.96
-0.5 -0.1538462 1.08
-0.5384616 -0.1923077 1.16
-0.5769231 -0.1923077 1.24
-0.5769231 -0.2307692 1.24
-0.5384616 -0.2692308 1.28
-0.5 -0.2307692 1.32
-0.5 -0.2692308 1.36
-0.5 -0.3076923 1.4
-0.5384616 -0.3076923 1.44
-0.5 -0.3461539 1.48
-0.5 -0.3076923 1.52
-0.4615385 -0.2692308 1.52
-0.4615385 -0.3076923 1.56
-0.5 -0.3076923 1.6
-0.5 -0.3076923 1.6
-0.5 -0.3076923 1.56
-0.4615385 -0.3461539 1.48
-0.3846154 -0.3461539 1.36
-0.3076923 -0.3461539 1.28
-0.2307692 -0.3076923 1.24
-0.1923077 -0.2692308 1.24
-0.1538462 -0.2692308 1.24
-0.1923077 -0.2307692 1.24
-0.1538462 -0.1923077 1.2
-0.1153846 -0.1923077 1.2
-0.1538462 -0.1923077 1.16
-0.1153846 -0.1923077 1.12
-0.1153846 -0.1538462 1.04
-0.03846154 -0.1923077 1
0.03846154 -0.1538462 0.92
0.1153846 -0.1153846 0.88
0.1923077 -0.1153846 0.84
0.1923077 -0.07692308 0.84
0.2307692 -0.07692308 0.84
0.2692308 -0.03846154 0.8
0.2692308 -0.03846154 0.76
0.2692308 -0.03846154 0.84
0.1923077 -0.03846154 0.88
0.1923077 -0.03846154 0.92
0.1923077 -0.03846154 0.92
0.1923077 0 0.88
0.2692308 0 0.84
0.2692308 0.03846154 0.88
0.2692308 0.07692308 0.88
0.2692308 0.1153846 0.92
0.2307692 0.1538462 0.92
0.1153846 0.1538462 0.96
0.07692308 0.1923077 0.96
0.07692308 0.1923077 0.96
0.07692308 0.2307692 0.92
0.1153846 0.2307692 0.88
0.07692308 0.2692308 0.92
0.03846154 0.3076923 0.92
-0.07692308 0.3461539 0.96
-0.1538462 0.3846154 1
-0.2307692 0.3846154 1.04
-0.3076923 0.4230769 1.08
-0.4615385 0.3846154 1.12
-0.5769231 0.3846154 1.12
-0.6153846 0.3846154 1.12
-0.7307692 0.4230769 1.12
-0.7692308 0.4230769 1.12
-0.8076923 0.4230769 1.04
-0.8461539 0.4230769 1.04
-0.9230769 0.4230769 1.04
-1 0.3846154 1.04
-1.038462 0.3846154 1
-1.038462 0.3846154 0.96
-1.038462 0.3846154 0.96
-1.076923 0.3846154 1
-1.076923 0.3846154 1.04
-1.115385 0.3846154 1.04
-1.076923 0.3846154 1.08
-1.038462 0.3846154 1.08
-1 0.3846154 1
-1 0.3461539 1
-0.9615384 0.3461539 1
-0.9230769 0.3461539 1
-0.8461539 0.3846154 1
-0.7692308 0.4230769 0.96
-0.7307692 0.4230769 0.96
-0.7307692 0.4230769 0.96
-0.7307692 0.3846154 1
-0.6923077 0.3461539 0.96
-0.6153846 0.3846154 0.92
-0.5769231 0.3846154 0.88
-0.6153846 0.3461539 0.88
-0.6153846 0.3076923 0.88
-0.5769231 0.2692308 0.88
