1384187042845 79941135048331 2441512000000 -4.443638 3.677494 8.734048
1384187042957 79941247169913 2441622000000 -1.838747 5.363012 8.734048
1384187043069 79941358467520 2441732000000 -1.532289 8.734048 10.879252
1384187043181 79941470802725 2441842000000 -2.911349 3.371036 11.032481
1384187043291 79941580879630 2441952000000 -5.516241 -7.508216 3.830723
1384187043402 79941691627921 2442062000000 -1.685518 -2.911349 1.225831
1384187043513 79941803139151 2442172000000 1.685518 -2.911349 2.145205
1384187043625 79941914650382 2442282000000 3.371036 -1.379060 18.234240
1384187043711 79942001106680 2442392000000 4.290410 -1.379060 19.919758
1384187043824 79942113380850 2442502000000 3.064578 -1.532289 10.419566
1384187043935 79942224586905 2442612000000 3.830723 -1.072602 8.580819
1384187044047 79942337166251 2442722000000 3.983952 -1.685518 9.040505
1384187044167 79942457130850 2442832000000 4.137181 -1.991976 9.193734
1384187044279 79942568367422 2442942000000 3.677494 -1.685518 9.500193
1384187044390 79942679878653 2443052000000 3.524265 -2.298434 7.354988
1384187044502 79942791695059 2443162000000 3.983952 -1.532289 9.500193
1384187044614 79942903419913 2443272000000 4.443638 -1.379060 9.346964
