1384187062313 79960602669180 2460982000000 -6.435614 5.209783 5.975927
1384187062433 79960722694815 2461092000000 -6.435614 4.443638 5.669470
1384187062544 79960834022940 2461202000000 -5.669470 5.209783 6.129157
1384187062656 79960945442618 2461312000000 -2.758120 7.354988 8.427590
1384187062742 79961032112540 2461422000000 -6.282385 4.750096 9.653421
1384187062854 79961143440665 2461532000000 -5.209783 0.612916 7.508216
1384187062966 79961255958975 2461642000000 -5.669470 -6.742072 3.830723
1384187063077 79961366493643 2461752000000 -3.983952 0.306458 1.685518
1384187063189 79961478462637 2461862000000 1.072602 -1.379060 3.983952
1384187063312 79961601509513 2461972000000 3.524265 -5.516241 11.338940
1384187063424 79961713417471 2462082000000 6.895301 -5.209783 19.613300
1384187063535 79961824684561 2462192000000 5.209783 -2.758120 11.645397
1384187063621 79961910927237 2462302000000 5.516241 -1.991976 8.580819
1384187063732 79962021797598 2462412000000 5.669470 -3.064578 7.508216
1384187063844 79962133888663 2462522000000 5.516241 -2.451663 7.661446
1384187063955 79962245033682 2462632000000 5.363012 -3.064578 8.427590
1384187064067 79962356239737 2462742000000 2.145205 -8.887277 6.895301
1384187064177 79962466713370 2462852000000 5.056554 -2.451663 8.887277
1384187064289 79962578895987 2462962000000 5.056554 -2.604892 8.580819
