1384186929476 79827765816153 2328152000000 3.983952 -1.991976 8.734048
1384186929588 79827878151358 2328262000000 4.137181 -2.451663 8.734048
1384186929710 79827999885977 2328372000000 4.750096 -3.677494 10.572795
1384186929822 79828111824454 2328482000000 2.145205 -3.217807 22.831108
1384186929933 79828223030508 2328592000000 4.443638 -2.145205 11.032481
1384186930035 79828324287833 2328702000000 0.000000 -1.685518 0.306458
1384186930146 79828435554922 2328812000000 -6.742072 -3.983952 5.822699
1384186930257 79828546974600 2328922000000 -5.669470 -2.758120 8.274362
1384186930375 79828664528311 2329032000000 -1.991976 5.822699 7.814674
1384186930487 79828776894034 2329142000000 -2.451663 6.282385 8.427590
1384186930573 79828863045157 2329252000000 -4.596867 3.830723 8.274362
1384186930685 79828974312247 2329362000000 -5.363012 2.298434 7.967903
1384186930796 79829085518301 2329472000000 -4.596867 3.371036 8.121132
1384186930916 79829205666007 2329582000000 -4.443638 3.217807 9.040505
1384186931026 79829315529288 2329692000000 -5.363012 2.451663 8.121132
1384186931137 79829426826895 2329802000000 -4.443638 3.677494 9.193734
1384186931245 79829534645499 2329912000000 -4.596867 3.064578 8.887277
