1384186933524 79831814125479 2332192000000 5.822699 -2.604892 8.274362
1384186933635 79831924507559 2332302000000 5.516241 -1.991976 8.580819
1384186933748 79832037758292 2332412000000 4.903325 -2.451663 8.580819
1384186933853 79832142708243 2332522000000 5.669470 -3.064578 23.903709
1384186933964 79832253578604 2332632000000 7.354988 -3.217807 10.419566
1384186934060 79832349678458 2332742000000 1.379060 -2.145205 1.685518
1384186934197 79832486580313 2332852000000 -7.508216 -4.443638 2.604892
1384186934288 79832577675284 2332962000000 -4.443638 -5.975927 6.282385
1384186934413 79832702827872 2333072000000 -1.991976 4.750096 9.959879
1384186934524 79832814155997 2333182000000 -2.451663 4.290410 9.806650
1384186934636 79832925972403 2333292000000 -4.443638 3.064578 8.580819
1384186934722 79833011879385 2333402000000 -4.750096 1.532289 8.121132
1384186934834 79833123238028 2333512000000 -4.903325 1.991976 8.734048
1384186934945 79833234474600 2333622000000 -4.290410 2.298434 8.274362
1384186935056 79833345741690 2333732000000 -3.677494 1.685518 8.734048
1384186935183 79833472633780 2333842000000 -4.443638 2.911349 9.346964
1384186935286 79833575996817 2333952000000 -3.983952 2.298434 8.580819
