1384186951958 79850247688712 2350632000000 5.209783 -3.830723 7.508216
1384186952069 79850358650626 2350742000000 6.282385 -3.983952 7.967903
1384186952180 79850469246329 2350852000000 5.209783 -5.056554 13.637373
1384186952291 79850581062735 2350962000000 6.895301 -4.290410 19.919758
1384186952403 79850692299307 2351072000000 6.282385 -1.685518 7.201759
1384186952514 79850803505362 2351182000000 -1.991976 -2.451663 1.991976
1384186952625 79850914802970 2351292000000 -6.895301 -5.363012 2.758120
1384186952736 79851026070059 2351402000000 -5.516241 -3.524265 5.363012
1384186952848 79851137337149 2351512000000 -1.072602 4.750096 10.419566
1384186952959 79851248604239 2351622000000 -1.838747 5.975927 9.193734
1384186953063 79851352455557 2351732000000 -3.677494 5.209783 8.580819
1384186953174 79851463600577 2351842000000 -4.443638 4.137181 8.580819
1384186953285 79851574776114 2351952000000 -4.290410 3.064578 8.427590
1384186953396 79851686012686 2352062000000 -4.290410 3.983952 8.427590
1384186953508 79851797279776 2352172000000 -3.677494 3.371036 8.734048
1384186953623 79851912270010 2352282000000 -2.451663 3.677494 8.734048
1384186953734 79852023872794 2352392000000 -3.983952 3.983952 8.121132
