1384186959863 79858152565421 2358532000000 5.209783 -4.290410 7.661446
1384186959974 79858263801993 2358642000000 5.209783 -4.596867 7.661446
1384186960095 79858385048331 2358752000000 4.903325 -6.435614 9.806650
1384186960181 79858471138419 2358862000000 5.516241 -6.129157 21.758505
1384186960293 79858582497061 2358972000000 5.975927 -2.911349 8.580819
1384186960405 79858695137442 2359082000000 0.919373 -1.991976 -0.306458
1384186960516 79858806007803 2359192000000 -7.508216 -3.830723 1.379060
1384186960627 79858917183341 2359302000000 -8.274362 -7.967903 6.435614
1384186960745 79859034676016 2359412000000 -2.758120 2.758120 9.653421
1384186960856 79859146034659 2359522000000 -3.983952 5.822699 9.806650
1384186960968 79859257301749 2359632000000 -5.822699 3.217807 7.354988
1384186961079 79859368538321 2359742000000 -5.975927 1.991976 7.201759
1384186961190 79859479805411 2359852000000 -5.975927 2.451663 7.967903
1384186961301 79859590919913 2359962000000 -7.048530 -0.612916 7.201759
1384186961405 79859694801749 2360072000000 -5.669470 3.217807 8.427590
1384186961516 79859806038321 2360182000000 -5.363012 3.524265 7.508216
