1384855813488 28556614650664 1083720000000 0.919373 -1.838747 9.806650
1384855813600 28556726222929 1083830000000 1.532289 -1.532289 9.653421
1384855813714 28556840694365 1083940000000 1.072602 -1.532289 8.427590
1384855813829 28556955409941 1084050000000 1.072602 -3.217807 9.346964
1384855813942 28557068508085 1084160000000 5.209783 -3.524265 28.500578
1384855814055 28557181087431 1084270000000 7.201759 -3.371036 13.330915
1384855814143 28557268825468 1084380000000 0.766145 -4.290410 -4.903325
1384855814253 28557378810820 1084490000000 -4.596867 -3.524265 -1.072602
1384855814366 28557492092070 1084600000000 -5.056554 -13.484144 8.121132
1384855814486 28557612239775 1084710000000 4.443638 -1.379060 15.629349
1384855814599 28557724758085 1084820000000 2.451663 7.814674 10.726024
1384855814713 28557839687285 1084930000000 1.838747 4.750096 -0.153229
1384855814816 28557942134794 1085040000000 6.282385 -0.612916 -1.532289
1384855814919 28558044765410 1085150000000 9.653421 -2.911349 29.879637
1384855815040 28558166072783 1085260000000 8.734048 3.524265 15.016433
1384855815155 28558281124052 1085370000000 12.105083 0.000000 10.266337
1384855815243 28558368862090 1085480000000 7.048530 -21.452047 5.975927
1384855815357 28558483089384 1085590000000 -0.153229 -9.959879 6.435614
1384855815470 28558595729765 1085700000000 0.766145 -4.137181 8.887277
1384855815583 28558709529814 1085810000000 1.072602 -2.604892 9.959879
1384855815716 28558842464384 1085920000000 1.532289 -1.685518 9.806650
1384855815804 28558930538115 1086030000000 1.685518 -0.919373 10.113108
1384855815919 28559044979033 1086140000000 1.225831 -1.072602 9.959879
1384855816032 28559157741484 1086250000000 0.919373 -1.072602 9.806650
1384855816145 28559271419462 1086360000000 1.072602 -1.991976 10.113108
1384855816239 28559365596708 1086470000000 1.072602 -2.911349 9.959879
1384855816361 28559487483916 1086580000000 1.532289 -2.758120 10.266337
1384855816469 28559595088896 1086690000000 1.379060 -1.685518 9.653421
