1384855358009 28101135341582 628230000000 -9.346964 2.298434 1.072602
1384855358101 28101226894316 628340000000 -9.040505 2.451663 1.072602
1384855358223 28101349452910 628450000000 -7.814674 2.758120 0.306458
1384855358337 28101462856230 628560000000 -6.282385 2.604892 -1.379060
1384855358434 28101560207304 628670000000 -3.371036 1.225831 0.306458
1384855358563 28101689662871 628780000000 1.379060 -0.306458 4.443638
1384855358660 28101786556181 628890000000 8.887277 -3.064578 8.887277
1384855358774 28101899898466 629000000000 14.556746 -1.991976 15.322891
1384855358886 28102012294707 629110000000 13.484144 -2.451663 14.250289
1384855358997 28102123531279 629220000000 9.040505 -0.153229 11.951855
1384855359113 28102238765654 629330000000 7.508216 -3.830723 3.064578
1384855359212 28102338680205 629440000000 9.653421 -2.604892 5.669470
1384855359324 28102450496611 629550000000 8.427590 -3.064578 3.677494
1384855359438 28102564235625 629660000000 9.040505 -3.217807 4.443638
1384855359539 28102665279326 629770000000 8.427590 -2.911349 5.209783
1384855359658 28102784694609 629880000000 9.040505 -3.371036 2.911349
1384855359773 28102899471220 629990000000 9.500193 -2.604892 4.443638
