1384855361906 28105031825957 632140000000 -9.653421 2.604892 1.685518
1384855362017 28105143398222 632250000000 -8.734048 2.451663 1.838747
1384855362135 28105261562285 632360000000 -7.814674 2.604892 -0.612916
1384855362251 28105376888213 632470000000 -5.669470 2.451663 -1.991976
1384855362379 28105505428251 632580000000 -3.371036 1.072602 0.766145
1384855362454 28105579738554 632690000000 1.685518 0.153229 4.903325
1384855362567 28105692989287 632800000000 6.895301 -1.838747 10.572795
1384855362687 28105813716826 632910000000 14.250289 -3.677494 16.395493
1384855362784 28105910549101 633020000000 12.258313 -5.056554 12.258313
1384855362887 28106013698515 633130000000 10.113108 -2.911349 9.959879
1384855363017 28106142787871 633240000000 8.887277 -3.064578 2.758120
1384855363120 28106246395048 633350000000 9.806650 -1.685518 5.209783
1384855363236 28106361782011 633460000000 8.887277 -2.298434 4.137181
1384855363338 28106464351591 633570000000 9.040505 -3.064578 4.290410
1384855363439 28106565639433 633680000000 8.734048 -2.911349 4.137181
1384855363567 28106693294462 633790000000 8.580819 -3.217807 6.282385
1384855363658 28106784603056 633900000000 9.040505 -2.604892 3.217807
1384855363786 28106911830839 634010000000 9.193734 -2.758120 4.596867
