-0.4615385 0.1538462 0.92
-0.4615385 0.1538462 0.92
-0.4615385 0.1538462 0.92
-0.4615385 0.1538462 0.92
-0.4615385 0.1538462 0.92
-0.4615385 0.1538462 0.92
-0.4615385 0.1538462 0.92
-0.4615385 0.1538462 0.92
-0.4615385 0.1538462 0.92
-0.4615385 0.1538462 0.92
-0.4615385 0.1538462 0.92
-0.4615385 0.1538462 0.92
-0.5 0.1538462 0.92
-0.5 0.1538462 0.92
-0.5 0.1923077 0.92
-0.5 0.2307692 0.96
-0.5 0.2307692 1
-0.5 0.2692308 1
-0.5 0.2692308 1.04
-0.5 0.3076923 1.08
-0.5 0.3076923 1.16
-0.5 0.3461539 1.2
-0.5384616 0.3461539 1.24
-0.5384616 0.3846154 1.28
-0.5 0.4615385 1.36
-0.5 0.4615385 1.44
-0.4615385 0.5 1.48
-0.4230769 0.5 1.56
-0.3076923 0.5 1.56
-0.1923077 0.5769231 1.6
-0.07692308 0.6538461 1.6
0.03846154 0.7307692 1.68
0.1153846 0.8076923 1.76
0.1923077 0.8846154 1.84
0.3076923 0.9615384 1.92
0.4615385 1.038462 1.96
0.5769231 1.115385 2
0.6538461 1.115385 2
0.7307692 1.153846 1.96
0.7692308 1.115385 1.92
0.8076923 1.115385 1.84
0.8076923 1.038462 1.72
0.7692308 1 1.56
0.7307692 0.9615384 1.44
0.7307692 0.9230769 1.32
0.7307692 0.8076923 1.12
0.7307692 0.7692308 0.96
0.7307692 0.6923077 0.84
0.6923077 0.6153846 0.72
0.6923077 0.5769231 0.64
0.6538461 0.5 0.6
0.6153846 0.4230769 0.52
0.6153846 0.3846154 0.48
0.5769231 0.3076923 0.4
0.5769231 0.2692308 0.32
0.5769231 0.2692308 0.28
0.5384616 0.2307692 0.24
0.5384616 0.1923077 0.2
0.5 0.1538462 0.16
0.4615385 0.1153846 0.16
0.4230769 0.07692308 0.12
0.3461539 0.03846154 0.12
0.3461539 0 0.12
0.3076923 0 0.12
0.2307692 -0.07692308 0.12
0.1923077 -0.07692308 0.12
0.1923077 -0.07692308 0.08
0.1153846 -0.1153846 0.08
0.07692308 -0.1153846 0.12
0.03846154 -0.1538462 0.12
0 -0.1538462 0.12
-0.03846154 -0.1538462 0.12
-0.07692308 -0.1538462 0.12
-0.1153846 -0.1538462 0.16
-0.1538462 -0.1923077 0.16
-0.2307692 -0.1923077 0.16
-0.2692308 -0.1923077 0.2
-0.3076923 -0.1923077 0.2
-0.3461539 -0.2307692 0.16
-0.4230769 -0.2307692 0.2
-0.4615385 -0.2307692 0.2
-0.4615385 -0.2307692 0.24
-0.5 -0.2307692 0.24
-0.5384616 -0.2307692 0.28
-0.5769231 -0.2692308 0.32
-0.6153846 -0.2692308 0.32
-0.6153846 -0.2692308 0.32
-0.5769231 -0.2692308 0.32
-0.5769231 -0.2307692 0.32
-0.5769231 -0.2307692 0.32
-0.6153846 -0.2307692 0.36
-0.6538461 -0.1923077 0.4
-0.6923077 -0.1923077 0.44
-0.7307692 -0.1923077 0.44
-0.7307692 -0.1538462 0.48
-0.6923077 -0.07692308 0.48
-0.6923077 -0.07692308 0.52
-0.7307692 -0.03846154 0.56
-0.7307692 0.03846154 0.68
-0.7307692 0.07692308 0.72
-0.6923077 0.1538462 0.8
-0.7307692 0.1923077 0.84
-0.7307692 0.2307692 0.92
-0.8076923 0.2307692 0.96
-0.8076923 0.2692308 1.04
-0.7692308 0.3076923 1.04
-0.7307692 0.3846154 1.08
-0.7307692 0.4230769 1.08
-0.6538461 0.4615385 1.08
-0.6538461 0.4615385 1.12
-0.6923077 0.4615385 1.16
-0.7307692 0.4615385 1.24
-0.7307692 0.4615385 1.28
-0.6923077 0.5 1.32
-0.6923077 0.5384616 1.36
-0.6538461 0.5384616 1.4
-0.6538461 0.5384616 1.44
-0.6538461 0.5384616 1.52
-0.6153846 0.5769231 1.52
-0.5769231 0.5769231 1.56
-0.5769231 0.5769231 1.6
-0.5769231 0.5769231 1.6
-0.5769231 0.5769231 1.6
-0.5769231 0.5769231 1.56
-0.5384616 0.6153846 1.56
-0.4230769 0.6153846 1.52
-0.3076923 0.6538461 1.44
-0.1538462 0.6923077 1.36
0 0.6923077 1.28
0.1538462 0.6923077 1.16
0.2692308 0.6538461 1.12
0.3461539 0.6153846 1.12
0.3461539 0.5769231 1.12
0.3846154 0.5384616 1.12
0.3461539 0.5384616 1.16
0.3076923 0.5384616 1.24
0.2692308 0.5 1.24
0.2307692 0.4615385 1.24
0.1923077 0.4615385 1.24
0.1153846 0.4230769 1.2
0.07692308 0.4230769 1.2
0.07692308 0.4615385 1.16
0.07692308 0.4230769 1.12
0.03846154 0.4230769 1.12
0 0.4230769 1.08
0 0.3846154 1.12
0 0.3461539 1.12
0 0.3461539 1.04
0 0.3461539 0.96
0.03846154 0.3461539 0.92
0 0.3461539 0.84
0 0.3461539 0.84
