-0.5384616 0.3461539 1.52
-0.5384616 0.3461539 1.52
-0.5384616 0.3461539 1.52
-0.5384616 0.3461539 1.52
-0.5384616 0.3461539 1.52
-0.5384616 0.3461539 1.52
-0.5384616 0.3461539 1.52
-0.5384616 0.3461539 1.52
-0.5384616 0.3461539 1.52
-0.5384616 0.3461539 1.52
-0.4615385 0.4230769 1.6
-0.3461539 0.5384616 1.64
-0.3461539 0.5384616 1.64
-0.3461539 0.5384616 1.64
-0.2307692 0.6153846 1.72
-0.1538462 0.6923077 1.8
0 0.7307692 1.84
0.07692308 0.8076923 1.88
0.1923077 0.8461539 1.96
0.3076923 0.8461539 1.92
0.4230769 0.8461539 1.96
0.4615385 0.8076923 1.96
0.5 0.8076923 1.92
0.5 0.7692308 1.88
0.5 0.7307692 1.76
0.5 0.7307692 1.64
0.5 0.6923077 1.52
0.5384616 0.6538461 1.44
0.5384616 0.6153846 1.32
0.5 0.5769231 1.24
0.5 0.5384616 1.16
0.5384616 0.5 1.08
0.5384616 0.5 1
0.5384616 0.4615385 0.88
0.5 0.4230769 0.76
0.4615385 0.4230769 0.64
0.4230769 0.3846154 0.56
0.4230769 0.3461539 0.44
0.3846154 0.3461539 0.4
0.3846154 0.3461539 0.28
0.3846154 0.2692308 0.24
0.3461539 0.2692308 0.16
0.3461539 0.1923077 0.12
0.2692308 0.1923077 0.08
0.2307692 0.1538462 0.08
0.1923077 0.07692308 0.08
0.1153846 0.07692308 0.08
0.07692308 0.03846154 0.04
0 0 0.08
-0.03846154 0 0.08
-0.07692308 0 0.08
-0.07692308 0 0.08
-0.07692308 0 0.04
-0.07692308 0 0
-0.1153846 -0.03846154 -0.04
-0.2307692 -0.03846154 0
-0.3076923 -0.1153846 0
-0.3846154 -0.1538462 0.08
-0.4615385 -0.1538462 0.12
-0.4615385 -0.1538462 0.16
-0.4615385 -0.1153846 0.24
-0.4230769 -0.07692308 0.24
-0.4615385 -0.07692308 0.28
-0.5 0 0.32
-0.5 0 0.32
-0.6153846 -0.03846154 0.4
-0.7307692 -0.1153846 0.48
-0.8846154 -0.1538462 0.56
-0.9615384 -0.1923077 0.56
-1 -0.1923077 0.6
-0.9615384 -0.1538462 0.56
-0.9230769 -0.07692308 0.6
-0.9230769 -0.03846154 0.64
-0.9615384 0 0.76
-1.038462 0 0.84
-1.115385 0 0.96
-1.153846 0.07692308 1.04
-1.115385 0.1923077 1.12
-1.038462 0.3076923 1.16
-0.9230769 0.4230769 1.24
-0.8461539 0.5 1.32
-0.8076923 0.5769231 1.4
-0.7692308 0.6153846 1.48
-0.7307692 0.6538461 1.52
-0.6923077 0.6538461 1.56
-0.6923077 0.6923077 1.72
-0.6153846 0.6923077 1.8
-0.4615385 0.7692308 1.84
-0.3076923 0.7692308 1.8
-0.1538462 0.7692308 1.72
-0.07692308 0.7692308 1.64
0.03846154 0.7307692 1.56
