0 0.6538461 1.76
0 0.6538461 1.76
0 0.6538461 1.76
0 0.6538461 1.76
0 0.6538461 1.76
0 0.6538461 1.76
0 0.6538461 1.76
0 0.6538461 1.76
0 0.6538461 1.76
0.03846154 0.7307692 1.88
0.03846154 0.7307692 1.88
0.03846154 0.7307692 1.88
0.07692308 0.7692308 1.96
0.07692308 0.8076923 2
0.07692308 0.8076923 2.04
0.03846154 0.8461539 2.08
0.03846154 0.8461539 2.04
0.03846154 0.8461539 2
0.07692308 0.8846154 1.96
0.03846154 0.9230769 1.88
0.03846154 0.9230769 1.8
0.03846154 0.9615384 1.76
-0.03846154 0.9230769 1.8
0 0.8846154 1.68
-0.03846154 0.8846154 1.6
-0.07692308 0.8461539 1.48
-0.07692308 0.8076923 1.36
-0.07692308 0.7692308 1.28
-0.07692308 0.7692308 1.2
-0.03846154 0.7307692 1.24
-0.03846154 0.6923077 1.2
-0.03846154 0.6923077 1.16
-0.07692308 0.6538461 1.08
-0.03846154 0.6153846 1
-0.03846154 0.5769231 0.96
0 0.5384616 0.88
0 0.5 0.84
0 0.4615385 0.76
0.03846154 0.4230769 0.72
0 0.3076923 0.68
-0.03846154 0.2692308 0.64
-0.07692308 0.1923077 0.6
-0.07692308 0.1153846 0.56
-0.07692308 0.07692308 0.52
-0.03846154 0.03846154 0.48
0 0 0.48
0 0 0.48
0 -0.03846154 0.44
0 -0.07692308 0.4
-0.03846154 -0.1153846 0.4
0 -0.1538462 0.4
0 -0.1538462 0.36
0 -0.1538462 0.4
0 -0.1923077 0.4
0 -0.1923077 0.4
0.03846154 -0.2307692 0.4
0.03846154 -0.1923077 0.4
0.03846154 -0.2307692 0.4
0.03846154 -0.2692308 0.4
0.03846154 -0.2692308 0.4
0.03846154 -0.3076923 0.4
0.07692308 -0.3461539 0.4
0.07692308 -0.3461539 0.4
0.1153846 -0.3461539 0.4
0.1538462 -0.3461539 0.36
0.1538462 -0.3461539 0.4
0.1923077 -0.3461539 0.44
0.1923077 -0.3846154 0.4
