1384855797788 28540914516386 1068020000000 1.225831 -1.532289 9.653421
1384855797904 28541030178007 1068130000000 1.072602 -1.685518 9.959879
1384855798015 28541141170439 1068240000000 1.225831 -1.838747 8.121132
1384855798114 28541239894804 1068350000000 1.225831 -2.758120 11.185710
1384855798228 28541354244170 1068460000000 4.443638 -5.209783 28.653807
1384855798343 28541469417509 1068570000000 9.193734 -9.040505 12.871228
1384855798449 28541575557646 1068680000000 1.532289 -2.758120 -7.048530
1384855798572 28541698635039 1068790000000 -5.056554 2.758120 -1.072602
1384855798685 28541811122832 1068900000000 -7.354988 -5.209783 6.742072
1384855798797 28541923458037 1069010000000 -0.153229 -13.637373 15.935806
1384855798884 28542010005888 1069120000000 5.209783 9.346964 12.411542
1384855798998 28542123805937 1069230000000 0.766145 10.419566 5.822699
1384855799118 28542243801054 1069340000000 0.919373 2.604892 -3.830723
1384855799231 28542356929716 1069450000000 8.734048 -3.217807 5.363012
1384855799345 28542470790800 1069560000000 10.266337 -3.371036 28.500578
1384855799443 28542569240507 1069670000000 9.959879 -0.766145 14.403518
1384855799559 28542685512480 1069780000000 12.564771 -1.532289 9.193734
1384855799671 28542796810087 1069890000000 6.588843 -16.242264 4.903325
1384855799768 28542894466337 1070000000000 -0.306458 -10.113108 9.806650
1384855799899 28543025112090 1070110000000 0.612916 -3.064578 9.653421
1384855799989 28543115627226 1070220000000 1.379060 -1.532289 9.346964
1384855800097 28543222988066 1070330000000 1.685518 -0.766145 9.193734
1384855800205 28543331050810 1070440000000 1.225831 -0.306458 9.346964
1384855800351 28543477382597 1070550000000 0.919373 -0.153229 9.959879
1384855800424 28543549770293 1070660000000 0.766145 -0.919373 9.653421
1384855800540 28543665798125 1070770000000 -5.669470 9.653421 27.887661
1384855800643 28543769130644 1070880000000 0.153229 -0.919373 11.798626
1384855800766 28543892635283 1070990000000 0.919373 -1.685518 9.806650
