1384855822542 28565668117461 1092770000000 0.919373 -1.991976 9.653421
1384855822644 28565770626005 1092880000000 1.379060 -1.532289 9.959879
1384855822773 28565899623808 1092990000000 1.532289 -1.685518 8.887277
1384855822878 28566003932890 1093100000000 1.379060 -4.443638 14.250289
1384855822990 28566116268095 1093210000000 6.588843 -5.822699 28.347349
1384855823106 28566232021269 1093320000000 5.975927 -6.895301 2.911349
1384855823209 28566335170683 1093430000000 -1.379060 2.145205 -3.064578
1384855823313 28566439479765 1093540000000 -6.742072 -2.758120 0.153229
1384855823426 28566551937041 1093650000000 -5.975927 -11.492168 11.032481
1384855823539 28566665676054 1093760000000 3.064578 2.451663 17.468096
1384855823652 28566778621611 1093870000000 1.991976 7.967903 7.354988
1384855823742 28566868526396 1093980000000 1.532289 5.056554 -2.298434
1384855823855 28566980953154 1094090000000 5.056554 -0.153229 -1.072602
1384855823965 28567091701445 1094200000000 6.435614 -5.975927 30.492554
1384855824079 28567204921660 1094310000000 5.516241 3.064578 14.097059
1384855824203 28567329097685 1094420000000 8.580819 0.459687 10.726024
1384855824310 28567435970244 1094530000000 8.427590 -13.024457 7.967903
1384855824401 28567527187285 1094640000000 -0.153229 -11.645397 7.814674
1384855824518 28567644557890 1094750000000 0.000000 -3.217807 8.427590
1384855824628 28567754451689 1094860000000 0.612916 -2.145205 9.959879
1384855824733 28567859065947 1094970000000 1.072602 -1.225831 10.419566
1384855824847 28567972957548 1095080000000 0.612916 -1.532289 9.653421
1384855824975 28568101070341 1095190000000 1.072602 -1.379060 9.959879
1384855825061 28568187282499 1095300000000 0.612916 -0.612916 9.806650
1384855825183 28568309322294 1095410000000 0.612916 -1.225831 10.113108
1384855825284 28568410640654 1095520000000 1.225831 -2.758120 10.113108
1384855825398 28568524318633 1095630000000 0.153229 -1.379060 10.266337
