1387383162106 599446126051809 2039106000000 -7.967903 0.153229 4.903325
1387383162204 599446224379446 2039216000000 -7.048530 0.153229 3.983952
1387383162331 599446351424123 2039326000000 -3.371036 -0.612916 2.298434
1387383162434 599446453841116 2039436000000 3.064578 -3.524265 7.508216
1387383162540 599446559859182 2039546000000 11.338940 -4.137181 9.500193
1387383162638 599446658003713 2039656000000 10.726024 -2.758120 14.097059
1387383162760 599446780135061 2039766000000 8.121132 -3.524265 7.354988
1387383162871 599446890639211 2039876000000 7.814674 -3.217807 5.516241
1387383162984 599447004073049 2039986000000 7.814674 -3.371036 5.516241
1387383163081 599447101576711 2040096000000 4.750096 -4.903325 5.056554
1387383163204 599447223830129 2040206000000 7.048530 -2.451663 6.895301
1387383163315 599447335005666 2040316000000 8.121132 -3.983952 5.056554
1387383163416 599447435805227 2040426000000 7.967903 -3.217807 6.129157
