1387383194138 599478157668020 2071136000000 -9.193734 -0.459687 4.290410
1387383194235 599478254958059 2071246000000 -9.346964 -0.153229 3.677494
1387383194346 599478365828420 2071356000000 -8.274362 1.838747 0.766145
1387383194457 599478477095510 2071466000000 -1.685518 0.153229 0.766145
1387383194568 599478588301565 2071576000000 8.734048 -4.903325 7.967903
1387383194680 599478699629690 2071686000000 9.193734 -4.750096 13.637373
1387383194787 599478807082083 2071796000000 9.346964 -3.371036 14.250289
1387383194898 599478918410208 2071906000000 7.354988 -2.145205 9.040505
1387383195009 599479029127981 2072016000000 7.201759 -2.145205 6.435614
1387383195125 599479145155813 2072126000000 7.048530 -2.451663 7.048530
1387383195236 599479256087209 2072236000000 6.895301 -2.451663 7.661446
1387383195347 599479367415335 2072346000000 10.726024 -1.072602 7.661446
1387383195441 599479461531546 2072456000000 6.435614 -2.758120 6.282385
