1387383200286 599484306532766 2077296000000 -8.734048 -0.459687 4.443638
1387383200397 599484416945364 2077406000000 -9.193734 0.000000 2.911349
1387383200509 599484528731252 2077516000000 -7.508216 1.072602 0.000000
1387383200620 599484640059377 2077626000000 -0.153229 -1.991976 3.677494
1387383200728 599484747847463 2077736000000 7.354988 -6.435614 7.814674
1387383200828 599484847670461 2077846000000 7.967903 -5.056554 11.338940
1387383200954 599484973769094 2077956000000 8.121132 -3.371036 11.338940
1387383201078 599485097945120 2078066000000 6.895301 -2.604892 8.274362
1387383201173 599485192946340 2078176000000 7.354988 -2.451663 6.588843
1387383201271 599485290694143 2078286000000 7.508216 -3.217807 6.129157
1387383201393 599485413283254 2078396000000 10.266337 -1.225831 3.524265
1387383201514 599485533583547 2078506000000 7.201759 -3.524265 6.588843
1387383201613 599485633467581 2078616000000 10.113108 -4.903325 5.669470
