1387361474164 577758184340383 1331661000000 10.113108 -2.145205 2.911349
1387361474275 577758295515920 1331771000000 9.806650 -2.298434 2.451663
1387361474390 577758410353567 1331881000000 9.806650 -2.145205 5.363012
1387361474477 577758496657278 1331991000000 11.645397 -2.298434 10.419566
1387361474588 577758608137991 1332101000000 12.411542 -3.371036 9.500193
1387361474699 577758719191458 1332211000000 10.572795 -3.217807 9.040505
1387361474811 577758830611135 1332321000000 6.435614 -1.991976 5.056554
1387361474922 577758941847708 1332431000000 1.072602 -1.072602 4.443638
1387361475035 577759054915335 1332541000000 -0.766145 -3.371036 8.121132
1387361475147 577759166670706 1332651000000 0.153229 -3.983952 9.653421
1387361475258 577759277876760 1332761000000 0.919373 -1.685518 10.419566
1387361475369 577759389082815 1332871000000 2.451663 1.838747 10.572795
1387361475480 577759500533010 1332981000000 0.306458 4.290410 9.040505
1387361475575 577759595534231 1333091000000 -1.685518 2.758120 9.193734
1387361475687 577759706648733 1333201000000 -1.225831 1.685518 9.806650
1387361475805 577759825392629 1333311000000 -1.225831 1.532289 9.959879
1387361475916 577759935927297 1333421000000 -1.225831 0.919373 9.806650
1387361476028 577760047621633 1333531000000 -1.072602 1.838747 9.806650
1387361476140 577760160017874 1333641000000 -0.459687 0.612916 10.572795
1387361476261 577760280623342 1333751000000 -0.766145 0.612916 10.266337
1387361476347 577760366743948 1333861000000 -0.919373 0.612916 9.806650
