1384187709774 80608063301505 3108442000000 1.072602 -3.064578 9.040505
1384187709890 80608179329337 3108552000000 1.532289 -2.758120 9.346964
1384187709993 80608283150137 3108662000000 1.838747 -2.758120 9.040505
1384187710094 80608383888663 3108772000000 4.290410 -0.306458 8.121132
1384187710221 80608510780753 3108882000000 6.435614 -1.072602 8.121132
1384187710323 80608612587393 3108992000000 7.814674 -4.750096 10.726024
1384187710429 80608718269766 3109102000000 4.596867 -10.266337 15.476120
1384187710556 80608845924796 3109212000000 1.072602 -12.871228 9.806650
1384187710658 80608947304190 3109322000000 1.379060 -9.653421 5.975927
1384187710760 80609049629630 3109432000000 3.830723 0.153229 11.185710
1384187710871 80609160835684 3109542000000 6.282385 6.742072 12.717999
1384187710983 80609272255362 3109652000000 6.895301 7.354988 8.887277
1384187711085 80609374672354 3109762000000 2.451663 7.354988 4.596867
1384187711208 80609497291983 3109872000000 -2.145205 2.911349 5.056554
1384187711320 80609609657706 3109982000000 -6.129157 -1.072602 6.435614
1384187711433 80609722298087 3110092000000 -7.508216 -1.838747 7.661446
1384187711552 80609841408194 3110202000000 -7.814674 -0.919373 7.201759
1384187711640 80609929634512 3110312000000 -7.661446 1.379060 7.661446
1384187711751 80610040596427 3110422000000 -6.742072 2.604892 7.661446
1384187711862 80610152077139 3110532000000 -6.742072 3.217807 7.048530
1384187711987 80610277107657 3110642000000 -6.129157 2.604892 8.121132
1384187712099 80610388283194 3110752000000 -6.129157 2.451663 7.814674
1384187712185 80610474464835 3110862000000 -7.048530 1.072602 8.121132
1384187712296 80610585915030 3110972000000 -5.975927 1.532289 7.048530
