1384187721653 80619942726553 3120322000000 2.298434 -4.443638 9.193734
1384187721765 80620055183829 3120432000000 3.217807 -2.911349 7.814674
1384187721877 80620166298331 3120542000000 4.596867 -2.911349 7.508216
1384187721987 80620276649893 3120652000000 9.806650 -3.830723 6.895301
1384187722099 80620388496817 3120762000000 7.201759 -9.193734 9.500193
1384187722210 80620499885977 3120872000000 3.217807 -16.548723 15.629349
1384187722322 80620611214102 3120982000000 0.306458 -13.024457 6.129157
1384187722433 80620722420157 3121092000000 1.072602 -8.427590 3.064578
1384187722544 80620833687247 3121202000000 5.363012 3.064578 11.645397
1384187722673 80620962501944 3121312000000 6.435614 6.742072 13.943830
1384187722759 80621048561514 3121422000000 3.371036 6.282385 8.734048
1384187722870 80621159920157 3121532000000 -1.532289 2.145205 4.750096
1384187722982 80621271278799 3121642000000 -6.282385 -2.758120 5.669470
1384187723093 80621382454337 3121752000000 -7.661446 -2.758120 6.742072
1384187723204 80621493782462 3121862000000 -7.814674 -2.145205 6.742072
1384187723307 80621596229971 3121972000000 -7.048530 0.459687 6.742072
1384187723418 80621707710684 3122082000000 -6.588843 -1.072602 7.048530
1384187723529 80621818733633 3122192000000 -4.596867 0.919373 6.282385
1384187723640 80621929970206 3122302000000 -6.129157 0.919373 8.427590
1384187723739 80622028908194 3122412000000 -6.129157 0.919373 7.661446
