1387360658634 576942653670217 516121000000 1.225831 -1.072602 10.266337
1387360658746 576942766005422 516231000000 1.072602 -0.612916 10.113108
1387360658869 576942889113332 516341000000 0.612916 -0.459687 10.113108
1387360658970 576942989668752 516451000000 -0.612916 0.919373 16.242264
1387360659066 576943085768606 516561000000 4.137181 -0.306458 16.855181
1387360659176 576943196120169 516671000000 1.225831 -0.306458 9.500193
1387360659288 576943307967092 516781000000 -0.459687 -1.838747 4.137181
1387360659417 576943436720754 516891000000 -5.209783 0.766145 0.612916
1387360659518 576943538435842 517001000000 -7.661446 2.758120 1.685518
1387360659620 576943640456106 517111000000 -8.734048 1.991976 4.290410
1387360659747 576943766798879 517221000000 -7.967903 1.532289 5.669470
1387360659832 576943852370169 517331000000 -7.967903 2.145205 5.822699
1387360659959 576943979201223 517441000000 -8.427590 1.685518 5.975927
1387360660061 576944080702688 517551000000 -7.661446 2.298434 5.822699
1387360660162 576944182387258 517661000000 -7.967903 2.911349 5.209783
1387360660290 576944310561086 517771000000 -8.121132 2.604892 5.669470
1387360660391 576944411269094 517881000000 -8.274362 0.919373 5.822699
