1387360680415 576964435072805 537891000000 7.661446 -2.911349 5.975927
1387360680528 576964547774221 538001000000 7.967903 -3.217807 5.516241
1387360680614 576964633742239 538111000000 7.814674 -2.911349 7.354988
1387360680727 576964746596243 538221000000 8.734048 -4.137181 11.798626
1387360680838 576964858321096 538331000000 9.193734 -4.596867 13.024457
1387360680949 576964969344046 538441000000 6.895301 -5.056554 12.105083
1387360681054 576965073897268 538551000000 3.983952 -3.677494 8.580819
1387360681174 576965194350149 538661000000 -1.072602 -1.991976 3.830723
1387360681286 576965306349661 538771000000 -5.822699 -0.153229 0.766145
1387360681397 576965417250540 538881000000 -7.201759 0.612916 -1.072602
1387360681508 576965528578665 538991000000 -9.653421 2.298434 -1.225831
1387360681620 576965639662649 539101000000 -9.806650 2.298434 0.306458
1387360681717 576965737166311 539211000000 -9.653421 1.685518 0.612916
1387360681823 576965843459036 539321000000 -9.040505 1.072602 1.685518
1387360681935 576965954756643 539431000000 -10.113108 1.072602 1.838747
1387360682051 576966071211721 539541000000 -9.653421 1.532289 1.072602
1387360682167 576966186964895 539651000000 -8.887277 0.766145 1.838747
